Año,Acreedores a L. P.,Acreedores comerciales,Activo circulante,Capital suscrito,Cash flow,Consumo de mercaderías y de materias,Deudas financieras,Deudores,Dotaciones para amortiz. de inmovil.,EBIT,EBITDA,Existencias,Fondo de maniobra,Fondos propios,Gastos de personal,Gastos extraordinarios,Gastos financieros,Gastos financieros y gastos asimilados,Importe neto Cifra de Ventas,Impuestos sobre sociedades,Ingresos de explotación,Ingresos extraordinarios,Ingresos financieros,Inmovilizado,Inmovilizado inmaterial,Inmovilizado material,Materiales,Número empleados,Otros Conceptos de Explotación,Otros activos fijos,Otros activos líquidos,Otros fondos propios,Otros gastos de explotación,Otros pasivos fijos,Otros pasivos líquidos,Pasivo fijo,Pasivo líquido,Provisiones,Result. ordinarios antes Impuestos,Resultado Actividades Ordinarias,Resultado Explotación,Resultado bruto,Resultado del Ejercicio,Resultado financiero,Resultados actividades extraordinarias,Tesorería,Total activo,Total pasivo y capital propio,Valor agregado
2023,91268.57,26131.2,275484.42000000004,4008.67,33601.479,183685.47999999998,n.d.,112520.57,23652.16,14114.6,37766.76,64949.25,151338.62,361421.77,227384.73,n.d.,1193.4,1193.4,569611.8300000001,2971.88,569611.8300000001,n.d.,0,262806.53,n.d.,36293.4,183685.48,7.0,-120774.86,226513.13,98014.599,357413.1,371811.75,0,59469.41,91268.57,85600.61,n.d.,12921.2,9949.32,14114.6,385926.35,9949.32,-1193.4,n.d.,97678.34,538290.9500000001,538290.9500000001,265151.49000000005
2022,106863.93,35010.42,255692.7,4008.67,23634.34,191568.31999999998,n.d.,91201.39,22394.95,3264.58,25659.53,83921.25,140112.22,351472.45,230400.74,n.d.,1612.06,1612.06,566517.25,413.13,566849.8,n.d.,0,286458.69,n.d.,59945.56,224540.32,6.0,-119221.209,226513.13,80570.06,347463.78,372016.9,0,48804.59,106863.93,83815.01,n.d.,1652.52,1239.389,3264.58,375281.48000000004,1239.389,-1612.06,n.d.,80233.8,542151.39,542151.39,256060.27
2021,121762.75,53140.77,273597.23000000004,4008.67,34041.850000000006,253946.87,n.d.,135689.77000000002,22936.95,17060.41,39997.36,50949.25,133498.25,350233.06,221057.12,n.d.,2253.8700000000003,2253.8700000000003,634258.66,3701.64,634258.66,n.d.,0,304774.51,n.d.,78261.38,253946.87,6.0,-119257.31,226513.13,86958.209,346224.39,363251.38,0,53235.159,121762.75,106375.93,n.d.,14806.54,11104.9,17060.41,380311.79000000004,11104.9,-2253.8700000000003,n.d.,86621.95,578371.74,578371.74,261054.48
2020,139277.46,29950.809999999998,232854.94,4008.67,26391.6,196240.91,n.d.,126204.13,18401.63,13356.29,31757.92,50949.25,147202.57,339128.16,170928.34,n.d.,2703,2703,499985.92,2663.32,499985.92,n.d.,0,354653.33,n.d.,99653.33,196240.91,6.0,-101058.75,255000.0,55701.56,335119.49000000005,290388.72000000003,0,79151.84,139277.46,109102.65,n.d.,10653.29,7989.969999999999,13356.29,303745.01,7989.969999999999,-2703,n.d.,55365.3,587508.2699999999,587508.2699999999,202686.26
2019,158863.27000000002,17243.89,234551.69,4008.67,-20440.460000000003,288683.43000000005,n.d.,89119.40999999999,24003.84,-79272.72,-55268.880000000005,92421.25,164296.77000000002,331138.19,197108.64,n.d.,1429.85,1429.85,510589.31,-36258.27,510589.31,n.d.,0,357552.35,n.d.,102552.35,238511.43,7.0,-80066.12000000001,255000.0,53011.03,327129.52,301178.6,0,84858.69,158863.27000000002,102102.58,n.d.,-80702.57,-44444.3,-79272.72,221905.87999999998,-44444.3,-1429.85,n.d.,53011.03,592104.04,592104.04,141839.76
2018,108539.58,24048.7,361710.51,6010.0,43246.0,180124.11000000002,n.d.,108924.26,32193.53,10348.99,42542.52,203365.25,288240.81,557853.37,198178.8,n.d.,1920.62,1920.62,518277.18,-2624.1,518277.18,n.d.,0,442676.64,n.d.,262676.64,180124.11000000002,7.0,-97431.75,180000.0,49421.0,551843.37,327804.079,43316.43,70629.069,151856.01,94677.77,n.d.,8428.369999999999,11052.47,10348.99,338153.07,11052.47,-1920.62,n.d.,49421.0,804387.15,804387.15,240721.319
2017,133266.87,36302.719999999994,358082.66,6010.0,24950.53,202893.86,n.d.,114515.64,32456.53,-4801.820000000001,27654.71,205890.97,284103.89,546800.9,191563.8,n.d.,2704.18,2691.58,528373.04,n.d.,528373.04,n.d.,0,474759.81,n.d.,294759.81,202893.86,7.0,-106260.67000000001,180000.0,37676.05,540790.9,330280.99900000007,45940.53,70531.45,179207.4,106834.17,n.d.,-7506.0,-7506.0,-4801.820000000001,325479.18,-7506.0,-2704.18,n.d.,37676.05,832842.47,832842.47,219205.909
2016,158030.14,19739.75,343984.71,6010.0,22893.01,183169.7,n.d.,117078.84,31873.43,-5986.07,25887.36,211240.97,308580.06,554306.9,185258.37,n.d.,2997.3500000000004,2997.3500000000004,510408.86,n.d.,510408.86,n.d.,3,495838.64,n.d.,315764.12,183169.7,7.0,-116093.43,180074.52,15664.9,548296.899,333225.23000000004,45940.53,61806.03,203970.67,81545.78,n.d.,-8980.42,-8980.42,-5986.07,327239.16,-8980.42,-2994.3500000000004,n.d.,15664.9,839823.3500000001,839823.3500000001,211148.729
2015,99519.78,31166.4,352003.19,6010.0,-28338.86,191263.21000000002,n.d.,157353.73,23788.32,-53500.57,-29712.25,166978.58,293165.91000000003,563287.3200000001,205469.78,n.d.,928.3399999999999,928.3399999999999,511621.95,-2298.51,511621.95,n.d.,3.22,507357.79,n.d.,327283.27,191263.21,7.0,-144601.21000000002,180074.52,27670.88,557277.3200000001,373859.31,45940.53,119446.95,145460.31,150613.34999999998,n.d.,-54425.69,-52127.18,-53500.57,320358.74,-52127.18,-925.12,n.d.,27670.88,859360.98,859360.98,175760.75
2014,59940.0,14429.449999999999,419045.03,6010.0,33508.68,162658.99,n.d.,168767.64,13509.27,26662.66,40171.93,166978.58,321316.76900000003,615414.5,173618.67,n.d.,0,n.d.,531517.65,6666.469999999999,534701.05,n.d.,3.22,378651.53,n.d.,198577.01,162658.99,7.0,-158251.46,180074.52,83298.81,609404.5,345379.4,48239.04,59673.569,108179.04,74103.02,n.d.,26665.88,19999.41,26662.66,372042.06,19999.41,3.22,n.d.,83298.81,797696.56,797696.56,213793.82
2013,59940.0,73308.72,438694.94,6010.0,35331.18,231277.31999999998,n.d.,213326.76,16035.81,25854.9,41890.71,166978.58,306996.62,595415.09,162499.67,n.d.,130.49,130.49,570111.39,6431.8,573814.49,n.d.,2.7600000000000002,392160.8,n.d.,212086.28,231277.32,6.0,-138146.79,180074.52,58389.6,589405.09,316682.27,46748.28999999999,55443.64,106688.29,128752.36,n.d.,25727.17,19295.37,25854.9,342537.17,19295.37,-127.73,n.d.,58389.6,830855.74,830855.74,204393.14
2012,77197.3,28194.19,384756.43000000005,6010.0,42620.350000000006,216909.49,n.d.,182185.49,26283.89,22690.88,48974.77,175531.9,329523.2,576119.72,157688.66,n.d.,954.37,954.37,559042.89,5445.469999999999,564474.09,n.d.,45.42,408196.61,n.d.,228122.09,216909.49,6.0,-140901.17,180074.52,27039.04,570109.72,324873.72000000003,44178.24,67263.59,121375.54,95457.78,n.d.,21781.93,16336.46,22690.88,347564.6,16336.46,-908.9499999999999,n.d.,27039.04,792953.04,792953.04,206708.849
2011,46123.68,22047.29,451320.9900000001,6010.0,32341.95,271831.31,n.d.,208684.11,20547.43,17122.3,37669.72899999999,175531.9,362168.72,559783.38,180237.87,n.d.,1599.87,1599.87,651141.89,3931.5,657249.49,n.d.,203.59,294480.5,n.d.,254405.98,271831.31,6.0,-167510.58,40074.52,67104.979,553773.38,368295.88,42183.03,75664.11,88306.70999999999,97711.4,n.d.,15726.02,11794.52,17122.3,385418.18,11794.52,-1396.28,n.d.,67104.979,745801.49,745801.49,218111.189
2010,74364.06,26218.45,544606.43,6010.0,39342.68,274125.24,n.d.,229416.56,29302.01,15508.83,44810.84,196765.62,399963.73,547988.8600000001,167620.29,n.d.,2302.6,2302.6,702653.58,3666.67,707561.08,n.d.,501.11,231827.93,n.d.,231753.41,274125.24,6.0,-221004.71000000002,74.52,118424.25,541978.859,417927.01,42659.11,85203.88,117023.17,111422.33,n.d.,13707.34,10040.67,15508.83,433435.83900000004,10040.67,-1801.489,n.d.,118424.25,776434.3600000001,776434.3600000001,212932.24
2009,109038.61,44601.33,581829.7,6010.0,76195.86,404574.83999999997,n.d.,243988.26,29302.01,68812.48,98114.489,196765.62,396152.55,537948.19,202942.9,n.d.,6069.04,6069.04,800665.3400000001,16386.22,801839.3400000001,n.d.,536.63,261129.94,n.d.,261055.42,404574.84,8.0,-96207.11,74.52,141075.81999999998,531938.19,328452.01900000003,40553.91,110817.6,149592.52,155418.93,n.d.,63280.07,46893.850000000006,68812.48,397264.49900000007,46893.850000000006,-5532.41,n.d.,141075.81999999998,842959.64,842959.64,301594.01900000003
2008,141924.09,24564,532191.939,6010.0,77710.70999999999,548283.31,n.d.,249276.81,29672.44,73974.77,103647.21,209285.92,433998.73,491054.34,190951.2,n.d.,8939.25,8939.25,975675.7,17387.89,976745.7,n.d.,390.64000000000004,290431.95,n.d.,290357.43000000005,548283.31,7.0,-133863.979,74.52,73629.20999999999,485044.34,354487.62,36429.87,128651.59,178353.96,153215.59,n.d.,65426.16,48038.27,73974.77,428462.389,48038.27,-8548.61,n.d.,73629.20999999999,822623.89,822623.89,294989.05
2007,189922.69,n.d.,563139.12,6010.0,87256.56,n.d.,n.d.,222549.74,29054.27,94078.22,123132.49,288854.82,511404.56,443016.07,201052.88,n.d.,15704.869999999999,15541.62,1091578.01,20370.420000000002,1092379.61,1.44,197.92000000000002,317184.39,234867.25,82242.62000000001,490775.54,8.0,n.d.,74.52,51734.56,437006.07,n.d.,n.d.,247384.75,189922.69,247384.75,n.d.,78571.27,58200.850000000006,94078.22,n.d.,58202.28999999999,-15506.949999999999,1.44,34363.08,880323.51,880323.51,324221.48000000004
2006,228677.78,n.d.,644194.059,6010.0,84982.88,n.d.,n.d.,314164.09,36949.84,76898.23,113848.069,223334.45,537498.54,317874.91000000003,201093.43,n.d.,8519.41,8519.41,1154907.86,20585.59,1155717.86,n.d.,239.81,338205.9,248108.22,90097.68,625723.16,10.0,n.d.,0.0,106695.519,311864.91000000003,n.d.,n.d.,435847.27,228677.78,435847.27,n.d.,68618.63,48033.04,76898.23,n.d.,48033.04,-8279.6,n.d.,80256.15000000001,982399.96,982399.96,315181.31
2005,273928.73000000004,n.d.,510489.05,6010.0,78680.549,n.d.,n.d.,286543.27,33559.310000000005,71970.53,105529.84,168071.25,454614.52,269841.87,183335.68,n.d.,7719.02,7719.02,1095779.27,19337.69,1095779.27,81.28,126.14,370475.74,269059.63,101416.11,594801.19,9.0,n.d.,0.0,55874.529,263831.87,n.d.,n.d.,337194.19,273928.73000000004,337194.19,n.d.,64377.65,45039.96,71970.53,n.d.,45121.24,-7592.88,81.28,21042.24,880964.7899999999,880964.7899999999,289072.94
2004,274879.96,n.d.,499808.84,6010.0,76003.64,n.d.,n.d.,241657.48,32077.33,69950.37000000001,102027.7,199321.62,440979.1,224720.63,184774.6,n.d.,9576.33,9556.33,1110919.08,16769.02,1110919.08,106.42,214.87,361342.83,241673,119669.83,527518.55,10.0,n.d.,0.0,58829.74,218710.63,n.d.,n.d.,361551.08,274879.96,361551.08,n.d.,60588.91,43819.89,69950.37000000001,n.d.,43926.310000000005,-9361.46,106.42,21423.61,861151.6699999999,861151.6699999999,287103.59
2003,325383.88,n.d.,454840.91,6010.0,65650.89,n.d.,n.d.,268622.2,29003.67,57826.08,86829.75,116791.36,385413.56,180794.32,188498.93,n.d.,6186.22,5546.85,1100130.14,15705.96,1100130.14,n.d.,713.3199999999999,384937.2,282710.79000000004,102226.41,570203.06,10.0,n.d.,0.0,69427.35,174784.31999999998,n.d.,n.d.,333599.91000000003,325383.88,333599.91000000003,n.d.,52353.18,36647.22,57826.08,n.d.,36647.22,-5472.9,n.d.,23470.83,839778.11,839778.11,275402.629
2002,27421.460000000003,n.d.,477570.43000000005,6010.0,51686.11,n.d.,n.d.,289005.08,24266.36,40850.21,65116.57,135806.87999999998,424811.96,144147.1,155448.61000000002,1604.71,2677.53,2610.03,984721.26,9968.55,984721.26,n.d.,820.329,79613.15000000001,42718.33,36894.82,485370.71,8.0,n.d.,0.0,52758.469,138137.1,n.d.,n.d.,385615.02,27421.460000000003,385615.02,n.d.,38993.01,29024.460000000003,40850.21,n.d.,27419.75,-1857.2,-1604.71,50984.09,557183.58,557183.58,219713.299
2001,43874.46,n.d.,443698.8,6010.0,48896.83,n.d.,n.d.,247728.87,24480.85,36444.94,60925.78999999999,122700.57,370429.44,116727.35,178207.14,0.08,4440.67,3743.6,848285.55,9759.55,848285.55,n.d.,2171.34,87418.43,51970.86,35447.57,327533.49000000005,9.0,n.d.,0.0,73269.35900000001,110717.35,n.d.,n.d.,370515.42,43874.46,370515.42,n.d.,34175.61,24416.06,36444.94,n.d.,24415.980000000003,-2269.3300000000004,-0.08,68918.0,531117.23,531117.23,240607.12
2000,65195.14,n.d.,394945.86,6010.120000000001,40846.039,n.d.,n.d.,232552.82,18312.87,30552.59,48865.46,84306.34,316859.16,92311.37,162993.72,11.450000000000001,1936.41,1936.41,761207.88,7842.08,761207.88,n.d.,1770.52,97474.99,61223.39,36251.6,365232.52,9.0,n.d.,0.0,78086.7,86301.25,n.d.,n.d.,334914.34,65195.14,334914.34,n.d.,30386.7,22544.62,30552.59,n.d.,22533.17,-165.89000000000001,-11.450000000000001,70126.73999999999,492420.85,492420.85,213618.25
1999,13246.04,n.d.,262134.6,6010.120000000001,9083.08,n.d.,n.d.,169770.71000000002,4757.94,6178.78,10936.72,87440.19,257210.9,69778.20999999999,132893.82899999997,n.d.,n.d.,n.d.,592913.7699999999,1853.6399999999999,592913.7699999999,n.d.,n.d.,44894.05,n.d.,44894.05,334869.56,6.0,n.d.,0.0,4923.7,63768.09,n.d.,n.d.,224004.41,13246.04,224004.41,n.d.,6178.78,4325.139,6178.78,n.d.,4325.14,n.d.,n.d.,4923.7,307028.66,307028.66,143830.549
