Año,Acreedores a L. P.,Acreedores comerciales,Activo circulante,Capital suscrito,Cash flow,Consumo de mercaderías y de materias,Deudas financieras,Deudores,Dotaciones para amortiz. de inmovil.,EBIT,EBITDA,Existencias,Fondo de maniobra,Fondos propios,Gastos de personal,Gastos extraordinarios,Gastos financieros,Gastos financieros y gastos asimilados,Importe neto Cifra de Ventas,Impuestos sobre sociedades,Ingresos de explotación,Ingresos extraordinarios,Ingresos financieros,Inmovilizado,Inmovilizado inmaterial,Inmovilizado material,Materiales,Número empleados,Otros Conceptos de Explotación,Otros activos fijos,Otros activos líquidos,Otros fondos propios,Otros gastos de explotación,Otros pasivos fijos,Otros pasivos líquidos,Pasivo fijo,Pasivo líquido,Provisiones,Result. ordinarios antes Impuestos,Resultado Actividades Ordinarias,Resultado Explotación,Resultado bruto,Resultado del Ejercicio,Resultado financiero,Resultados actividades extraordinarias,Tesorería,Total activo,Total pasivo y capital propio,Valor agregado
2023,n.d.,204806.41,103363.94,12020.240000000002,n.d.,741357.65,n.d.,240.12,n.d.,2010.3,2010.3,61989.58,-142576.71000000002,19714.72,166151.26,n.d.,0,n.d.,994558.11,n.d.,994558.11,n.d.,0,130749.12,n.d.,130111.25,741357.65,8.0,-85038.9,637.87,41134.24,7694.478999999999,251190.16,0,9591.93,n.d.,214398.34,n.d.,2010.3,2010.3,2010.3,253200.45899999997,2010.3,0,n.d.,37554.74,234113.06,234113.06,168161.56
2022,n.d.,212208.94999999998,110573.7,12020.240000000002,n.d.,725672.26,n.d.,11245.52,n.d.,-50828.78999999999,-50828.78999999999,64557.58,-136405.84999999998,17704.420000000002,180847.02,n.d.,0,n.d.,928758.9,n.d.,929009.85,n.d.,0,130749.12,n.d.,130111.25,725672.26,9.0,-73319.36,637.87,34770.6,5684.179,254166.37999999998,0,11409.45,n.d.,223618.4,n.d.,-50828.78999999999,-50828.78999999999,-50828.78999999999,203337.58899999998,-50828.78999999999,0,n.d.,34770.6,241322.82,241322.82,130018.229
2021,n.d.,330000.22000000003,101984.03,12020.240000000002,n.d.,800161.4400000001,n.d.,10682.42,n.d.,-52498.47,-52498.47,47661.58,-271656.22000000003,-105929.22,166926.16,n.d.,0,n.d.,987590.91,n.d.,987590.91,n.d.,0,130749.12,n.d.,130111.25,800161.4400000001,9.0,-73001.78,637.87,43640.03,-117949.46,239927.94,0,8662.15,n.d.,338662.37,n.d.,-52498.47,-52498.47,-52498.47,187429.47,-52498.47,0,n.d.,43640.03,232733.15,232733.15,114427.69
2020,n.d.,253386.87,78537.03,12020.240000000002,n.d.,683800.6799999999,n.d.,10764.720000000001,n.d.,-78521.35,-78521.35,43792.58,-198829.57,-53430.75,171283.41999999998,n.d.,0,n.d.,839186.74,n.d.,839186.74,n.d.,0,129370.95,n.d.,129370.95,683800.6799999999,10.0,-62623.99,n.d.,23979.73,-65450.99,233907.41,0,7951.860000000001,n.d.,261338.73,n.d.,-78521.35,-78521.35,-78521.35,155386.05899999998,-78521.35,0,n.d.,23979.73,207907.98,207907.98,92762.07
2019,n.d.,166517.83,85535.38,12020.240000000002,61521.350000000006,552806.53,n.d.,4826.91,23603.460000000003,37917.89,61521.350000000006,33567.58,-128123.339,25090.6,170467.18,n.d.,0,n.d.,846996.4400000001,n.d.,846996.4400000001,n.d.,0,113334.46,n.d.,113334.46,552806.53,9.0,-62201.380000000005,n.d.,47140.89,13070.359,256272.02,0,7261.41,n.d.,173779.24000000002,n.d.,37917.89,37917.89,37917.89,294189.90900000004,37917.89,0,n.d.,47140.89,198869.84,198869.84,231988.53
2018,n.d.,195242.47,66371.399,12020.240000000002,37196.259,571091,n.d.,n.d.,22730.6,14465.66,37196.259,33567.58,-161674.88999999998,-12827.29,210548.14,n.d.,0,n.d.,874182.7799999999,n.d.,874182.7799999999,n.d.,0,131394.109,n.d.,131394.109,571091.0,9.0,-55347.380000000005,n.d.,32803.82,-24847.53,288626.12,0,15350.33,n.d.,210592.8,n.d.,14465.66,14465.66,14465.66,303091.78,14465.66,0,n.d.,32803.82,197765.51,197765.51,247744.4
2017,n.d.,266314.28,96845.11,12020.240000000002,n.d.,660479.04,n.d.,n.d.,n.d.,22434.51,22434.51,69317.58,-196996.7,-27292.95,191763.21,n.d.,0,n.d.,914703.59,n.d.,914703.59,n.d.,0,153626.71000000002,n.d.,153626.71000000002,660479.04,10.0,-40026.83,n.d.,27527.53,-39313.19,231790.039,0,11450.49,n.d.,277764.77,n.d.,22434.51,22434.51,22434.51,254224.549,22434.51,0,n.d.,27527.53,250471.82,250471.82,214197.72
2016,n.d.,288210.31,102564.38,12020.240000000002,n.d.,607473.52,n.d.,n.d.,n.d.,10908.75,10908.75,58817.58,-229392.729,-49727.46,187073.4,n.d.,0,n.d.,843114.38,n.d.,843114.38,n.d.,0,153626.71000000002,n.d.,153626.71000000002,607473.52,10.0,-37658.71,n.d.,43746.8,-61747.7,224732.11000000002,0,17708.24,n.d.,305918.55,n.d.,10908.75,10908.75,10908.75,235640.86,10908.75,0,n.d.,43746.8,256191.09,256191.09,197982.15
2015,n.d.,294167.67,99676.91,12020.240000000002,n.d.,425153.29000000004,n.d.,714.9399999999999,n.d.,29629.31,29629.31,58817.58,-234635.149,-60636.21,184451.2,n.d.,0,n.d.,665920.88,n.d.,665920.88,n.d.,0,151794.64,n.d.,151794.64,425153.29,10.0,-26687.08,n.d.,40144.39,-72656.45,211138.28,0,17940.09,n.d.,312107.76,n.d.,29629.31,29629.31,29629.31,240767.59,29629.31,0,n.d.,40144.39,251471.55,251471.55,214080.51
2014,n.d.,338476.53,156872.0,12020.240000000002,n.d.,434006.4,n.d.,n.d.,n.d.,4521.2,4521.2,119136.58,-219339.95,-90265.52,168544.94999999998,n.d.,0,n.d.,629534.24,n.d.,629534.24,n.d.,0,110493.17,n.d.,110493.17,434006.4,10.0,-22461.69,n.d.,37735.419,-102285.76,191006.64,0,19154.16,n.d.,357630.69,n.d.,4521.2,4521.2,4521.2,195527.83899999998,4521.2,0,n.d.,16735.418999999998,267365.169,267365.169,173066.15
2013,n.d.,236878.3,125843.23,12020.240000000002,n.d.,415455.47000000003,n.d.,10281.44,n.d.,13523.59,13523.59,94136.58,-132460.279,-94786.72,178299.7,n.d.,0,n.d.,632568.43,n.d.,632568.43,n.d.,0,67516.72,n.d.,67516.72,415455.47,9.0,-25289.67,n.d.,21425.21,-106806.96,203589.37,0,51268.369,n.d.,288146.67,n.d.,13523.59,13523.59,13523.59,217112.96,13523.59,0,n.d.,21425.21,193359.95,193359.95,191823.29
2012,n.d.,296855.27,177205.86,12020.240000000002,n.d.,463210.72000000003,n.d.,769.2800000000001,n.d.,-7274.44,-7274.44,176436.58,-119649.41,-108310.31,171128.08,n.d.,0,n.d.,653758.2899999999,n.d.,653758.2899999999,n.d.,0,67516.72,n.d.,67516.72,463210.72,9.0,-26693.93,n.d.,n.d.,-120330.55,197822.009,0,56177.62,n.d.,353032.89,n.d.,-7274.44,-7274.44,-7274.44,190547.57,-7274.44,0,n.d.,n.d.,244722.58,244722.58,163853.639
2011,n.d.,430353.4,275935.26,12020.240000000002,33500.39,447948.06,n.d.,465.36,9554.630000000001,23945.76,33500.39,234636.58,-195251.46,-101035.87,162341.97999999998,n.d.,0,n.d.,659375.05,n.d.,659375.05,n.d.,0,67516.72,n.d.,67516.72,447948.06,8.0,-15584.62,n.d.,40833.32,-113056.11,187481.23,0,14134.45,n.d.,444487.85,n.d.,23945.76,23945.76,23945.76,211426.99,23945.76,0,n.d.,21493.32,343451.98000000004,343451.98000000004,195842.37
2010,n.d.,347784.78,160796.31999999998,12020.240000000002,n.d.,455789.23000000004,n.d.,2217.16,n.d.,29553.97,29553.97,113636.58,-231931.04,-124981.63,152859.18,n.d.,0,n.d.,651357.37,n.d.,651357.37,n.d.,0,75449.35,n.d.,75449.35,455789.23,9.0,-13154.99,n.d.,44942.58,-137001.87,166014.169,0,13442.52,n.d.,361227.3,n.d.,29553.97,29553.97,29553.97,195568.14,29553.97,0,n.d.,25602.58,236245.67,236245.67,182413.15
2009,n.d.,343649.1,129675.13,12020.240000000002,n.d.,557140.76,n.d.,288.78,n.d.,-57048.19,-57048.19,90136.58,-253223.74,-154535.6,148621.23,n.d.,0,n.d.,661031.3200000001,n.d.,661031.3200000001,n.d.,0,75449.35,n.d.,75449.35,557140.76,9.0,-12317.52,n.d.,39249.77,-166555.84,160938.75,0,16010.98,n.d.,359660.08,n.d.,-57048.19,-57048.19,-57048.19,103890.55900000001,-57048.19,0,n.d.,19909.77,205124.48,205124.48,91573.04
2008,n.d.,287545.93000000005,119029.85,12020.240000000002,n.d.,584770.3600000001,n.d.,n.d.,n.d.,-41482.94,-41482.94,79925.58,-207620.349,-97487.41,123435.2,n.d.,0,n.d.,682970.91,n.d.,682970.91,n.d.,0,75449.35,n.d.,75449.35,584770.3600000001,8.0,-16248.29,n.d.,39104.27,-109507.65,139683.49,0,4420.68,n.d.,291966.61,n.d.,-41482.94,-41482.94,-41482.94,98200.55,-41482.94,0,n.d.,19764.27,194479.2,194479.2,81952.26
2007,n.d.,n.d.,99626.43,12020.240000000002,n.d.,n.d.,n.d.,1197.85,n.d.,4870.05,4870.05,76503.58,77701.43,-56004.47,118346.65,n.d.,n.d.,n.d.,660294.42,n.d.,660294.42,n.d.,n.d.,75449.35,n.d.,75449.35,524930.339,8.0,n.d.,0,21924.999,-68024.70999999999,n.d.,n.d.,231080.25,n.d.,231080.25,n.d.,4870.05,4870.05,4870.05,n.d.,4870.05,n.d.,n.d.,21925,175075.78,175075.78,123216.7
2006,n.d.,n.d.,135685.81,12020.240000000002,n.d.,n.d.,n.d.,6546.6900000000005,n.d.,6985.39,6985.39,88784.47,95331.16,-60874.52,113141.86,n.d.,n.d.,n.d.,614451.2699999999,n.d.,614451.2699999999,n.d.,n.d.,65709.39,n.d.,65709.39,479999.57,8.0,n.d.,0,40354.649,-72894.76,n.d.,n.d.,262269.718,n.d.,262269.718,n.d.,6985.39,6985.39,6985.39,n.d.,6985.39,n.d.,n.d.,40354.65,201395.2,201395.2,120127.25
2005,n.d.,n.d.,115433.52,12020.240000000002,n.d.,n.d.,n.d.,6126.650000000001,n.d.,-4394.48,-4394.48,88784.47,94911.12,-67859.90999999999,89648.45999999999,n.d.,n.d.,n.d.,573415.03,n.d.,573415.03,n.d.,n.d.,65709.39,n.d.,65709.39,471915.24,7.0,n.d.,0,20522.4,-79880.15000000001,n.d.,n.d.,249002.82,n.d.,249002.82,n.d.,-4394.48,-4394.48,-4394.48,n.d.,-4394.48,n.d.,n.d.,20522.4,181142.91,181142.91,85253.98
2004,n.d.,n.d.,140114.07,12020.240000000002,n.d.,n.d.,n.d.,19206.55,n.d.,-16136.63,-16136.63,90064.47,109271.02,-63465.43,93604.34,n.d.,n.d.,n.d.,577017.02,n.d.,577017.02,n.d.,n.d.,65709.39,n.d.,65709.39,488323.34,7.0,n.d.,0,30843.05,-75485.67000000001,n.d.,n.d.,269288.89,n.d.,269288.89,n.d.,-16136.63,-16136.63,-16136.63,n.d.,-16136.63,n.d.,n.d.,30843.05,205823.46,205823.46,77467.709
2003,n.d.,n.d.,138318.15,12020.240000000002,n.d.,n.d.,n.d.,19277.82,n.d.,13984.82,13984.82,99996.47,119274.29,-47328.8,87067.81,n.d.,n.d.,n.d.,522758.43000000005,n.d.,522758.43000000005,n.d.,n.d.,65709.39,n.d.,65709.39,408078.87,7.0,n.d.,0,19043.858999999997,-59349.04,n.d.,n.d.,251356.34,n.d.,251356.34,n.d.,13984.82,13984.82,13984.82,n.d.,13984.82,n.d.,n.d.,19043.86,204027.54,204027.54,101052.63
2002,n.d.,n.d.,105860.31,12020.240000000002,n.d.,n.d.,n.d.,n.d.,n.d.,15667.51,15667.51,103844.63,103844.63,-61313.62,75511.04,n.d.,n.d.,n.d.,503910.06,n.d.,503910.06,n.d.,n.d.,64454.71,n.d.,64454.71,397802.51,5.0,n.d.,0,2015.6789999999999,-73333.86,n.d.,n.d.,231628.64,n.d.,231628.64,n.d.,15667.51,15667.51,15667.51,n.d.,15667.51,n.d.,n.d.,2015.6799999999998,170315.02,170315.02,91178.549
2001,n.d.,n.d.,74880.27,12020.240000000002,-45204.61,n.d.,n.d.,2245.03,12523.31,-57727.94,-45204.63,65349.37,67594.4,-76981.12000000001,64161.97,n.d.,n.d.,n.d.,483332.86,n.d.,483332.86,n.d.,0.02,57881.74,n.d.,57881.74,442521.7,6.0,n.d.,0,7285.87,-89001.36,n.d.,n.d.,209743.13,n.d.,209743.13,n.d.,-57727.92,-57727.92,-57727.94,n.d.,-57727.92,0.02,n.d.,7285.87,132762.01,132762.01,18957.36
2000,n.d.,n.d.,85462.97,12020.240000000002,n.d.,n.d.,n.d.,2943.7799999999997,n.d.,-27746.73,-27746.73,76828.7,79772.48,-19253.19,54812.0,n.d.,n.d.,n.d.,455274.98,n.d.,455274.98,n.d.,n.d.,69001.38,n.d.,69001.38,409616.26,5.0,n.d.,0,5690.49,-31273.43,n.d.,n.d.,173717.54,n.d.,173717.54,n.d.,-27746.73,-27746.73,-27746.73,n.d.,-27746.73,n.d.,n.d.,5690.48,154464.34999999998,154464.34999999998,27065.27
1999,n.d.,n.d.,79524.16,12020.240000000002,16805.53,n.d.,n.d.,2683.84,6680.81,10124.72,16805.53,51402.880000000005,54086.72,8493.53,47964.52,n.d.,n.d.,n.d.,448423.9,n.d.,448423.9,n.d.,n.d.,67819.2,n.d.,67819.2,365661.53,6.0,n.d.,0,25437.440000000002,-3526.709,n.d.,n.d.,138849.83,n.d.,138849.83,n.d.,10124.72,10124.72,10124.72,n.d.,10124.72,n.d.,n.d.,25437.440000000002,147343.36,147343.36,64770.049
