Año,Acreedores a L. P.,Acreedores comerciales,Activo circulante,Capital suscrito,Cash flow,Consumo de mercaderías y de materias,Deudas financieras,Deudores,Dotaciones para amortiz. de inmovil.,EBIT,EBITDA,Existencias,Fondo de maniobra,Fondos propios,Gastos de personal,Gastos extraordinarios,Gastos financieros,Gastos financieros y gastos asimilados,Importe neto Cifra de Ventas,Impuestos sobre sociedades,Ingresos de explotación,Ingresos extraordinarios,Ingresos financieros,Inmovilizado,Inmovilizado inmaterial,Inmovilizado material,Materiales,Número empleados,Otros Conceptos de Explotación,Otros activos fijos,Otros activos líquidos,Otros fondos propios,Otros gastos de explotación,Otros pasivos fijos,Otros pasivos líquidos,Pasivo fijo,Pasivo líquido,Provisiones,Result. ordinarios antes Impuestos,Resultado Actividades Ordinarias,Resultado Explotación,Resultado bruto,Resultado del Ejercicio,Resultado financiero,Resultados actividades extraordinarias,Tesorería,Total activo,Total pasivo y capital propio,Valor agregado
2023,2727289.29,391357.01,7471989.04,45075.91,1039353.28,7774733.470000001,510003.98000000004,1716429.02,295324.84,971162.66,1266487.5,3582172.27,4907244.28,9104903.33,3601367.13,n.d.,47286.07,47286.07,13480057.2,208543.25,13635704.5,n.d.,28695.1,6159690.74,90627.6,5658617.14,7774733.470000001,96.0,-993116.399,410446.0,2173387.75,9059827.42,4889808.37,32694.62,865431.55,2759983.9099999997,1766792.54,n.d.,952571.69,744028.4400000001,971162.66,5860971.03,744028.4400000001,-18590.97,n.d.,2170602.38,13631679.78,13631679.78,4896549.73
2022,3236149.04,841641.04,7489627.41,45075.91,1308855.76,8001378.14,571002.99,1316855.43,279742.77,1368729.34,1648472.11,3982016.32,4457230.71,8360874.89,3588586.26,n.d.,39160.01,39160.01,14225130.08,300624.35,14355712.18,n.d.,168.01,6095612.42,76630.20999999999,5603008.119999999,8001378.14,101.0,-1117275.6700000002,415974.09,2190755.66,8315798.98,4985604.698999999,43736.28999999999,531835.58,3279885.3299999996,1944479.61,n.d.,1329737.34,1029112.99,1368729.34,6354334.04,1029112.99,-38992.0,n.d.,2189513.99,13585239.83,13585239.83,5237226.379
2021,981286.3,1315908.1500000001,4978423.19,45075.91,1470318.86,7164422.03,158401.53,1057655.85,186839.3,1690994.64,1877833.94,2784746.58,2526494.2800000003,7331761.9,2997855.9,n.d.,13154.17,13154.17,12825279.48,394627.16,12825279.48,n.d.,266.25,5181581.1,109628.57,4810490.159999999,7164422.03,92.0,-785167.61,261462.37,1136020.76,7286685.99,3969862.809,55512.65,317133.76,1036798.9500000001,1791443.44,n.d.,1678106.72,1283479.56,1690994.64,5660857.45,1283479.56,-12887.92,n.d.,1079338.21,10160004.29,10160004.29,4875956.09
2020,468719.09,573030.01,3452883.69,45075.91,1143150.35,5825671.48,117234.23,780480.48,145652.56,1293574.58,1439227.14,1529173.6700000002,1736624.14,6048282.34,2401322.22,n.d.,6298.35,6298.35,10396880.94,290127.75,10396880.94,n.d.,349.31,4258113.08,65798.13,3917760.91,5825671.48,77.0,-730660.1,274554.04,1143229.54,6003206.430000001,3277634.88,67819.45999999999,435911.64,536538.55,1126175.88,n.d.,1287625.54,997497.79,1293574.58,4571209.459,997497.79,-5949.04,n.d.,1117716.31,7710996.77,7710996.77,3840898.67
2019,295539.38,360217.72000000003,3992143.72,45075.91,1412905.6700000002,5083324.7,105405.37000000001,724252.8400000001,137214.77000000002,1682297.93,1819512.7,1450683.12,1814718.24,5050784.55,2298684.99,n.d.,3994.15,3994.15,9042030.26,403075.06,9042030.26,n.d.,462.18,2134809.67,30818.29,2066313.34,5083324.7,75.0,159492.129,37678.04,1817207.76,5005708.64,2276407.63,80126.27,234880.1,375665.64999999997,700503.19,n.d.,1678765.96,1275690.9,1682297.93,3958705.559,1275690.9,-3531.9700000000003,n.d.,1792332.34,6126953.39,6126953.39,4118659.87
2018,221648.58,337892.78,3401733.95,45075.91,780926.47,4738875.609999999,120401.90999999999,667779.04,116269.37,846573.7,962843.07,1707946.27,2037832.53,3775093.65,2235919.64,n.d.,3918.48,3918.48,8653274.4,178580.6,8665621.75,n.d.,582.48,1282725.88,16708.8,1231303.25,4738875.609999999,76.0,-727983.43,34713.83,1026008.639,3730017.74,3080172.44,92433.08,136989.83,314081.66,595284.52,n.d.,843237.7,664657.1,846573.7,3926746.139,664657.1,-3336.0,n.d.,982083.33,4684459.83,4684459.83,3199345.19
2017,143896,429858.63,2852082.36,45075.91,694196.37,4894905.89,81571.38,677663.42,106131.5,780727.7,886859.2,1370332.39,1618137.1800000002,3110436.55,1979630.39,n.d.,4210.150000000001,4210.150000000001,8421750.106999999,188452.68,8425715.507,n.d.,0.0,1091612.4,12190.04,1041160.32,4894905.89,69.0,-664320.03,38262.04,804086.549,3065360.64,2750081.92,27040.57,150891.63,170936.57,662321.64,n.d.,776517.55,588064.87,780727.7,3530809.618,588064.87,-4210.150000000001,n.d.,751940.3300000001,3943694.76,3943694.76,2866489.59
2016,166396.94999999998,303756.95,2238960.55,45075.91,341662.26,3963183.05,82522.86,515893.97,114853.1,305859.82,420712.92,1082740.9,1294877.92,2522371.68,1797327.59,n.d.,4277.95,4277.95,6827002.03,75389.23999999999,6828937.930000001,n.d.,616.53,1067003.22,20411.85,1022489.37,3963183.05,62.0,-647714.37,24102.0,640325.6799999999,2477295.77,2559895.06,0,230915.33,166396.94999999998,617195.14,n.d.,302198.4,226809.16,305859.82,2865754.88,226809.16,-3661.42,n.d.,640325.6799999999,3305963.77,3305963.77,2218657.04
2015,177679.31,265915.11,1994513.55,45075.91,128388.6,3345211.16,61791.83,322477.84,110953.36,20575.06,131528.41999999998,1088130.12,1144692.85,2295562.52,1694030.89,n.d.,1720.06,1720.06,5803922.71,5485.45,5803922.71,n.d.,4065.69,1017992.76,24337.11,969553.65,3345211.16,61.0,-633152.24,24102.0,583905.59,2250486.61,2438136.491,0,211557.539,177679.31,539264.48,n.d.,22920.69,17435.238999999998,20575.06,2458711.55,17435.238999999998,2345.63,n.d.,583905.59,3012506.31,3012506.31,1829625.0
2014,3951.52,332799.97000000003,2021133.74,45075.91,113091.959,2772426.32,9417.52,370039.81,104822.93,10169.67,114992.599,1233860.47,1271100.31,2278127.2800000003,1754189.25,n.d.,174.45000000000002,174.45000000000002,5236046.7,4412.8,5245307.39,n.d.,2686.61,749466.8300000001,25651.38,566759.1799999999,2772426.32,62.0,-603699.22,157056.27000000002,417233.46,2233051.369,2462711.4,0,146304.28,3951.52,488521.77,n.d.,12681.83,8269.029,10169.67,2472881.07,8269.029,2512.16,n.d.,382607.45,2770600.57,2770600.57,1871868.46
2013,13369.04,147986.28,2100414.529,45075.91,172108.56,2472306.56,9325,577447.24,124468.3,28665.27,153133.57,721227.11,1150688.07,2269858.25,1675543.54,n.d.,456.72,456.72,4921216.07,15880.08,4921216.07,n.d.,35311.78999999999,472398.39,9753.67,458094.72,2472306.56,60.0,-620232.4,4550.0,801740.1799999999,2224782.34,2420244.239,0,132274.34999999998,13369.04,289585.63,n.d.,63520.34,47640.259,28665.27,2448909.51,47640.259,34855.07,n.d.,801740.1799999999,2572812.92,2572812.92,1863988.9
2012,n.d.,133564.14,2069288.48,45075.91,257862.22,2878622.42,n.d.,558169.65,127335.72,144975.37,272311.08900000004,596600.58,1021206.09,2322217.99,1447090.73,n.d.,300.35,300.35,5276512.5,43585.84,5276512.5,n.d.,29437.32,496377.21,19122.01,472705.2,2878622.42,58.0,-678488.26,4550.0,914518.25,2277142.08,2252914.71,0,109883.56,n.d.,243447.7,n.d.,174112.34,130526.5,144975.37,2397890.08,130526.5,29136.97,n.d.,914518.25,2565665.69,2565665.69,1748839.14
2011,1682.1599999999999,334600.05,2114333.83,45075.91,302520.71,3023987.94,n.d.,798454.8500000001,129743.42,214197.6,343941.02,549802.51,1013657.309,2191691.49,1404215.01,n.d.,306.16,306.16,5381613.659999999,57592.43,5381613.659999999,n.d.,16478.277000000002,557839.39,28669.21,524620.1799999999,3023987.94,57.0,-609469.69,4550.0,766076.47,2146615.58,2143428.12,0,144199.52,1682.1599999999999,478799.57,n.d.,230369.72,172777.29,214197.6,2357625.72,172777.29,16172.117,n.d.,766076.47,2672173.22,2672173.22,1764634.309
2010,11329.15,281110.21,1791791.1900000002,45075.91,283989.51,2555263.55,n.d.,680270.0,137258.97,196378.11,333637.079,571523.8300000001,970683.62,2018914.2,1402706.03,n.d.,526.3299999999999,526.3299999999999,4870616.930000001,54298.63,4872909.068999999,n.d.,5177.39,651539.26,36439.05,610550.21,2555263.55,59.0,-581302.41,4550.0,539997.3600000001,1973838.29,2121267.4099999997,0,131976.88999999998,11329.15,413087.1,n.d.,201029.17,146730.54,196378.11,2317645.519,146730.54,4651.06,n.d.,539997.3600000001,2443330.45,2443330.45,1741520.5
2009,33703.89,336094.09,1676225.08,45075.91,330473.08900000004,2658356.73,n.d.,665560.3300000001,128891.15,281456.34,410347.4900000001,310333.21,639799.4500000001,1872183.66,1201275.05,n.d.,2111.29,2111.04,4873608.88,77806.37000000001,4873608.88,n.d.,43.260000000000005,750622.61,47850.11,696522.5,2658356.73,46.0,-603629.61,6250.0,700331.54,1827107.75,1933795.8090000001,0,184866.05,33703.89,520960.14,n.d.,279388.31,201581.94,281456.34,2215252.15,201581.94,-2068.029,n.d.,616783.26,2426847.69,2426847.69,1611665.55
2008,69966.06,170166.47,1574394.72,45075.91,215310.21,2833380.9299999997,n.d.,728073.75,121013.89,121523.52,242537.41,296145.95,854053.23,1670601.72,1317169.9,n.d.,5610.0,5609.35,5030730.659999999,26847.4,5030730.659999999,n.d.,5230.2,770138.99,1259.3,764329.69,2833380.93,61.0,-637642.42,4550.0,550175.02,1625525.81,2075826.21,0,433799.459,69966.06,603965.93,n.d.,121143.72,94296.32,121523.52,2197349.73,94296.32,-379.8,n.d.,176182.3,2344533.71,2344533.71,1564936.8590000002
2007,32941.57,n.d.,1711023.94,45075.91,417235.65,n.d.,n.d.,988146.97,123588.87,410678.18,534267.05,409325.06,1397472.03,1576305.4,1082204.59,n.d.,7394.0,7394.0,5204089.13,111388.81,5204830.38,1497.83,253.58,758811.03,248906.93,505354.1,3060359.21,49.0,n.d.,4550.0,313551.90900000004,1531229.49,n.d.,n.d.,860588.0,32941.57,860588.0,n.d.,403537.76,292148.95,410678.18,n.d.,293646.78,-7140.42,1497.83,311836.71,2469834.97,2469834.97,1618223.05
2006,51716.65,n.d.,1391744.03,45075.91,535852.7799999999,n.d.,n.d.,865531.6699999999,120177.39,589126.63,709304.02,337975.59,1203507.26,1282658.62,722893.43,589.16,4908.17,4908.150000000001,4589911.08,191516.26,4590378.96,23314.08,248.269,662007.11,212722.87,443234.24,2655913.33,39.0,n.d.,6050.0,188236.769,1237582.71,n.d.,n.d.,719375.87,51716.65,719375.87,n.d.,584466.73,392950.47,589126.63,n.d.,415675.39,-4659.9,22724.920000000002,186349.82,2053751.14,2053751.14,1455170.6190000002
2005,102811.81,n.d.,1252105.55,45075.91,358483.03,n.d.,n.d.,521375.53,110575.65,376468.53,487044.18,398689.15,920064.68,866983.23,702435.3,n.d.,8695.26,8695.26,4025743.26,124242.25,4025743.26,640.12,3736.24,518648.13,245372.28,271775.85,2411021.12,38.0,n.d.,1500.0,332040.87,821907.3200000001,n.d.,n.d.,800958.64,102811.81,800958.64,n.d.,371509.51,247267.26,376468.53,n.d.,247907.38,-4959.02,640.12,325664.69,1770753.6800000002,1770753.6800000002,1193855.84
2004,116530.04,n.d.,1311701.6800000002,45075.91,175736.7,n.d.,n.d.,510814.84,98364.63,122356.64,220721.27,569980.7899999999,1080795.63,619075.8500000001,576606.65,6079.110000000001,10045.23,10045.23,3285891.55,34727.13,3285891.55,4340.38,1526.52,496853.48,237751.47,257602.01,2043648.51,37.0,n.d.,1499.999,230906.05,573999.9400000001,n.d.,n.d.,1072949.27,116530.04,1072949.27,n.d.,113837.93,79110.799,122356.64,n.d.,77372.07,-8518.710000000001,-1738.73,221871.7,1808555.16,1808555.16,797115.71
2003,6327.2,n.d.,729397.19,45075.91,162089.479,n.d.,n.d.,310321.73000000004,72443.42,135113.37,207556.789,160741.34,471063.069,541703.7799999999,505196.12,1665.35,10246.22,10246.22,2793843.73,39299.5,2793843.73,3204.79,2538.9700000000003,286885.66,22815.19,263708.82,1724601.6,36.0,n.d.,361.64900000000006,258334.12,496627.87,n.d.,n.d.,468251.87,6327.2,468251.87,n.d.,127406.12,88106.62000000001,135113.37,n.d.,89646.06,-7707.25,1539.44,257836.06,1016282.85,1016282.85,716831.3200000001
2002,21788.99,n.d.,684247.24,45075.91,174510.41,n.d.,n.d.,259416.95,73593.32,140963.73,214557.05,222090.86,481507.81,452057.72,425250.69,199.02,15267.09,15267.09,2502001.54,29212.54,2504109.75,3286.69,1345.32,306466.03,38398.1,267267.44,1532756.1800000002,30.0,n.d.,800.49,202739.43,406981.809,n.d.,n.d.,516866.56,21788.99,516866.56,n.d.,127041.96,97829.42,140963.73,n.d.,100917.09,-13921.77,3087.67,201542.43,990713.27,990713.27,644240.73
2001,4829.23,n.d.,640717.9,45075.91,121778.62,n.d.,n.d.,224815.32,67926.48,104543.16,172469.64,230008.43,454823.75,351140.62,362558.94,13378.33,13118.28,13110.41,2286938.17,24789.19,2287543.989,399.92999999999995,194.829,282559.9,34064.09,247595.32,1531091.74,26.0,n.d.,900.49,185894.15,306064.70900000003,n.d.,n.d.,567307.9600000001,4829.23,567307.9600000001,n.d.,91619.73,66830.539,104543.16,n.d.,53852.14,-12923.44,-12978.4,184997.09,923277.81,923277.81,522237.16
2000,10035.11,n.d.,614974.4,45075.91,99107.02,n.d.,n.d.,194970.76,67869.20999999999,79465.85,147335.06,406101.5,601072.26,297288.47000000003,336749.16,24822.45,15374.76,15374.76,1962018.19,13387.63,1963856.39,5148.08,208.71,325958.27,40372.2,284770.97000000003,1233483.44,25.0,n.d.,815.1,13902.14,252212.559,n.d.,n.d.,633609.08,10035.11,633609.08,n.d.,64299.8,50912.17,79465.85,n.d.,31237.81,-15166.05,-19674.37,11803.4,940932.66,940932.66,464618.57
1999,44809.33,n.d.,395838.9900000001,45075.91,106820.94,n.d.,n.d.,280890.54,69774.67000000001,61353.2,131127.87,102241.84,383132.38,266050.669,250242.72,2788.3100000000004,14501.23,14497.86,1579416.03,20481.34,1582235.41,11079.5,2384.44,365795.98,29381.71,336138.02,1008595.13,20.0,n.d.,276.249,12706.61,220974.759,n.d.,n.d.,450774.97,44809.33,450774.97,n.d.,49236.42,28755.079,61353.2,n.d.,37046.27,-12116.78,8291.19,6883.4,761634.9600000001,761634.9600000001,392042.86
