Año,Acreedores a L. P.,Acreedores comerciales,Activo circulante,Capital suscrito,Cash flow,Consumo de mercaderías y de materias,Deudas financieras,Deudores,Dotaciones para amortiz. de inmovil.,EBIT,EBITDA,Existencias,Fondo de maniobra,Fondos propios,Gastos de personal,Gastos extraordinarios,Gastos financieros,Gastos financieros y gastos asimilados,Importe neto Cifra de Ventas,Impuestos sobre sociedades,Ingresos de explotación,Ingresos extraordinarios,Ingresos financieros,Inmovilizado,Inmovilizado inmaterial,Inmovilizado material,Materiales,Número empleados,Otros Conceptos de Explotación,Otros activos fijos,Otros activos líquidos,Otros fondos propios,Otros gastos de explotación,Otros pasivos fijos,Otros pasivos líquidos,Pasivo fijo,Pasivo líquido,Provisiones,Result. ordinarios antes Impuestos,Resultado Actividades Ordinarias,Resultado Explotación,Resultado bruto,Resultado del Ejercicio,Resultado financiero,Resultados actividades extraordinarias,Tesorería,Total activo,Total pasivo y capital propio,Valor agregado
2023,103148.05,118641.3,377928.93000000005,3005.06,64535.22,493485.06,1328.8,49322.5,27432.88,52509.96,79942.84,150830.66,81511.86,863312.81,248919.47,n.d.,4325.110000000001,4325.110000000001,911402.58,11082.51,939284.98,n.d.,0,1328352.51,n.d.,880239.24,493485.06,8,-116937.61,448113.26900000003,177775.77000000002,860307.75,393289.96,6298.98,613551.5,109447.03,733521.6,n.d.,48184.850000000006,37102.34,52509.96,445799.92000000004,37102.34,-4325.110000000001,n.d.,83920.06,1706281.44,1706281.44,328862.31
2022,103148.05,169251.05,317172.8,3005.06,28023.63,310129.96,11172.59,21428.5,27704.83,2195.03,29899.86,150830.66,3008.11,826210.47,378663.08,n.d.,1783.6799999999998,1783.6799999999998,775549.23,92.55,834903.059,n.d.,0,1356727.1700000002,n.d.,900192.12,310129.96,11,-116210.16100000001,456535.05,144913.639,823205.41,522578.071,7852.2,556265.61,111000.25,736689.25,n.d.,411.35,318.8,2195.03,524773.0989999999,318.8,-1783.6799999999998,n.d.,113069.93,1673899.97,1673899.97,408562.94
2021,114320.64,182642.83,316301.06,3005.06,28754.899,238719.12,26997.4,35111.16,26123.16,3983.68,30106.84,151563.47,4031.8,825891.6699999999,380902.85,n.d.,1922.12,1922.12,556518.4500000001,-570.08,610570.4400000001,n.d.,0.1,1274136.86,n.d.,814921.81,254669.13,12,39158.369,459215.05,129626.43,822886.61,367867.639,8349.42,432235.959,122670.06,641876.19,n.d.,2061.659,2631.739,3983.68,371851.319,2631.739,-1922.02,n.d.,51263.77,1590437.92,1590437.92,411009.788
2020,127187.95999999999,58552.52,442163.63,3005.06,60660.359,99102.29,50520.11,49357.66,17240.37,71588.85,88829.22,134880.65,125685.79,823259.93,325878.01,n.d.,2440.8700000000003,2440.8700000000003,636454.43,25727.99,693153.47,n.d.,0,1078082.75,n.d.,819552.14,99102.29,11,-179343.94999999998,258530.61000000002,257925.32,820254.87,522462.33,9246.97,451478.89,136434.93,560551.52,n.d.,69147.98,43419.989,71588.85,594051.1799999999,43419.989,-2440.8700000000003,n.d.,181915.3,1520246.38,1520246.38,414707.23
2019,141533.53,52749.340000000004,375395.76,3005.06,58780.310000000005,61547.37,30858.67,12196.07,15210.04,74425.28,89635.32,133776.75,93223.48,438518.77,516210.48,n.d.,6450.27,6450.27,836722.8300000001,24424.82,905186.58,n.d.,20.08,1094124.77,n.d.,832114.16,62138.01,17,-237793.41,262010.61000000002,229422.94,435513.71,769213.93,7414.04,798446.1799999999,148947.57,882054.19,n.d.,67995.09,43570.27,74425.28,843639.21,43570.27,-6430.1900000000005,n.d.,153412.91999999998,1469520.53,1469520.53,605865.88
2018,147334.61000000002,16299.39,315999.8,3005.06,51644.979,32721.9,52974.55,114091.16,13681.87,68254.2,81936.069,133186.109,230977.879,394948.5,463947.4,n.d.,2389.49,2389.49,653819.54,27905.32,707252.51,n.d.,3.72,1113312.01,n.d.,887261.4,32721.9,14,-128647.14,226050.61000000002,68722.53,391943.44,606276.41,4971.56,812783.2,152306.17,882057.14,n.d.,65868.429,37963.109,68254.2,674530.61,37963.109,-2385.77,n.d.,7367.02,1429311.81,1429311.81,545887.1889999999
2017,158020.41999999998,19385.38,432982.65,3005.06,-896.3689999999999,6780.339,n.d.,88428.67000000001,18439.79,-1561.05,16878.74,242152.66,311195.95,354025.91000000003,528814.2699999999,n.d.,12802.91,12802.91,644801.41,4972.2,706504.97,n.d.,0,964486.63,n.d.,748566.63,73168.0,18,-154031.62,215920,102401.32,351020.85,701285.6799999999,2181.03,863856.54,160201.44999999998,883241.92,n.d.,-14363.96,-19336.16,-1561.05,699724.63,-19336.16,-12802.91,n.d.,n.d.,1397469.28,1397469.28,545693.01
2016,179035.27000000002,3069.3100000000004,651044.3500000001,3005.06,37371.25,42383.05,n.d.,154916.76,23506.52,33772.71,57279.22899999999,329765,481612.45,382850.04,631864.54,n.d.,16289.46,15189.86,828396.1699999999,3618.52,853129.53,n.d.,0,827155.7,n.d.,821334.8400000001,42383.05,24,-121602.70999999999,5820.860000000001,166362.59,379844.98,776973.7699999999,1683.81,911561.62,180719.08,914630.93,n.d.,17483.25,13864.73,33772.71,810746.48,13864.73,-16289.46,n.d.,9698.359999999999,1478200.05,1478200.05,688044.1699999999
2015,221201.51,92571.43,1001520.99,3005.06,-198126.17,789414.1,n.d.,488548.25,27028.980000000003,-197250.73,-170221.75,329765,725741.8200000001,368985.31,895430.25,n.d.,20505.719,18295.44,1847695.56,7398.7,1871740.74,n.d.,0,257890.23,n.d.,257890.23,789414.1,31,-357118.13999999996,n.d.,183207.74,365980.25,1279577.37,6560.73,570092.24,227762.24000000002,662663.6699999999,n.d.,-217756.45,-225155.15,-197250.73,1082326.6400000001,-225155.15,-20505.719,n.d.,182305.97,1259411.22,1259411.22,722998.22
2014,244006.9,99901.65000000001,1301825.55,3005.06,-69362.2,161091.21000000002,n.d.,351470.78,27467.66,-82362.17000000001,-54894.509,949453,1201022.13,594140.4600000001,631125.37,n.d.,15503.13,15024.75,938315.96,3175.4500000000003,955115.96,n.d.,4210.89,284221.69,n.d.,284221.69,161091.21000000002,22,-217793.88999999998,n.d.,901.77,591135.4,876386.92,5820.860000000001,642177.37,249827.76,742079.02,n.d.,-93654.41,-96829.86,-82362.17000000001,794024.75,-96829.86,-11292.239,n.d.,n.d.,1586047.24,1586047.24,579963.37
2013,249541.24000000002,142177.47,1344704.21,3005.06,40630.06,490706.54,n.d.,416811.58,33211.83,39903.14,73114.97,850888.7,1125522.81,690970.3200000001,941180.82,n.d.,45164.13,42125.91,1719063.6900000002,3427.25,1742018.2,n.d.,16106.47,311689.35,n.d.,311689.35,490706.54,32,-237015.87,n.d.,77003.93,687965.26,1211408.52,5820.860000000001,567883.6699999999,255362.1,710061.14,n.d.,10845.48,7418.23,39903.14,1251311.6600000001,7418.23,-29057.66,n.d.,76102.16,1656393.56,1656393.56,1027364.039
2012,239753.94,74842.66,1146597.4,3005.06,41585.850000000006,381838.6,n.d.,176113.77000000002,33467.25,75810.38,109277.63,672423.5,773694.61,683552.09,915009.76,n.d.,63071.68,61353.42,1562034.72,5480.110000000001,1588031.1700000002,n.d.,860.01,344901.18,n.d.,344901.18,381838.6,29,-181905.18,n.d.,298060.13,680547.03,1130382.1900000002,5820.860000000001,487529.029,245574.8,562371.69,n.d.,13598.71,8118.599,75810.38,1206192.5690000001,8118.599,-62211.67,n.d.,297158.36,1491498.58,1491498.58,1023429.14
2011,267687.01,157035.25,1691191.65,3005.06,52381.909,1233277.84,n.d.,1289286.05,30943.82,103506.57,134450.38999999998,261218.2,1393469.0,669580.8200000001,3041741.24,n.d.,73443.989,69951.7,4574618.19,8647.26,4595740.7,n.d.,22.77,361368.43000000005,n.d.,361368.43000000005,1233277.84,94,-186271.23,n.d.,140687.4,666575.76,3258956.29,5820.860000000001,952436.14,273507.87,1109471.39,n.d.,30085.35,21438.089,103506.57,3362462.86,21438.089,-73421.219,n.d.,139785.63,2052560.08,2052560.08,3172722.11
2010,296040.97000000003,102943.22,1365942.36,3005.06,48837.95,876203.14,n.d.,955173.82,20002.31,105544.32,125546.63,132765,984995.599,648132.88,2275362.76,n.d.,67098.33,57268.17,3453904.99,9611.88,3491270.72,n.d.,1.53,358655.43000000005,n.d.,355522.69,876203.14,80,-214158.19,3132.74,278003.54,645127.8200000001,2509523.2600000002,5820.860000000001,671659.8600000001,301861.83,774603.08,n.d.,38447.52,28835.64,105544.32,2615067.58,28835.64,-67096.8,n.d.,277591.77,1724597.79,1724597.79,2391080.76
2009,298486.12,85736.72,894126.47,3005.06,231645.479,187370.17,n.d.,390291.07,12607.26,345073.57,357680.83,132765,437319.35,619297.24,762816.52,n.d.,40747.72,38349.53,1337723.21,85287.64,1386917.56,n.d.,0.01,278558.19,n.d.,275425.45,187370.17,32,-79050.04,3132.74,371070.399,616292.1789999999,854473.8200000001,5820.860000000001,163343.72,304306.98000000004,249080.44,n.d.,304325.86,219038.219,345073.57,1199547.3900000001,219038.219,-40747.71,n.d.,370512.1,1172684.66,1172684.66,1118099.1700000002
2008,309135.59,85292.81,683837.41,3005.06,-32870.91,149920.4,n.d.,476237.44,16589.3,-51087.89,-34498.59,132765,523709.629,400259.02,139712.34999999998,n.d.,14218.64,12235.0,262131.96,-15593.23,301016.8,n.d.,253.09,271537.04,n.d.,239801.16,149920.4,5,-45882.64,31735.88,74834.97,397253.959,202184.289,0,160687.02899999998,309135.59,245979.84,n.d.,-65053.44,-49460.21,-51087.89,151096.4,-49460.21,-13965.55,n.d.,n.d.,955374.45,955374.45,103483.21
2007,62656.41,n.d.,464827.9900000001,3005.06,-24657.699,n.d.,n.d.,331651.22000000003,15875.44,-51535.41,-35659.97,132765,464416.22,450752.21,152490.05,n.d.,6740.07,6740.07,740112.75,-13511.04,746008.71,4231.3,n.d.,263595.13,43326.67,217844.47,561296.07,6,n.d.,2423.9900000000002,411.77,447747.15,n.d.,n.d.,215014.5,62656.41,215014.5,n.d.,-58275.48,-44764.44,-51535.41,n.d.,-40533.14,-6740.07,4231.3,411.77,728423.12,728423.12,121061.38
2006,67111.89,n.d.,1193770.89,3005.06,35418.39,n.d.,n.d.,1029313.54,14450.42,41078.91,55529.33,132765,1162078.54,491285.35,216909.62,n.d.,12113.86,12113.86,1765455.77,8986.26,1783486.1900000002,703.07,286.11,172796.9,43326.67,129146.23999999999,1416424.96,9,n.d.,323.989,31692.349,488280.29,n.d.,n.d.,808170.55,67111.89,808170.55,n.d.,29251.16,20264.9,41078.91,n.d.,20967.97,-11827.75,703.07,31635.09,1366567.79,1366567.79,273428.13
2005,237697.34,n.d.,985812.54,3005.06,60620.21,n.d.,n.d.,436111.93000000005,11584.48,73065.31,84649.79,463265,899376.929,470317.38,195829.37,n.d.,4203.94,4203.94,1575580.37,21015.3,1596446.98,1189.6599999999999,n.d.,180737.3,43326.67,137098.66,1228082.22,8,n.d.,311.969,86435.61,467312.32,n.d.,n.d.,458535.12,237697.34,458535.12,n.d.,68861.37000000001,47846.069,73065.31,n.d.,49035.73,-4203.94,1189.6599999999999,86139.70999999999,1166549.84,1166549.84,281668.82
2004,n.d.,n.d.,485446.46,3005.06,15242.54,n.d.,n.d.,62208.94,8836.19,6480.620000000001,15316.81,416774.5,478983.44,421281.65,198642.26,n.d.,14.23,14.23,960734.9,2745.59,965783.42,n.d.,2685.55,161902.41,26973.22,134629.24000000002,667853.02,7,n.d.,299.95,6463.02,418276.59,n.d.,n.d.,226067.219,n.d.,226067.219,n.d.,9151.94,6406.35,6480.620000000001,n.d.,6406.35,2671.32,n.d.,6463.02,647348.87,647348.87,216644.62
2003,5253.110000000001,n.d.,574471.12,3005.06,201806.729,n.d.,n.d.,398455.9900000001,12087.36,284639.12,296726.48000000004,n.d.,398455.9900000001,414875.3,210209.14,n.d.,525.6700000000001,525.6700000000001,1486982.76,95233.52,1487403.47,n.d.,839.4399999999999,96734.77,9230.08,87465.43,773508.51,10,n.d.,39.260000000000005,176015.13,411870.24,n.d.,n.d.,251077.48,5253.110000000001,251077.48,n.d.,284952.89,189719.37,284639.12,n.d.,189719.37,313.77,n.d.,176015.13,671205.89,671205.89,507775.06
2002,9230.58,n.d.,183778.03,3005.06,78575.299,n.d.,n.d.,164376.81,2722.15,98886.1,101608.25,n.d.,164376.81,225155.93,212320.28,n.d.,47.83,47.83,1369067.87,33909.25,1369067.87,10362.28,561.8499999999999,109684.39,12481.25,96301.62000000001,943896.5,9,n.d.,901.52,19401.22,222150.87,n.d.,n.d.,59075.91,9230.58,59075.91,n.d.,99400.12,65490.869,98886.1,n.d.,75853.15000000001,514.02,10362.28,19401.22,293462.42000000004,293462.42000000004,324852.66
2001,13345.02,n.d.,160470.91999999998,3005.06,77106.959,n.d.,n.d.,139007.5,3900.98,109314.34,113215.319,n.d.,139007.5,149302.78,111156.59,n.d.,3628.41,3628.41,789336.72,32483.85,789336.72,n.d.,3.9,52558.91,12481.25,39176.14,516303.71,5,n.d.,901.52,21463.42,146297.72,n.d.,n.d.,50382.03,13345.02,50382.03,n.d.,105689.83,73205.98,109314.34,n.d.,73205.98,-3624.51,n.d.,20272.17,213029.83,213029.83,224375.81
2000,16657.57,n.d.,123042.78,3005.06,85413.36,n.d.,n.d.,102525.37,4970.59,117272.21,122242.8,n.d.,102525.37,76096.8,40495.96,n.d.,718.39,718.39,382601.4,36380.59,382601.4,n.d.,269.54,17283.2,16381.69,n.d.,197969.91,n.d.,n.d.,901.51,20517.41,73091.73999999999,n.d.,n.d.,47571.61,16657.57,47571.61,n.d.,116823.36,80442.77,117272.21,n.d.,80442.77,-448.85,n.d.,18529.18,140325.97999999998,140325.97999999998,163008.3
1999,,,,,,,,,,,,,,,,,,,,,,,,,,,,,,,,,,,,,,,,,,,,,,,,,
