Año,Acreedores a L. P.,Acreedores comerciales,Activo circulante,Capital suscrito,Cash flow,Consumo de mercaderías y de materias,Deudas financieras,Deudores,Dotaciones para amortiz. de inmovil.,EBIT,EBITDA,Existencias,Fondo de maniobra,Fondos propios,Gastos de personal,Gastos extraordinarios,Gastos financieros,Gastos financieros y gastos asimilados,Importe neto Cifra de Ventas,Impuestos sobre sociedades,Ingresos de explotación,Ingresos extraordinarios,Ingresos financieros,Inmovilizado,Inmovilizado inmaterial,Inmovilizado material,Materiales,Número empleados,Otros Conceptos de Explotación,Otros activos fijos,Otros activos líquidos,Otros fondos propios,Otros gastos de explotación,Otros pasivos fijos,Otros pasivos líquidos,Pasivo fijo,Pasivo líquido,Provisiones,Result. ordinarios antes Impuestos,Resultado Actividades Ordinarias,Resultado Explotación,Resultado bruto,Resultado del Ejercicio,Resultado financiero,Resultados actividades extraordinarias,Tesorería,Total activo,Total pasivo y capital propio,Valor agregado
2023,117904.61,674543.89,1550766.16,3005.1,216603.789,3250837.58,46903.9,736904.8,28930.69,258943.13,287873.82,269403.87,331764.78,973879.93,361925.02,n.d.,13417.55,13417.55,4264306.08,58185.01,4264306.08,n.d.,332.53,321010.89,n.d.,136663.76,3250837.58,8.0,-363669.66,184347.13,544457.49,970874.83,754525.37,0,58544.72,117904.61,779992.51,n.d.,245858.11,187673.099,258943.13,1013468.5,187673.099,-13085.019,n.d.,359169.53,1871777.05,1871777.05,650131.37
2022,96869.89,631276.41,1376540.99,3005.1,197534.039,2895586.15,66053.90999999999,617543.4,28634.24,227238.83,255873.069,265586.96,251853.95,836206.8300000001,305638.72000000003,n.d.,6543.38,6543.38,3746028.8,51814.58,3747559.96,n.d.,18.93,320375.69,n.d.,130525.09,2895586.15,8.0,-290462.02,189850.599,493410.63,833201.73,624734.98,0,66509.64,96869.89,763839.9600000001,n.d.,220714.38,168899.8,227238.83,851973.81,168899.8,-6524.45,n.d.,284554.25,1696916.6800000002,1696916.6800000002,561530.72
2021,76032.89,586571.7899999999,1206627.39,3005.1,181853.81,2251099.27,22083.27,590411.98,24922.41,218547.06,243469.47,250402.93,254243.119,673720.02,178885.11000000002,n.d.,7148.63,7148.63,2766958.05,54467.03,2888423.05,n.d.,0,231758.7,n.d.,76908.1,2251099.27,8.0,-214969.199,154850.6,365812.48,670714.92,418776.72000000003,0,79978.12000000001,76032.89,688633.1799999999,n.d.,211398.43,156931.4,218547.06,637323.7789999999,156931.4,-7148.63,n.d.,169385.59,1438386.09,1438386.09,422354.579
2020,213359.26,306390.05,948118.99,3005.1,53527.18,1546942.84,84768.89,382963.05,29220.67,45933.77,75154.43999999999,314458.29000000004,391031.29,553713.26,149809.83,n.d.,11927.289,11741.9,1960387.48,9699.97,1975084.31,n.d.,0,247563.09,n.d.,92712.49,1546942.84,8.0,-203177.199,154850.6,250697.65,550708.16,382207.699,0,37450.62,213359.26,428609.56,n.d.,34006.48,24306.51,45933.77,428141.47000000003,24306.51,-11927.289,n.d.,67901.78,1195682.08,1195682.08,224778.879
2019,43020.14,588024.06,1282816.95,3005.1,100771.03,2520566.4499999997,263381.72900000005,645452.07,38030.12,96706.99,134737.11000000002,331631.66,389059.669,566356.62,228893.82,n.d.,10264.06,9221.18,3166588.09,23702.02,3172718.06,n.d.,0,276783.76,n.d.,121933.16,2520566.45,8.0,-288520.68,154850.6,305733.22000000003,563351.52,555444.62,0,98818.16,43020.14,950223.95,n.d.,86442.93,62740.909,96706.99,652151.6089999999,62740.909,-10264.06,n.d.,190737.31999999998,1559600.71,1559600.71,362588.05
2018,101519.77,674592.6699999999,1327108.36,3005.1,91668.85,2583900.09,251974.24000000002,619276.3,38131.6,86093.34,124224.94,383176.0,327859.63,540540.3500000001,225795.39,n.d.,14837.32,14309.65,3236117.18,17718.77,3243063.94,n.d.,0,329168.3,298.44,174019.26,2583900.09,12.0,-309143.52,154850.6,324656.06,537535.25,573070.51,0,87649.63,101519.77,1014216.54,n.d.,71256.02,53537.25,86093.34,659163.8500000001,53537.25,-14837.32,n.d.,249198,1656276.66,1656276.66,349492.66
2017,167277.53,593168.71,1290145.46,3005.1,80108.97,2362613.59,307863.76,660627.1,44326.04,71305.81,115631.85,478829.19,546287.58,487003.1,228043.0,n.d.,25292.06,25292.06,2932662.91,10457.88,2947047.91,n.d.,227.06,352011.91000000003,2255.18,200607.34,2362613.59,12.0,-240759.47,149149.38999999998,150689.17,483998.0,513128.509,0,86844.27,167277.53,987876.74,n.d.,46240.810000000005,35782.93,71305.81,584434.3200000001,35782.93,-25065.0,n.d.,120014.20999999999,1642157.37,1642157.37,343901.91000000003
2016,198686.42,540987.8,1232477.39,3005.1,99814.19,2292661.9099999997,309816.05,619992.0,39455.21,110619.32,150074.53,452912.57,531916.7699999999,451220.17,201579.03,n.d.,36177.74,31761.32,2718604.59,14147.44,2718641.46,n.d.,64.84,399182.91,4211.92,245821.6,2292661.91,12.0,-74325.98999999999,149149.38999999998,159572.819,448215.07,315360.23000000004,0,130949.86,198686.42,981753.71,n.d.,74506.42,60358.979,110619.32,425979.549,60358.979,-36112.9,n.d.,155552.74000000002,1631660.3,1631660.3,347301.98000000004
2015,146133.4,582135.88,1230940.98,3005.1,54389.78999999999,1909448.1600000001,380856.41000000003,555941.04,25680.33,73966.63,99646.96,616531.12,590336.2799999999,421013.89,161475.73,n.d.,38746.22,34939.07,2350844.55,6510.95,2358685.969,n.d.,0,370158.12,n.d.,221008.73,1909448.16,9.0,-188115.12,149149.38999999998,58468.82,418008.79,375271.18,0,70959.52,146133.4,1033951.81,n.d.,35220.41,28709.460000000003,73966.63,449237.809,28709.460000000003,-38746.22,n.d.,50545.43,1601099.1,1601099.1,257315.54
2014,185185.64,567621.56,1223610.31,3005.1,46660.979,1851526.58,350485.67,614380.55,23017.64,73277.69,96295.33,597200.53,643959.52,392304.43000000005,121254.78,n.d.,43032.53,40572.68,2245442.36,6601.820000000001,2245442.36,n.d.,0,365660.77,n.d.,365507.38,1851526.58,9.0,-176365.669,153.39,12029.23,389299.33,320638.09,0,93673.78,185185.64,1011781.01,n.d.,30245.16,23643.34,73277.69,393915.77900000004,23643.34,-43032.53,n.d.,8408.41,1589271.08,1589271.08,215090.26
2013,195460.98,527849.81,1155131.11,3005.1,37201.869,1660343.01,312379.63999999996,559590.03,18141.53,72227.92,90369.45,586556.49,618296.71,368661.09,96837.53,n.d.,46997.079,46244.880000000005,2002782.55,6184.84,2006308.35,n.d.,14.34,359243.1,n.d.,359089.71,1660343.01,9.0,-158758.36,153.39,8984.59,365655.9900000001,273737.42000000004,0,110022.69,195460.98,950252.14,n.d.,25245.18,19060.34,72227.92,345965.33999999997,19060.34,-46982.74,n.d.,5942.85,1514374.21,1514374.21,186469.12
2012,231233.85,473610.95,1189607.56,3005.1,45313.59,1548669.99,348678.39,589670.61,27558.16,70301.82,97859.98,577418.55,693478.21,349600.75,163872.18,n.d.,46729.86,45309.9,1962430.54,5816.53,1967797.23,n.d.,0,360029.25,n.d.,359875.86,1548669.99,9.0,-157395.08,153.39,22518.4,346595.649,348825.41900000005,0,146512.87,231233.85,968802.21,n.d.,23571.960000000003,17755.43,70301.82,419127.24,17755.43,-46729.86,n.d.,20519.18,1549636.81,1549636.81,260312.199
2011,209941.97,599384.76,1201356.54,3005.1,82895.82,1795688.61,292697.37,676331.47,66661.8,62845.17,129506.97,472185.78,549132.49,331845.32,170691.76,n.d.,36054.59,33750.5,2277663.12,10556.64,2283424.16,n.d.,0.08,355689.96,n.d.,355536.57,1795688.61,10.0,-187536.819,153.39,52839.28999999999,328840.22000000003,424890.38,0,123177.08,209941.97,1015259.21,n.d.,26790.66,16234.02,62845.17,487735.55,16234.02,-36054.509,n.d.,52839.28999999999,1557046.5,1557046.5,297894.72000000003
2010,218075.61,592570.71,1072319.23,3005.1,92590.499,1650974.44,216228.36,697688.73,65610.429,65701.75,131312.179,356795.77,461913.79,315611.3,162939.97,n.d.,29593.84,29593.84,2144675.48,9127.87,2144675.48,n.d.,0.03,359042.31,n.d.,209892.92,1650974.44,8.0,-199448.88999999998,149149.38999999998,17834.73,312606.2,427999.28900000005,0,88875.56,218075.61,897674.63,n.d.,36107.94,26980.07,65701.75,493701.04,26980.07,-29593.81,n.d.,17834.73,1431361.54,1431361.54,294252.179
2009,237570.14,607461.6,969175.01,3005.1,92180.459,1476889.53,173384.74000000002,641057.8500000001,68687.04,64782.63,133469.669,289648.68,323244.93000000005,288631.23000000004,205388.09,n.d.,30211.55,30211.55,2029651.91,11077.66,2029651.91,n.d.,0,400176.56,n.d.,207023.17,1476889.53,8.0,-213904.62,193153.39,38468.48,285626.13,487979.749,0,62303.86,237570.14,843150.2,n.d.,34571.08,23493.42,64782.63,552762.379,23493.42,-30211.55,n.d.,38468.48,1369351.57,1369351.57,338857.759
2008,280769.99000000005,933273.73,1277642.45,3005.1,92849.65,1722171.44,158254.03,812824.81,63334.06,73659.92,136993.979,418125.65,297676.73000000004,265137.81,190102.03,n.d.,32307.86,32307.86,2287272.06,11836.47,2328522.42,n.d.,0,460184.25,n.d.,265180.91900000005,1722171.44,9.0,-279254.97000000003,195003.33,46691.99,262132.71,532691.06,0,100391.14,280769.99000000005,1191918.9,n.d.,41352.06,29515.589,73659.92,606350.98,29515.589,-32307.86,n.d.,46691.99,1737826.7,1737826.7,327096.01
2007,314025.15,n.d.,1099557.6800000002,3005.1,93089.26,n.d.,n.d.,809942.64,46860.99,85366.48,132227.47,236716.87,1046659.51,235622.22,142300.83,1054.01,21404.9,21404.9,2244010.48,17179.71,2267027.37,n.d.,500.40999999999997,438045.31,235452.34999999998,202539.63,1706162.7,8.0,n.d.,53.329,52898.169,232617.12,n.d.,n.d.,987955.62,314025.15,987955.62,n.d.,64461.99,47282.28,85366.48,n.d.,46228.27,-20904.49,-1054.01,10557.69,1537602.99,1537602.99,273974.7
2006,311766.38,n.d.,1020917.059,3005.1,67967.95999999999,n.d.,n.d.,792722.99,32141.480000000003,66419.63,98561.11,99953.72,892676.71,189393.95,105934.19,34.7,18922.960000000003,18922.960000000003,1930481.72,15938.43,1951728.08,3938.77,364.17,417541.4900000001,258952.53,158401.75,1540389.23,6.0,n.d.,187.209,128240.349,186388.85,n.d.,n.d.,937298.22,311766.38,937298.22,n.d.,47860.84,31922.409,66419.63,n.d.,35826.48,-18558.79,3904.07,76594.98,1438458.55,1438458.55,208763.54
2005,308242.19,n.d.,811560.74,3022.48,53385.14,n.d.,n.d.,601246.9400000001,25492.97,45031.26,70524.23,125945.5,727192.4400000001,153584.84999999998,85695.76,114.25,15034.5,15034.5,1404848.36,10300.07,1426094.72,8291.03,18.7,362035.12,290507.79000000004,70794.8,1132536.63,5.0,n.d.,732.53,84368.3,150562.37,n.d.,n.d.,711768.8200000001,308242.19,711768.8200000001,n.d.,30015.460000000003,19715.39,45031.26,n.d.,27892.17,-15015.8,8176.78,22146.79,1173595.86,1173595.86,164415.47
2004,272886.67,n.d.,804336.48,3005.1,49704.58,n.d.,n.d.,544925.02,22369.65,55863.99,78233.64,179262.58,724187.6,125675.3,78071.26,1239.56,17832.329999999998,17832.329999999998,1494644.1,9480.13,1515890.46,n.d.,22.959999999999997,282696.71,217844.58,64253.48,1185674.29,5.0,n.d.,598.65,80148.88,122670.2,n.d.,n.d.,688471.22,272886.67,688471.22,n.d.,38054.62,28574.49,55863.99,n.d.,27334.93,-17809.37,-1239.56,13424.57,1087033.1900000002,1087033.1900000002,155088.3
2003,295554.38,n.d.,915833.25,3005.1,49837.13,n.d.,n.d.,619057.3600000001,24840.66,40406.59,65247.25,203244.14,822301.5,98340.37,64885.310000000005,360.90999999999997,13938.34,13938.34,1429972.41,8877.65,1448056.77,7757.99,8.79,288594.06,214310.78,73515.12000000001,1163224.74,4.0,n.d.,768.16,93531.75,95335.269,n.d.,n.d.,810532.56,295554.38,810532.56,n.d.,26477.04,17599.39,40406.59,n.d.,24996.47,-13929.55,7397.08,16734.309999999998,1204427.31,1204427.31,137538.43
2002,321681.97000000003,n.d.,724240.57,3005.1,36642.61,n.d.,n.d.,483787.27,17551.74,39559.58,57111.32,148708.97999999998,632496.25,73343.9,62737.93,456.09,14945.85,14945.85,1065281.6490000002,5276.83,1072794.298,n.d.,210.06,294414.31,215538.08,77638.78,861436.05,4.0,n.d.,1237.45,91744.32,70338.799,n.d.,n.d.,623629.01,321681.97000000003,623629.01,n.d.,24823.79,19546.960000000003,39559.58,n.d.,19090.87,-14735.79,-456.09,3401.88,1018654.88,1018654.88,119603.22
2001,26947.61,n.d.,424907.19,3005.1,23203.36,n.d.,n.d.,279204.62,12950.34,23091.23,36041.57,143256.81999999998,422461.44,54253.02,52742.49,n.d.,9078.65,9078.65,870645.4600000001,3857.56,874876.59,n.d.,98,50777.93,25496.73,24097.08,706203.23,2.0,n.d.,1184.119,2445.75,51247.92,n.d.,n.d.,394484.4900000001,26947.61,394484.4900000001,n.d.,14110.58,10253.02,23091.23,n.d.,10253.02,-8980.65,n.d.,n.d.,475685.12,475685.12,88882.05900000001
2000,38334.84,n.d.,286773.39,3005.06,19064.36,n.d.,n.d.,198950.7,10296.49,19856.54,30153.03,84258.93,283209.63,44000.0,37150.65,1262.1299999999999,6484.76,6484.76,689387.59,3341.78,714774.3400000001,n.d.,n.d.,55860.28,26682.86,28162.81,563345.99,2.0,n.d.,1014.609,3563.76,40994.94,n.d.,n.d.,260298.83,38334.84,260298.83,n.d.,13371.77,10029.99,19856.54,n.d.,8767.869999999999,-6484.76,-1262.1299999999999,n.d.,342633.67,342633.67,66041.55
1999,35111.27,n.d.,324314.19,3005.06,16377.68,n.d.,n.d.,231606.66,8397.81,19503.7,27901.51,81975.68000000001,313582.33900000004,35232.13,36754.14,n.d.,8370.869999999999,8370.869999999999,706942.31,3155.24,729660.57,n.d.,2.27,51713.83,13885.449999999999,37414.78,590477.02,2.0,n.d.,413.6,10731.85,32227.069,n.d.,n.d.,305684.62,35111.27,305684.62,n.d.,11135.11,7979.87,19503.7,n.d.,7979.87,-8368.59,n.d.,9381.07,376028.02,376028.02,64657.93
