Año,Acreedores a L. P.,Acreedores comerciales,Activo circulante,Capital suscrito,Cash flow,Consumo de mercaderías y de materias,Deudas financieras,Deudores,Dotaciones para amortiz. de inmovil.,EBIT,EBITDA,Existencias,Fondo de maniobra,Fondos propios,Gastos de personal,Gastos extraordinarios,Gastos financieros,Gastos financieros y gastos asimilados,Importe neto Cifra de Ventas,Impuestos sobre sociedades,Ingresos de explotación,Ingresos extraordinarios,Ingresos financieros,Inmovilizado,Inmovilizado inmaterial,Inmovilizado material,Materiales,Número empleados,Otros Conceptos de Explotación,Otros activos fijos,Otros activos líquidos,Otros fondos propios,Otros gastos de explotación,Otros pasivos fijos,Otros pasivos líquidos,Pasivo fijo,Pasivo líquido,Provisiones,Result. ordinarios antes Impuestos,Resultado Actividades Ordinarias,Resultado Explotación,Resultado bruto,Resultado del Ejercicio,Resultado financiero,Resultados actividades extraordinarias,Tesorería,Total activo,Total pasivo y capital propio,Valor agregado
2023,5569080.619999999,n.d.,3347721.06,600699.5,597924.24,1245352.2,1295442.97,586033.64,142909.9,812902.07,955811.97,1041451.6699999999,1627485.31,3733417.36,164942.91,n.d.,204115.74,204115.74,1234999.92,160738.97,2427483.11,n.d.,6966.98,7905926.35,n.d.,225181.8,1364694,2,-61376.03,7680744.55,1720235.75,3132717.86,369228.83999999997,0,655706.4600000001,5569080.619999999,1951149.43,n.d.,615753.31,455014.34,812902.07,1182130.909,455014.34,-197148.759,n.d.,24181.18,11253647.41,11253647.41,1127721.86
2022,5653554.03,n.d.,4418651.8,600699.5,465025.69,815231.81,n.d.,440100.66,142909.9,561923.05,704832.9500000001,2286803.8699999996,2726904.53,4797607.109999999,158656.81,n.d.,170579.6,170579.6,749999.92,107396.84,1916398.069,n.d.,38169.18,7294361.52,n.d.,225181.8,826206.25,2,-237676.5,7069179.72,1691747.27,4196907.609999999,539243.21,0,1261852.1800000002,5653554.03,1261852.1800000002,n.d.,429512.63,322115.79000000004,561923.05,1101166.259,322115.79000000004,-132410.41999999998,n.d.,n.d.,11713013.32,11713013.32,901658.94
2021,7926682.17,n.d.,5205570.74,600699.5,398450.709,799433.47,n.d.,416310.81,142909.9,457518.9900000001,600428.89,3102035.68,3518346.49,4475491.319999999,189249.94,n.d.,176988.57,176988.57,649999.92,84726.40999999999,1657536.99,n.d.,59736.8,8777442.850000001,n.d.,225181.8,875603.6699999999,6,-68424.68900000001,8552261.05,1687224.25,3874791.82,400584.52900000004,0,1580840.0990000002,7926682.17,1580840.1,n.d.,340267.22000000003,255540.809,457518.9900000001,858103.519,255540.809,-117251.77,n.d.,n.d.,13983013.59,13983013.59,849415.629
2020,8885949.11,n.d.,5754455.51,600699.5,191564.24,n.d.,n.d.,392388.6,142909.9,185302.04,328211.94,3726000,4118388.6,4219950.51,192520.01,n.d.,174637.86,174637.86,35416.61,15764.26,836711.15,n.d.,53754.42,8930498.53,n.d.,225181.8,n.d.,8,-315979.2,8705316.728999998,1636066.91,3619251.01,651409.11,0,1579054.42,8885949.11,1579054.42,n.d.,64418.6,48654.34,185302.04,836711.15,48654.34,-120883.439,n.d.,n.d.,14684954.04,14684954.04,574486.37
2019,8689000.229999999,n.d.,6042941.33,600699.5,-330810.28,380300,n.d.,426512.38,142909.9,66788.479,209698.379,3726000,4152512.38,4171296.17,168340.94999999998,n.d.,261400.99,261400.99,n.d.,337320.01,918345.95,n.d.,58212.34,8280541.18,n.d.,166609,n.d.,6,-160006.62,8113932.18,1890428.95,3570596.67,471257.47000000003,0,1463186.1090000002,8689000.229999999,1463186.11,n.d.,-136400.17,-473720.18,66788.479,538045.9500000001,-473720.18,-203188.65,n.d.,n.d.,14323482.51,14323482.51,436251.669
2018,9458547.42,n.d.,7951825.94,600699.5,2235937.659,5153047.34,1150495.54,4305540.359999999,142909.9,2399233.92,2542143.82,1500000,5805540.359999999,6645016.35,165888.74000000002,n.d.,261938.38,261938.38,7226000,191066.81,8101228.0,n.d.,146799.03,9732724.61,n.d.,48352.5,5153047.34,5,-240148.1,9684372.11,2146285.58,6044316.85,548946.74,0,430491.24,9458547.42,1580986.78,n.d.,2284094.57,2093027.759,2399233.92,2948180.66,2093027.759,-115139.35,n.d.,20385.440000000002,17684550.55,17684550.55,2854831.589
2017,11118378.57,n.d.,7935654.46,600699.5,363158.43000000005,n.d.,1269962.48,858442.24,142909.9,459114.33,602024.23,5068778.09,5927220.33,4551988.59,148871.56,n.d.,309125.88,309125.88,n.d.,63750.65,902837.92,n.d.,134010.73,9495558.89,n.d.,342796.4,n.d.,5,-151942.13,9152762.49,2008434.13,3951289.09,443723.58900000004,0,490883.709,11118378.57,1760846.1900000002,n.d.,283999.18,220248.53,459114.33,902837.92,220248.53,-175115.15,n.d.,21166.82,17431213.35,17431213.35,884906.52
2016,9039998.61,n.d.,7626467.34,600699.5,437429.72,n.d.,26387.32,786645.7699999999,142909.9,545404.14,688314.04,5068778.09,5855423.858999999,4331740.06,200487.46,n.d.,279343.79000000004,279343.79000000004,239254.84999999998,94113.73,1018106.99,n.d.,122573.2,7615170.78,n.d.,442796.4,n.d.,4,-129305.48999999999,7172374.38,1771043.48,3731040.559,472702.85,0,1843512.13,9039998.61,1869899.45,n.d.,388633.55,294519.82,545404.14,1018106.99,294519.82,-156770.58899999998,n.d.,n.d.,15241638.12,15241638.12,1011374.7
2015,9266604.0,n.d.,7515430.72,600699.5,339471.99000000005,n.d.,26387.32,870809.7799999999,142586.6,491691.81,634278.41,5068778.09,5939587.87,4037220.24,219979.64,n.d.,358659.83,358659.83,240405.72,72361.68000000001,989317.53,n.d.,136215.09,7341620.81,n.d.,442796.4,n.d.,2,-135059.47999999998,6898824.41,1575842.8490000002,3436520.74,497625.72000000003,0,1526839.97,9266604.0,1553227.29,n.d.,269247.07,196885.39,491691.81,989317.53,196885.39,-222444.74,n.d.,n.d.,14857051.53,14857051.53,990473.14
2014,8540747.0,n.d.,6564969.38,600699.5,265356.25,n.d.,26387.32,656581.2699999999,113465.51,501950.15,615415.66,5068778.09,5725359.358999999,3840334.85,223906.86,n.d.,382553.03,382553.03,240405.72,65176.76,941391.2,n.d.,97670.38,7634242.23,n.d.,339563.41000000003,n.d.,2,-102068.68000000001,7294678.818999999,839610.02,3239635.349,439441.05,0,1791742.44,8540747.0,1818129.76,n.d.,217067.5,151890.74000000002,501950.15,941391.2,151890.74000000002,-284882.65,n.d.,n.d.,14199211.61,14199211.61,936992.9
2013,8055747.0,n.d.,5792214.13,600699.5,286502.27900000004,n.d.,26387.32,626394.12,113465.51,518077.53,631543.04,5054483.63,5680877.75,3688444.11,218547.46,n.d.,334255.92000000004,334255.92000000004,964558.71,74615.82,965733.34,n.d.,63830.98,6578705.859999999,n.d.,26701.280000000002,n.d.,2,-115642.84,6552004.58,111336.38,3087744.61,447655.81,0,600341.56,8055747.0,626728.88,n.d.,247652.59,173036.77000000002,518077.53,965733.3400000001,173036.77000000002,-270424.94,n.d.,n.d.,12370919.99,12370919.99,913921.48
2012,8005747.0,n.d.,5729771.34,600699.5,271662.15,n.d.,26387.32,142774.67,113465.52,500104.89,613570.41,5068778.09,5211552.76,3686928.29,153881.75,n.d.,336264.64,336264.64,n.d.,67798.56,906362.12,n.d.,62154.94,6335258.19,n.d.,n.d.,n.d.,2,-138909.96,6335258.19,518218.58,3086228.7890000003,406257.23000000004,0,345966.92000000004,8005747.0,372354.24,n.d.,225995.19,158196.63,500104.89,906362.12,158196.63,-274109.7,n.d.,61047.52,12065029.53,12065029.53,829607.1
2011,7405747.0,n.d.,5940089.7,600699.5,294117.98000000004,n.d.,26387.32,378331.32,96687.53,581709.49,678397.02,5068778.09,5447109.41,3528731.66,61422.01,n.d.,320286.34,320286.34,n.d.,84613.05,851375.3200000001,n.d.,20620.35,5354123.71,n.d.,n.d.,n.d.,4,-111556.29,5354123.71,492980.29,2928032.16,269665.829,0,333347.43000000005,7405747.0,359734.75,n.d.,282043.5,197430.45,581709.49,851375.3200000001,197430.45,-299665.99000000005,n.d.,336250.21,11294213.41,11294213.41,760439.38
2010,1585780.02,n.d.,1062347.44,600699.5,452064.87,n.d.,25787.32,270975.97000000003,90269.44,559801.69,650071.129,9063.210000000001,280039.18,3331301.21,57024.9,n.d.,85939.48999999999,85939.48999999999,65647.92,155055.18,816880.65,n.d.,42988.41,4468336.659999999,n.d.,n.d.,n.d.,2,-109784.62000000001,4468336.659999999,782308.26,2730601.71,257078.96,0,587815.55,1585780.02,613602.87,n.d.,516850.61,361795.43000000005,559801.69,816880.65,361795.43000000005,-42951.08,n.d.,106912.81,5530684.1,5530684.1,750084.4400000001
2009,1085116.0,n.d.,1038481.98,600699.5,360629.81,n.d.,12587.32,407258.55,89420.14,439202.54,528622.6789999999,9063.210000000001,416321.76,2969505.7800000003,98621.59,n.d.,88196.87000000001,88196.87000000001,n.d.,116986.65,713381.6,n.d.,37190.65,4150133.09,n.d.,n.d.,n.d.,3,-86137.33,4150133.09,622160.22,2368806.2800000003,274179.06,0,1121405.97,1085116.0,1133993.29,n.d.,388196.32,271209.67,439202.54,713381.6,271209.67,-51006.219,n.d.,n.d.,5188615.07,5188615.07,664434.92
2008,1248605.6800000002,n.d.,1272243.46,600699.5,342339.77,n.d.,12964.92,397527.42,89335.93999999999,456693.94,546029.88,37063.21,434590.63,2698296.11,126683.44,n.d.,149802.86,149802.86,n.d.,94680.32,714447.7799999999,n.d.,40793.07,4232053.23,n.d.,n.d.,n.d.,3,-41734.46,4232053.23,837652.8300000001,2097596.609,257753.84,0,1544429.98,1248605.6800000002,1557394.9,n.d.,347684.15,253003.83,456693.94,714447.7799999999,253003.83,-109009.789,n.d.,n.d.,5504296.69,5504296.69,713506.39
2007,1241976.0,n.d.,457044.68,600699.5,250075.789,n.d.,n.d.,457044.68,89123.67000000001,350763.31,439886.98,n.d.,457044.68,2445292.2800000003,125600.39,n.d.,143229.23,143229.23,623895.81,74870.75,623895.81,26904.51,1384.28,5909453.48,1594693.99,4248931.75,n.d.,3,n.d.,65827.73999999999,0.0,1844592.779,n.d.,n.d.,2679229.88,1241976.0,2679229.88,n.d.,208918.36,134047.609,350763.31,n.d.,160952.12,-141844.94999999998,26904.51,n.d.,6366498.159999999,6366498.159999999,593776.16
2006,1410226.63,n.d.,166199.14,554422.5,181817.15,n.d.,n.d.,166199.14,81450.64,274946.24,356396.88,n.d.,166199.14,2116089.529,120543.74,n.d.,133130.28,133130.28,547227.91,54043.51,547227.91,11852.54,741.52,6053087.0,1658501.42,4315535.57,n.d.,3,n.d.,79050.009,0.0,1561667.029,n.d.,n.d.,2692969.98,1410226.63,2692969.98,n.d.,142557.47999999998,88513.97,274946.24,n.d.,100366.51,-132388.76,11852.54,n.d.,6219286.14,6219286.14,489534.68
2005,1410226.63,n.d.,428027.83,554422.5,184234.69,n.d.,n.d.,428027.83,78908.81,268959.29000000004,347868.1,n.d.,428027.83,2015723.02,114328.29,n.d.,108514.01,108514.01,514232.7,56713.94,514232.7,n.d.,1594.54,5714871.59,1722308.85,3913512.73,n.d.,3,n.d.,79050.009,0.0,1461300.52,n.d.,n.d.,2716949.77,1410226.63,2716949.77,n.d.,162039.81999999998,105325.88,268959.29000000004,n.d.,105325.88,-106919.47,n.d.,n.d.,6142899.42,6142899.42,463790.93000000005
2004,1410226.63,n.d.,166892.66,554422.5,171752.75,n.d.,n.d.,131300.01,62569.21,277052.71,339621.92000000004,n.d.,131300.01,1910397.14,85655.59,n.d.,110620.31,110620.31,497395.48000000004,58791.14,497395.48,117.52,1424.76,5143319.159999999,1849923.71,3214345.44,n.d.,2,n.d.,79050.01,35592.649,1355974.64,n.d.,n.d.,1989588.05,1410226.63,1989588.05,n.d.,167857.16,109066.02,277052.71,n.d.,109183.54,-109195.55,117.52,35592.65,5310211.819999999,5310211.819999999,426819.79
2003,1410226.63,n.d.,178422.7,554422.5,183881.37,n.d.,n.d.,178422.7,62454.64,280477.38,342932.02,n.d.,178422.7,1801213.6,83775.09,n.d.,105149.0,105149.0,n.d.,65383.63,471198.09,n.d.,11481.98,5204871.96,1849923.71,3277659.09,n.d.,2,n.d.,77289.16,0.0,1246791.1,n.d.,n.d.,2171854.429,1410226.63,2171854.429,n.d.,186810.36,121426.729,280477.38,n.d.,121426.73,-93667.02,n.d.,n.d.,5383294.659999999,5383294.659999999,438189.089
2002,1153943.24,n.d.,224632.6,554422.5,408746.36,n.d.,n.d.,218598.89,39434.44,325740.61,365175.05,n.d.,218598.89,1679786.87,21897.76,n.d.,70179.03,70179.03,n.d.,133384.75,449436.26,232432.53,14702.56,5310874.02,1913731.1300000001,3317713.73,n.d.,2,n.d.,79429.15900000001,6033.709,1125364.37,n.d.,n.d.,2701776.51,1153943.24,2701776.51,n.d.,270264.14,136879.38999999998,325740.61,n.d.,369311.92,-55476.47,232432.53,6033.71,5535506.619999999,5535506.619999999,634207.899
2001,931568.76,n.d.,170299.22,554422.5,266355.11,n.d.,n.d.,43107.8,56364.25,294873.78,351238.03,n.d.,43107.8,1310474.96,31370.03,n.d.,74055.73,74055.73,n.d.,94325.69,405883.52,69782.75,13715.75,4364074.39,1977538.55,2307106.69,n.d.,4,n.d.,79429.149,127191.42,756052.4600000001,n.d.,n.d.,2292329.89,931568.76,2292329.89,n.d.,234533.8,140208.11000000002,294873.78,n.d.,209990.86,-60339.98,69782.75,127191.42,4534373.609999999,4534373.609999999,466106.559
2000,953754.49,n.d.,285481.8,554433.6699999999,190537.67,n.d.,n.d.,37643.41,46334.5,262105.41,308439.91000000003,n.d.,37643.41,1100484.09,28000.56,n.d.,54890.99,54890.99,n.d.,77647.86,376515.24,n.d.,14636.62,4152046.61,2041345.99,2025020.94,n.d.,4,n.d.,85679.68000000001,247838.389,546050.42,n.d.,n.d.,2383289.84,953754.49,2383289.84,n.d.,221851.03,144203.169,262105.41,n.d.,144203.17,-40254.380000000005,n.d.,247838.38999999998,4437528.41,4437528.41,351077.08
1999,931568.76,n.d.,140984.57,554433.6699999999,88424.07,n.d.,n.d.,92502.56,41241.43,114437.37,155678.8,n.d.,92502.56,956280.92,21996.06,n.d.,59275.95,59275.95,n.d.,25406.04,293468.69,4527.3,12899.96,1981015.56,n.d.,1901586.41,n.d.,n.d.,n.d.,79429.15000000001,48482.01,401847.25,n.d.,n.d.,234150.46,931568.76,234150.46,n.d.,68061.38,42655.34,114437.37,n.d.,47182.64,-46375.99,4527.3,48482.01,2122000.14,2122000.14,195102.12
