Año,Acreedores a L. P.,Acreedores comerciales,Activo circulante,Capital suscrito,Cash flow,Consumo de mercaderías y de materias,Deudas financieras,Deudores,Dotaciones para amortiz. de inmovil.,EBIT,EBITDA,Existencias,Fondo de maniobra,Fondos propios,Gastos de personal,Gastos extraordinarios,Gastos financieros,Gastos financieros y gastos asimilados,Importe neto Cifra de Ventas,Impuestos sobre sociedades,Ingresos de explotación,Ingresos extraordinarios,Ingresos financieros,Inmovilizado,Inmovilizado inmaterial,Inmovilizado material,Materiales,Número empleados,Otros Conceptos de Explotación,Otros activos fijos,Otros activos líquidos,Otros fondos propios,Otros gastos de explotación,Otros pasivos fijos,Otros pasivos líquidos,Pasivo fijo,Pasivo líquido,Provisiones,Result. ordinarios antes Impuestos,Resultado Actividades Ordinarias,Resultado Explotación,Resultado bruto,Resultado del Ejercicio,Resultado financiero,Resultados actividades extraordinarias,Tesorería,Total activo,Total pasivo y capital propio,Valor agregado
2023,n.d.,315802.86,3547406.88,300500.0,72880.54,2505207.86,31998.16,660371.9500000001,5432.92,93748.56,99181.48,1003186.16,1347755.25,3228545.4,520379.86,n.d.,3718.3990000000003,1891.04,3332042.95,22582.54,3332042.95,n.d.,0.0,77989.43,2435.51,36757.14,2505207.86,11.0,-207273.75,38796.78,1883848.77,2928045.4,733086.53,0,49049.89,n.d.,396850.91,n.d.,90030.16,67447.62000000001,93748.56,826835.09,67447.62000000001,-3718.399,n.d.,113868.46,3625396.31,3625396.31,617733.98
2022,n.d.,261372.75,3405618.95,300500.0,77132.65000000001,2568409.22,179.59,567004.65,4284.75,87824.81,92109.56,982472.0,1288103.9,3161097.7800000003,477606.09,n.d.,614.2900000000001,614.2900000000001,3347073.35,24292.63,3347073.35,n.d.,9930.01,81437.98999999999,2435.51,17623.16,2568409.22,10.0,-208948.479,61379.32,1856142.299,2860597.7800000003,690839.3200000001,0,64406.82,n.d.,325959.16,n.d.,97140.53,72847.9,87824.81,778664.129,72847.9,9315.72,n.d.,129599.16,3487056.94,3487056.94,579645.66
2021,n.d.,219333.68,3269342.94,300500.0,50814.39,2188864.7800000003,5485.42,539934.9600000001,5002.91,58580.21,63583.119,869657.8200000001,1190259.0990000002,3088249.88,428498.17,n.d.,777.7900000000001,777.7900000000001,2858595.04,15270.5,2858595.04,n.d.,3279.56,103215.57,2435.51,15108.11,2188864.7800000003,9.0,-177648.97,85671.95,1859750.16,2787749.88,611150.05,0,59489.53,n.d.,284308.63,n.d.,61081.98,45811.48,58580.21,669730.26,45811.48,2501.77,n.d.,165622.24000000002,3372558.51,3372558.51,495360.849
2020,n.d.,327960.76,3312131.38,300500.0,98013.41,2174506.74,4148.95,637502.22,6228.08,127141.36,133369.44,918829.07,1228370.53,3042438.4,347040.1,n.d.,5889.360000000001,5060.26,2813013.96,30603.44,2813013.96,n.d.,1136.77,122802.83,2925.51,19621.02,2174506.74,9.0,-158097.68,100256.3,1755800.0890000002,2741938.4,511365.86,0,60386.1,n.d.,392495.81,n.d.,122388.77,91785.33,127141.36,638507.2189999999,91785.33,-4752.59,n.d.,118037.66,3434934.21,3434934.21,480717.21
2019,n.d.,302655.7,3427983.24,300500.0,24995.32,1676652.52,297320.39,536701.05,6272.42,9474.88,15747.3,853985.0,1088030.35,2950653.07,413039.26,n.d.,5405.96,3656.9100000000003,2285777.59,6240.969999999999,2285777.59,n.d.,20894.95,159634.34999999998,3415.51,25359.1,1676652.52,8.0,-180338.51,130859.739,2037297.19,2650153.07,599650.19,0,36988.43,n.d.,636964.52,n.d.,24963.87,18722.899,9474.88,609125.069,18722.899,15488.99,n.d.,96434.81,3587617.59,3587617.59,447932.459
2018,n.d.,131890.51,3241598.7800000003,300500.0,-401058.389,1549416.82,286663.48000000004,428161.36,6464.29,-564105.8500000001,-557641.559,642985.0,939255.849,2931930.17,716748.15,n.d.,0,n.d.,1963883.29,-135840.88999999998,1969083.29,n.d.,20742.28,162842.64,3905.51,21836.42,1438544.51,9.0,-260559.87999999998,137100.71000000002,2170452.42,2631430.17,983772.3200000001,0,53957.26,n.d.,472511.25,n.d.,-543363.57,-407522.679,-564105.8500000001,419666.47000000003,-407522.679,20742.28,n.d.,97216.81,3404441.42,3404441.42,179848.87
2017,n.d.,201238.73,3566617.47,300500.0,24580.84,1424574.03,n.d.,547703.53,8372.0,-18371.16,-9999.16,833965.74,1180430.54,3339452.85,472205.54,n.d.,310.13,n.d.,2060355.27,5402.95,2068155.27,n.d.,40293.08,33466.04,4395.51,27810.71,1424574.03,9.0,-181374.86,1259.82,2184948.199,3038952.849,661952.399,0,59391.93,n.d.,260630.66,n.d.,21611.79,16208.84,-18371.16,643581.24,16208.84,39982.95,n.d.,126243.28,3600083.51,3600083.51,502189.329
2016,n.d.,165542.91999999998,3512021.55,300500.0,57865.11,1726133.47,n.d.,629295.8500000001,8526.06,2619.84,11145.9,718549.53,1182302.46,3323244.01,431491.12,n.d.,0,n.d.,2360438.29,13440.86,2368238.29,n.d.,60160.07,33794.89,6607.83,25927.24,1726133.47,11.0,-199467.8,1259.82,2164176.17,3022744.01,639484.98,0,57029.51,n.d.,222572.43,n.d.,62779.91,49339.05,2619.84,642104.8200000001,49339.05,60160.07,n.d.,140174.38999999998,3545816.44,3545816.44,502797.09
2015,n.d.,134000.84,3438015.35,300500.0,106338.41,1726115.73,n.d.,743234.31,8050.9,-91308.95,-83258.05,561366.8200000001,1170600.289,3273904.96,416493.82,n.d.,507.37,n.d.,2238988.56,31408.68,2250988.56,n.d.,221512.509,38474.33,8820.15,29078.980000000003,1726115.73,11.0,-191637.06,575.2,2133414.22,2973404.96,616181.7799999999,0,68583.88,n.d.,202584.72,n.d.,129696.19,98287.51,-91308.95,524872.8300000001,98287.51,221005.139,n.d.,158203.63,3476489.68,3476489.68,554240.91
2014,n.d.,202271.26,3398153.46,300500.0,53258.759,1756628.25,n.d.,626730.8600000001,12643.96,7697.29,20341.25,453642.47,878102.07,3175617.45,412274.98,n.d.,787.0790000000001,99.27,2465789.24,13123.94,2477789.24,n.d.,46828.53,35356.51,11032.47,24324.04,1756628.25,12.0,-288544.76,n.d.,2317780.13,2875117.449,713463.7,0,55621.26,n.d.,257892.52,n.d.,53738.74,40614.79899999999,7697.29,721160.99,40614.79899999999,46041.45,n.d.,403189.9,3433509.97,3433509.97,478756.95
2013,n.d.,221994.24000000002,3392201.88,300500.0,55010.39,1802170.24,n.d.,422748.95,16955.53,23745.11,40700.64,558803.04,759557.75,3135002.65,459653.16,n.d.,39560.5,106.59,2633392.84,12568.28,2645392.84,n.d.,66438.53,38993.12,13244.79,25748.33,1802170.24,14.0,-342868.8,n.d.,2410649.89,2834502.65,819477.49,0,74198.11,n.d.,296192.35,n.d.,50623.14,38054.86,23745.11,843222.5989999999,38054.86,26878.03,n.d.,923563.59,3431195.0,3431195.0,527338.419
2012,n.d.,139718.66,3322619.56,300500.0,92033.74,1983473.02,9618.34,276671.77,22870.88,-9414.0,13456.88,553415.09,690368.2,3096947.79,489651.3,n.d.,2746.3100000000004,835.07,2780241.25,23054.28,2792241.25,n.d.,104377.45,43104.54,14295.51,28809.03,1983473.02,14.0,-305660.05,n.d.,2492532.7,2796447.79,818182.23,0,119439.31,n.d.,268776.31,n.d.,92217.14,69162.86,-9414.0,808768.23,69162.86,101631.14,n.d.,909431.39,3365724.1,3365724.1,605574.389
2011,9623.4,155263.31,3300532.87,300500.0,151619.01,2097612.62,12486.11,311093.41000000003,23562.81,90934.76,114497.569,337631.45,493461.55,3027784.93,489060.93000000005,n.d.,1448,712,2952788.85,41172.25,2964788.85,n.d.,79741.69,57182.42,7335.51,49846.91,2097612.62,15.0,-263617.72900000005,n.d.,2651808.01,2727284.93,776241.469,0,152557.54,9623.4,320306.96,n.d.,169228.44999999998,128056.2,90934.76,867176.23,128056.2,78293.69,n.d.,649160.52,3357715.29,3357715.29,682564.19
2010,22105.85,259551.88999999998,3258699.25,300500.0,292078.23000000004,2490480.38,21173.89,311092.43000000005,25220.53,281750.29000000004,306970.819,202203.19,253743.729,2899728.73,485121.11,n.d.,86718.66,1186.27,3518444.68,103982.35,3530444.68,n.d.,175808.419,70977.65000000001,1957.93,69019.72,2490480.38,15.0,-247872.37,n.d.,2745403.63,2599228.73,758214.01,0,127116.54,22105.85,407842.32,n.d.,370840.05,266857.699,281750.29000000004,1039964.3,266857.699,89089.758,n.d.,588502.9600000001,3329676.9,3329676.9,882367.9600000001
2009,43276.47,445463.45,3179490.94,300500.0,298971.08,3170395.19,25620.629999999997,501913.08,29397.58,383206.5,412604.08,229639.25,286088.88,2632871.03,428562.21,n.d.,97072.5,3149.9700000000003,4220084.79,106764.06,4220084.79,n.d.,90203.56,92669.59,n.d.,92669.59,3170395.19,14.0,-208523.31,n.d.,2447938.61,2332371.03,666483.1,0,124928.95,43276.47,596013.03,n.d.,376337.56,269573.5,383206.5,1049689.6,269573.5,-6868.94,n.d.,362974.66,3272160.53,3272160.53,837447.3200000001
2008,46290.94,409922.26,2806820.71,300500.0,226203.5,2941722.75,n.d.,341655.32,10958.66,370099.57,381058.23,213388.79,145121.849,2363297.53,487103.03,n.d.,109958.73,1.7200000000000002,4046430.91,83474.35,4046430.91,n.d.,38578.350000000006,86008.53,56.61,85372.18000000001,2941722.75,17.0,-236546.9,579.74,2251776.6,2062797.53,734608.59,0,73318.51,46290.94,483240.77,n.d.,298719.19,215244.84,370099.57,1104708.1600000001,215244.84,-71380.38,n.d.,251359.71,2892829.24,2892829.24,796782.6
2007,n.d.,n.d.,2692839.48,300500.0,292372.22000000003,n.d.,n.d.,363692.94,9639.08,358532.97000000003,368172.05,201523.68,565216.62,2228540.49,375083.6,798.51,16.54,16.54,4679097.88,111971.73,4679097.88,583,36403.95,31753.4,226.43,29765.960000000003,3677596.95,15.0,n.d.,1761.01,2127622.859,1928040.49,n.d.,n.d.,496052.39,n.d.,496052.39,n.d.,394920.38,282948.65,358532.97000000003,n.d.,282733.14,36387.41,-215.51,2127622.859,2724592.88,2724592.88,779444.09
2006,n.d.,n.d.,2756180.39,300500.0,252418.99,n.d.,n.d.,494521.81,11192.1,307205.26,318397.36,285364.35,779886.159,2214100.03,337055.22000000003,n.d.,15370.130000000001,15470.19,4876562.07,119046.8,4876562.07,1224,67214.56,47852.72,396.25,33935.46,3969099.14,13.0,n.d.,13521.01,1976294.23,1913600.029,n.d.,n.d.,589933.08,n.d.,589933.08,n.d.,359049.69,240002.89,307205.26,n.d.,241226.89,51844.43,1224,1976294.23,2804033.11,2804033.11,723991.1989999999
2005,120202.42,n.d.,2690998.85,300500.0,235701.9,n.d.,n.d.,536536.05,13726.29,311003.75,324730.04,178631.52,715167.57,1972873.14,331945.24,4795.110000000001,58620.409,1463.53,4470664.48,109530.38,4470664.48,7095.06,76822.7,52354.51,566.07,38847.17,3597057.33,14.0,n.d.,12941.27,1975831.28,1672373.14,n.d.,n.d.,650277.8,120202.42,650277.8,n.d.,329206.04,219675.659,311003.75,n.d.,221975.61,18202.29,2299.9500000000003,1975831.28,2743353.36,2743353.36,678641.05
2004,369072.8,n.d.,2513681.23,300500.0,182090.53,n.d.,n.d.,440687.69,13568.97,263007.53,276576.5,196354.84,637042.53,1750897.53,288357.89,5522.99,37009.11,37009.11,3972243.72,83046.38,3972243.72,5000,26092.51,53556.880000000005,735.89,39879.72,3234657.13,14.0,n.d.,12941.269,1876638.7,1450397.53,n.d.,n.d.,447267.78,369072.8,447267.78,n.d.,252090.93,169044.55,263007.53,n.d.,168521.56,-10916.6,-522.989,1876638.7,2567238.11,2567238.11,590503.91
2003,369072.8,n.d.,2279112.17,300500.0,121676.64,n.d.,n.d.,493465.91,18133.95,247475.6,265609.55,174185.68,667651.59,1582375.97,272245.13,n.d.,126546.13,126546.13,3725412.65,48584.09,3725412.65,n.d.,31197.31,53779.36,20.279999999999998,41999.08,3039921.92,14.0,n.d.,11760,1611460.579,1281875.97,n.d.,n.d.,381442.76,369072.8,381442.76,n.d.,152126.78,103542.69,247475.6,n.d.,103542.69,-95348.82,n.d.,1611460.58,2332891.53,2332891.53,569051.99
2002,369072.8,n.d.,2115125.92,300500.0,184843.72,n.d.,n.d.,328679.65,27378.25,224131.26,251509.51,179942.09,508621.74,1478833.28,252884.9,n.d.,0.28,0.28,3634254.7,77745.57,3634254.7,3507.2799999999997,7572.78,58353.310000000005,101.42,58251.89,2972882.37,9.0,n.d.,0,1606504.1790000002,1178333.28,n.d.,n.d.,325573.15,369072.8,325573.15,n.d.,231703.76,153958.19,224131.26,n.d.,157465.47,7572.5,3507.2799999999997,1606504.1800000002,2173479.23,2173479.23,515474.47
2001,369072.81,n.d.,1879659.26,300500.0,167158.01,n.d.,n.d.,278387.48000000004,29681.980000000003,195985.22,225667.2,205840.22,484227.699,1321367.84,242724.21,1156.91,n.d.,n.d.,3408631.43,73916.54,3408631.43,12484.99,4079.27,88644.63,659.05,87985.58,2800201.85,9.0,n.d.,0,1395431.56,1020867.84,n.d.,n.d.,277863.24,369072.81,277863.24,n.d.,200064.49,126147.95,195985.22,n.d.,137476.03,4079.27,11328.08,1395431.56,1968303.89,1968303.89,483798.76
2000,248870.38999999998,n.d.,1634708.33,300506.05,172432.01,n.d.,n.d.,331518.47000000003,25185.17,221909.81,247094.979,248034.8,579553.2699999999,1183891.81,208487.79,n.d.,78.49000000000001,78.49000000000001,3498336.08,79237.32,3498336.08,1638.8,3014.03,97873.23,1197.35,96675.88,2912602.89,9.0,n.d.,0,1055155.06,883385.76,n.d.,n.d.,299819.37,248870.38999999998,299819.37,n.d.,224845.35,145608.03,221909.81,n.d.,147246.84,2935.54,1638.8,1055155.06,1732581.56,1732581.56,460235.61
1999,n.d.,n.d.,1310574.3,300506.05,150528.52,n.d.,n.d.,214238.85,20010.15,173534.47999999998,193544.63,318202.34,532441.19,1036644.98,190865.24,2335.03,0.31000000000000005,0.31000000000000005,2884022.99,70279.13,2884022.99,13736.849999999999,15861.52,94952.26,1735.6499999999999,93216.61,2378122.54,9.0,n.d.,0,778133.11,736138.929,n.d.,n.d.,368881.59,n.d.,368881.59,n.d.,189395.69,119116.56,173534.47999999998,n.d.,130518.37,15861.21,11401.82,778133.119,1405526.56,1405526.56,411673.2
