Año,Acreedores a L. P.,Acreedores comerciales,Activo circulante,Capital suscrito,Cash flow,Consumo de mercaderías y de materias,Deudas financieras,Deudores,Dotaciones para amortiz. de inmovil.,EBIT,EBITDA,Existencias,Fondo de maniobra,Fondos propios,Gastos de personal,Gastos extraordinarios,Gastos financieros,Gastos financieros y gastos asimilados,Importe neto Cifra de Ventas,Impuestos sobre sociedades,Ingresos de explotación,Ingresos extraordinarios,Ingresos financieros,Inmovilizado,Inmovilizado inmaterial,Inmovilizado material,Materiales,Número empleados,Otros Conceptos de Explotación,Otros activos fijos,Otros activos líquidos,Otros fondos propios,Otros gastos de explotación,Otros pasivos fijos,Otros pasivos líquidos,Pasivo fijo,Pasivo líquido,Provisiones,Result. ordinarios antes Impuestos,Resultado Actividades Ordinarias,Resultado Explotación,Resultado bruto,Resultado del Ejercicio,Resultado financiero,Resultados actividades extraordinarias,Tesorería,Total activo,Total pasivo y capital propio,Valor agregado
2023,55419.43,261077.21000000002,1478650.44,90150.0,29981.059,1906621.02,10728.39,814332.93,7688.76,31640.23,39328.99,356821.22000000003,910076.94,996443.66,573074.69,n.d.,1863.2,1863.2,2661411.46,7484.73,2676642.62,n.d.,0.0,72526.92,n.d.,70726.92,1906621.02,15.0,-157617.919,1800,307496.29000000004,906293.66,738381.37,0,227508.67,55419.43,499314.27,n.d.,29777.03,22292.3,31640.23,770021.6,22292.3,-1863.2,n.d.,307496.29000000004,1551177.36,1551177.36,612403.6789999999
2022,24257.32,221593.37,1407780.62,90150.0,13103.35,1061065.96,10728.39,714072.7699999999,5748.150000000001,11142.3,16890.449,581162.1699999999,1073641.569,974151.36,539780.6799999999,n.d.,1298.7,1298.7,2006497.43,2488.4,2019466.079,n.d.,0.0,27802.44,n.d.,26002.44,1061065.96,14.0,-401728.99000000005,1800,112545.68,884001.359,947257.8200000001,0,204852.62,24257.32,437174.38,n.d.,9843.6,7355.2,11142.3,958400.119,7355.2,-1298.7,n.d.,112545.68,1435583.06,1435583.06,556671.13
2021,n.d.,212722.47,1369291.63,90150.0,11563.711,1489820.32,10728.39,947000.04,10469.08,5947.77,16416.849,372848.12,1107125.6900000002,966796.16,455336.77,n.d.,2765.73,2765.73,2450084.75,2087.409,2450084.75,n.d.,0.0,6338.95,572.8499999999999,3966.1,1489820.32,14.0,-488510.81,1800,49443.47,876646.16,954316.66,0,185383.56,n.d.,408834.42,n.d.,3182.04,1094.63,5947.77,960264.429,1094.63,-2765.73,n.d.,49443.47,1375630.58,1375630.58,471753.62
2020,n.d.,278947.61,1367432.87,90150.0,17258.420000000002,1500153.46,n.d.,650590.08,11956.21,14805.19,26761.4,624549.25,996191.72,965701.53,469291.56,n.d.,7668.91,7668.91,2501869.08,1834.07,2501869.08,n.d.,0.0,16198.03,4697.85,9700.18,1500153.46,14.0,-505662.66,1800,92293.54,875551.529,986910.429,0,138981.76,n.d.,417929.37,n.d.,7136.28,5302.21,14805.19,1001715.62,5302.21,-7668.91,n.d.,92293.54,1383630.9,1383630.9,496052.96
2019,9172.9,286336.48000000004,1445174.29,90150.0,12574.82,1044578.4500000001,102390.68000000001,718924.9500000001,9601.3,5702.67,15303.97,578754.51,1011342.98,960401.14,461945.81,n.d.,2528.21,2528.21,2013687.48,1241.1699999999998,2013687.48,n.d.,1040.23,26723.79,6760.35,18163.44,1044578.45,13.0,-491859.25,1800,147494.83,870251.14,963406.3600000001,0,113596.88,9172.9,502324.04,n.d.,4214.6900000000005,2973.519,5702.67,969109.03,2973.519,-1487.98,n.d.,147494.83,1471898.08,1471898.08,478290.01
2018,20122.309999999998,307105.35,1402420.86,90151.82,30778.59,1246155.51,n.d.,783801.3600000001,12703.0,31504.5,44207.5,541806.7,1018502.71,957427.62,383801.47,n.d.,7908.269999999999,7908.2699999999995,2168266.18,5520.64,2168594.18,n.d.,0.0,33746.09,6760.35,26985.74,1246155.51,12.0,-494429.7,n.d.,76812.8,867275.7989999999,890934.169,970.42,150541.25,21092.73,457646.6,n.d.,23596.23,18075.59,31504.5,922438.6699999999,18075.59,-7908.269999999999,n.d.,76812.8,1436166.95,1436166.95,428008.97
2017,30919.56,294246.13,1337945.95,90151.82,28773.93,1370391.23,n.d.,599332.52,11565.42,22521.460000000003,34086.880000000005,487681.7,792768.09,939052.03,371752.6,n.d.,167.26,167.26,2259160.25,5145.6900000000005,2259525.25,n.d.,0.0,36668.850000000006,n.d.,36668.850000000006,1370391.23,11.0,-483294.54,n.d.,250931.73,848900.21,866612.56,447.96,109949.12,31367.52,404195.25,n.d.,22354.2,17208.51,22521.460000000003,889134.02,17208.51,-167.26,n.d.,250931.73,1374614.8,1374614.8,405839.48
2016,41566.78,351760.87,1353585.76,90151.82,41529.76,2838346.3099999996,n.d.,573928.61,14187.76,36944.21,51131.97,267635.0,489802.74,921843.52,338994.81,n.d.,657.51,657.51,3731151.4,8946.730000000001,3731151.4,n.d.,2.029,47031.380000000005,n.d.,47031.380000000005,2838346.31,11.0,-502678.31,n.d.,512022.15,831691.7,855860.879,447.96,84998.01,42014.74,436758.88,n.d.,36288.73,27342.0,36944.21,892805.0889999999,27342.0,-655.481,n.d.,512022.15,1400617.14,1400617.14,390128.81
2015,52066.03,304143.59,1242657.64,90151.82,14949.16,1013565.72,n.d.,481126.65,8930.66,9397.8,18328.460000000003,611243.53,788226.59,894501.52,340942.81,n.d.,1356.47,n.d.,1881385.09,2022.83,1881385.09,n.d.,0.0,61219.14,n.d.,61219.14,1013565.72,11.0,-508548.1,n.d.,150287.46,804349.7,858421.57,0,53165.64,52066.03,357309.23000000004,n.d.,8041.33,6018.5,9397.8,867819.37,6018.5,-1356.47,n.d.,150287.46,1303876.78,1303876.78,357914.8
2014,5689.429999999999,389076.5,1322936.76,90151.82,23231.58,1045724.06,n.d.,744396.89,10900.42,16648.75,27549.17,452758.53,808078.919,888483.02,338120.14,n.d.,157.85000000000002,157.85000000000002,1936316.94,4227.06,1936316.94,n.d.,67.32,22655.47,n.d.,22655.47,1045724.06,11.0,-524923.569,n.d.,125781.34,798331.2,873944.129,0,62343.28,5689.429999999999,451419.78,n.d.,16558.22,12331.16,16648.75,890592.879,12331.16,-90.53,n.d.,125781.34,1345592.23,1345592.23,365736.629
2013,18387.17,228781.73,1171890.42,90151.82,26274.309,1832983.24,n.d.,508882.31,11150.56,20286.37,31436.93,336362.57,616463.15,876151.8600000001,369158.66,n.d.,317.61,317.61,2752905.16,5046.25,2752905.16,n.d.,201.24,32186.56,n.d.,32186.56,1832983.24,12.0,-519326.33,n.d.,326645.54,786000.039,899635.549,0,80756.22,18387.17,309537.95,n.d.,20170.0,15123.75,20286.37,919921.92,15123.75,-116.37,n.d.,325491.68,1204076.98,1204076.98,400796.829
2012,31009.85,229155.02,1123931.77,90151.82,36503.75,1201656.71,n.d.,374440.15,14390.84,30386.91,44777.75,240040.7,385325.83,861028.11,357360.3,n.d.,851.43,851.43,2136230.299,7560.969999999999,2136230.299,n.d.,138.4,43177.11,n.d.,43177.11,1201656.71,11.0,-532435.539,n.d.,509450.92,770876.2899999999,904186.678,0,45915.9,31009.85,275070.92000000004,n.d.,29673.88,22112.91,30386.91,934573.5889999999,22112.91,-713.03,n.d.,509450.92,1167108.88,1167108.88,402276.45
2011,29740.05,241324.75,1137280.91,90151.82,21849.699,1621989.26,n.d.,601606.1699999999,15863.91,7044.9,22908.809,367740.6,728022.02,838915.2,347915.83,n.d.,1023.27,1023.2700000000001,2517887.49,2189.36,2517887.49,n.d.,2153.52,40974.56,n.d.,40974.56,1621989.26,12.0,-525073.5889999999,n.d.,167934.14,748763.38,888853.329,0,68275.47,29740.05,309600.22000000003,n.d.,8175.150000000001,5985.789,7044.9,895898.23,5985.789,1130.25,n.d.,167934.14,1178255.47,1178255.47,372978.16
2010,38557.97,274767.6,1129341.41,90151.82,51172.41,1503269.46,n.d.,517938.08,18135.480000000003,42198.27,60333.75,311591.72000000003,554762.2,832929.41,352972.83,n.d.,935.95,935.9499999999999,2414295.96,11279.01,2414295.96,n.d.,3053.62,56386.01,n.d.,56386.01,1503269.46,13.0,-497719.92000000004,n.d.,299811.61,742777.59,868828.23,0,39472.44,38557.97,314240.04,n.d.,44315.94,33036.93,42198.27,911026.5,33036.93,2117.67,n.d.,299811.61,1185727.42,1185727.42,416360.2
2009,7128.71,202434.22,1004757.04,90151.82,-4404.649,908512.8400000001,n.d.,283146.52,20580.95,-35099.61,-14518.66,350373.19,431085.4900000001,799892.48,348421.02,n.d.,491.01,491.01,1728942.08,-8236.1,1728942.08,n.d.,2368.92,37930.310000000005,n.d.,29694.21,908512.84,12.0,-486526.88,8236.1,371237.33,709740.66,855528.8500000001,0,33231.94,7128.71,235666.16,n.d.,-33221.69899999999,-24985.599,-35099.61,820429.24,-24985.599,1877.91,n.d.,371237.33,1042687.35,1042687.35,336271.281
2008,18865.55,490285.93000000005,1408474.88,90151.82,37477.56,1448057.55,n.d.,479637.64,26115.52,-525.88,25589.64,360225.17,349576.88,824878.08,453305.88,n.d.,1226.21,1226.21,2422270.38,3492.21,2422270.38,n.d.,16606.34,47745.27,n.d.,47745.27,1448057.55,15.0,-495317.31,n.d.,568612.07,734726.26,974738.71,0,122190.59,18865.55,612476.52,n.d.,14854.25,11362.04,-525.88,974212.829,11362.04,15380.13,n.d.,568612.07,1456220.15,1456220.15,495501.86
2007,224045.67,n.d.,1182033.22,90151.82,48102.16,n.d.,n.d.,460064.87,22250.88,20109.28,42360.16,321120.0,781184.87,624463.07,445061.06,452.2,1464.1699999999998,1464.1699999999998,2523060.19,8617.1,2523060.19,2812.8,13462.67,69626.34,68236.14,1390.2,1554775.7,16.0,n.d.,0,400848.35,534311.25,n.d.,n.d.,403150.82,224045.67,403150.82,n.d.,32107.78,23490.68,20109.28,n.d.,25851.28,11998.5,2360.6,400848.35,1251659.56,1251659.56,503244.4900000001
2006,236298.51,n.d.,1370368.5990000002,90151.82,89979.72,n.d.,n.d.,499482.88,22834.69,83999.29,106833.98,390855.0,890337.88,598611.7899999999,758654.3,233,3297.3700000000003,3297.3700000000003,3368700.42,28776.44,3368700.42,4781.95,10670.6,69982.82,69365.42,617.4,2326061.69,18.0,n.d.,0,480030.719,508459.97,n.d.,n.d.,605441.12,236298.51,605441.12,n.d.,91372.52,62596.08,83999.29,n.d.,67145.03,7373.23,4548.95,478367.08,1440351.42,1440351.42,880707.8300000001
2005,244156.84,n.d.,1251695.44,90151.82,94020.799,n.d.,n.d.,658167.2,23656.04,87670.62000000001,111326.66,230085.0,888252.2,531466.76,543375.59,520.7700000000001,1884.91,1884.91,4000446.88,28435.03,4000446.88,2754.02,10780.83,79423.43,71662.07,7761.360000000001,3142550.42,19.0,n.d.,0,363443.24,441314.94,n.d.,n.d.,555495.2699999999,244156.84,555495.2699999999,n.d.,96566.54,68131.51,87670.62000000001,n.d.,70364.76,8895.92,2233.25,361445.29,1331118.87,1331118.87,667716.3300000001
2004,238603.3,n.d.,1402905.8,90151.82,92596.49,n.d.,n.d.,413052.38,25653.99,86914.22,112568.21,490201.8,903254.179,461102.0,778673.08,n.d.,1806.1,1806.1,3653291.93,29148.61,3653291.93,1790.54,9192.45,70049.33,53185.77,16863.56,2568317.94,22.0,n.d.,0,499651.62,370950.18,n.d.,n.d.,773249.8300000001,238603.3,773249.8300000001,n.d.,94300.57,65151.96,86914.22,n.d.,66942.5,7386.35,1790.54,497928.12,1472955.13,1472955.13,902224.279
2003,216272.97999999998,n.d.,1846366.95,90151.82,69421.81,n.d.,n.d.,766217.01,25379.0,51413.4,76792.4,449195.83,1215412.84,394159.5,637677.61,604.6700000000001,692.3599999999999,692.3599999999999,2891521.94,21179.26,2891521.94,3393.92,11711.78,42102.880000000005,17750.97,24351.91,2002051.83,20.0,n.d.,0,630954.1089999999,304007.68,n.d.,n.d.,1278037.35,216272.97999999998,1278037.35,n.d.,62432.82,41253.56,51413.4,n.d.,44042.810000000005,11019.42,2789.25,630954.11,1888469.83,1888469.83,728971.039
2002,216272.97999999998,n.d.,1002326.51,90151.82,43986.13,n.d.,n.d.,98574.32,26209.28,22746.7,48955.979,412350.3,510924.62,350116.69,608964.58,6086.87,2735.1,2734.9500000000003,3100181.26,23624.58,3100181.26,3716.57,23760.13,63426.78999999999,29930.74,33496.05,2244202.29,20.0,n.d.,0,491401.889,259964.87,n.d.,n.d.,499363.63,216272.97999999998,499363.63,n.d.,43771.73,20147.15,22746.7,n.d.,17776.85,21025.03,-2370.299,491401.89,1065753.3,1065753.3,679310.24
2001,216272.97999999998,n.d.,1529666.549,90151.82,73326.33,n.d.,n.d.,128334.4,27468.95,45241.55,72710.5,228675.83,357010.23000000004,332339.83,657163.81,4349.89,3018.22,2958.52,2472367.84,19653.17,2472367.84,2229.46,25407.65,89636.05,42223.17,47412.880000000005,1577106.7,20.0,n.d.,0,1172656.319,242188.01,n.d.,n.d.,1070689.79,216272.97999999998,1070689.79,n.d.,67630.98,47977.810000000005,45241.55,n.d.,45857.380000000005,22389.43,-2120.4300000000003,1172607.91,1619302.6,1619302.6,753101.8300000001
2000,224091.31,n.d.,822977.4600000001,90151.82,62999.43,n.d.,n.d.,81171.77,23691.89,37238.33,60930.22,243590.84,324762.61,286482.44,506253.45,n.d.,2473.68,2355.68,2225948.72,20953.97,2225948.72,6702.320000000001,18794.55,99717.1,54515.619999999995,45201.48,1517536.36,18.0,n.d.,0,498214.85,196330.62,n.d.,n.d.,412120.8,224091.31,412120.8,n.d.,53559.21,32605.239,37238.33,n.d.,39307.54,16320.88,6702.320000000001,497325.97,922694.55,922694.55,592562.53
1999,243071.72,n.d.,720779.19,90151.82,44664.49,n.d.,n.d.,338402.38,18458.64,70652.69,89111.33,102494.11,440896.4900000001,247174.9,475361.86,38428.93,5516.96,4912.31,2217606.88,14436.42,2217606.88,10232.56,3702.9,102526.41,82664.83,19861.58,1524866.55,18.0,n.d.,0,279882.7,157023.08,n.d.,n.d.,333058.97000000003,243071.72,333058.97000000003,n.d.,68838.63,54402.21,70652.69,n.d.,26205.85,-1814.06,-28196.37,277085.64,823305.6,823305.6,539375.08
