Año,Acreedores a L. P.,Acreedores comerciales,Activo circulante,Capital suscrito,Cash flow,Consumo de mercaderías y de materias,Deudas financieras,Deudores,Dotaciones para amortiz. de inmovil.,EBIT,EBITDA,Existencias,Fondo de maniobra,Fondos propios,Gastos de personal,Gastos extraordinarios,Gastos financieros,Gastos financieros y gastos asimilados,Importe neto Cifra de Ventas,Impuestos sobre sociedades,Ingresos de explotación,Ingresos extraordinarios,Ingresos financieros,Inmovilizado,Inmovilizado inmaterial,Inmovilizado material,Materiales,Número empleados,Otros Conceptos de Explotación,Otros activos fijos,Otros activos líquidos,Otros fondos propios,Otros gastos de explotación,Otros pasivos fijos,Otros pasivos líquidos,Pasivo fijo,Pasivo líquido,Provisiones,Result. ordinarios antes Impuestos,Resultado Actividades Ordinarias,Resultado Explotación,Resultado bruto,Resultado del Ejercicio,Resultado financiero,Resultados actividades extraordinarias,Tesorería,Total activo,Total pasivo y capital propio,Valor agregado
2023,5073.29,51239.54,218289.87,3006.0,22182.13,233901.97,12242.46,34883.61,4391.0,24736.41,29127.41,24968.0,8612.07,126123.88,104457.45,n.d.,1159.21,1159.21,430880.91,5786.07,430880.91,n.d.,0,18365.24,n.d.,18365.24,256069.97,4,-63394.079,n.d.,158438.26,123117.88,172242.52899999998,0,41975.94,5073.29,105457.94,n.d.,23577.2,17791.129999999997,24736.41,196978.93899999998,17791.129999999997,-1159.21,n.d.,155346.57,236655.11,236655.11,133584.85899999997
2022,8910.17,32108.17,172368.87999999998,3006.0,42630.14,259241.55,7327.39,36480.71,3211.44,54768.7,57980.14,2800.0,7172.54,108504.75,89379.87000000001,n.d.,930.62,930.62,456492.04,14419.38,456766.959,n.d.,0,22756.24,n.d.,22756.24,259241.55,4,-50165.4,n.d.,133088.169,105498.75,142756.71000000002,0,38274.64,8910.17,77710.2,n.d.,53838.08,39418.7,54768.7,197525.40899999999,39418.7,-930.62,n.d.,130651.42,195125.12,195125.12,147360.01
2021,13261.52,31910.69,134239.76,3006.0,14301.71,254664.78,1415.01,43777.73,3114.42,17134.06,20248.480000000003,2800.0,14667.04,69086.05,92740.15,n.d.,909.29,909.29,417443.9900000001,5037.48,417761.9900000001,n.d.,0,15432.18,n.d.,15432.18,254664.78,4,-50108.58,n.d.,87662.03,66080.05,145963.15,0,33998.67,13261.52,67324.37000000001,n.d.,16224.77,11187.29,17134.06,163097.21000000002,11187.29,-909.29,n.d.,87547.03,149671.94,149671.94,112988.62900000002
2020,15000,28199.3,102735.25,3006.0,7765.469,164359.09,38.61,39294.52,1336.61,10927.08,12263.69,2800.0,13895.219,57898.76,76053.02,n.d.,1110.88,1110.88,294389.11,3452.12,294389.11,n.d.,64.78,4827.59,n.d.,4827.59,164359.09,2,-41713.310000000005,n.d.,60640.72899999999,54892.76,119102.93999999999,0,6426.17,15000,34664.08,n.d.,9880.98,6428.860000000001,10927.08,130030.019,6428.860000000001,-1046.1,n.d.,57044.82,107562.84,107562.84,88381.48999999999
2019,833.3399999999999,14292.62,76457.95999999999,3006.0,10104.15,186459.11000000002,257.339,41933.93,1306.02,14577.16,15883.18,2800.0,30441.309,51469.9,73722.0,n.d.,1220.1799999999998,1220.1799999999998,327586.07,4558.85,327586.07,n.d.,0,6164.2,n.d.,6164.2,186459.11,2,-51521.78,n.d.,31724.03,48463.899,126549.8,0,15768.96,833.3399999999999,30318.92,n.d.,13356.98,8798.130000000001,14577.16,141126.96,8798.130000000001,-1220.1799999999998,n.d.,31609.03,82622.16,82622.16,89605.18000000001
2018,n.d.,19115.79,95292.92,3006.0,21273.02,136906.13,1951.73,63655.46,1421.77,27145.64,28567.41,2800.0,47339.669,42671.77,69409.3,n.d.,677.3,677.3,284042.24,6617.09,284042.24,n.d.,0,1650.22,n.d.,1650.22,136906.13,3,-49159.4,n.d.,28837.460000000003,39665.77,119990.47,0,33203.850000000006,n.d.,54271.37,n.d.,26468.34,19851.25,27145.64,147136.11000000002,19851.25,-677.3,n.d.,28757.460000000003,96943.14,96943.14,97976.71
2017,n.d.,20975.73,91446.61,3005.9300000000003,11949.259,191325.43,8435,63543.82,2427.8900000000003,12905.05,15332.939,6100.0,48668.09,22820.52,63445.26,n.d.,710.64,710.64,313716.73000000004,2673.04,313716.73000000004,n.d.,0,3071.99,n.d.,3071.99,163025.43,3,-43613.1,n.d.,21802.79,19814.59,109486.25,0,42287.350000000006,n.d.,71698.08,n.d.,12194.41,9521.369,12905.05,122391.299,9521.369,-710.64,n.d.,21722.79,94518.6,94518.6,78778.2
2016,n.d.,24097.45,78616.9,3005.9300000000003,7672.68,157696.18,n.d.,26827.45,3015.86,5280.84,8296.7,41480.0,44210.0,13299.15,55076.350000000006,n.d.,624.02,624.02,260660.9,n.d.,260660.9,n.d.,0,4508.14,n.d.,4508.14,157696.18,1,-39591.67,n.d.,10309.45,10293.22,97683.87900000002,0,45728.44,n.d.,69825.89,n.d.,4656.820000000001,4656.820000000001,5280.84,102964.72,4656.820000000001,-624.02,n.d.,10229.45,83125.04,83125.04,63373.049
2015,n.d.,14893.79,84061.31,3005.9300000000003,3032.86,166983.65,3574.79,33777.23,1351.21,2566.07,3917.28,41480.0,60363.44,8642.33,53849.87,n.d.,884.42,884.42,265414.75,n.d.,265834.75,n.d.,0,7243.94,n.d.,7243.94,166983.65,1,-41083.950000000004,n.d.,8804.08,5636.4,96285.03,0,64194.34,n.d.,82662.92,n.d.,1681.65,1681.65,2566.07,98851.1,1681.65,-884.42,n.d.,8724.08,91305.25,91305.25,57767.15
2014,n.d.,21514.960000000003,100686.75,3005.9300000000003,7439.360000000001,113525.1,4233.17,50460.51,6794.98,1851.72,8646.699,41480.0,70425.55,6960.68,38813.6,n.d.,1207.34,1207.34,199350.69,n.d.,199350.69,n.d.,0,6287.94,-3628.19,9916.13,113525.1,n.d.,-38365.28999999999,n.d.,8746.240000000002,3954.749,83973.87000000001,0,74265.88,n.d.,100014.01,n.d.,644.38,644.38,1851.72,85825.59,644.38,-1207.34,n.d.,8666.240000000002,106974.69,106974.69,47460.29899999999
2013,n.d.,13032.56,104153.75,3005.9300000000003,5729.41,119032.70999999999,n.d.,54533.59,5149.26,1313.93,6463.1900000000005,41480.0,82981.03,6316.3,61581.33,n.d.,810.03,810.03,228918.52,n.d.,229338.52,n.d.,76.25,13082.92,n.d.,13082.92,119032.71,1,-42261.28999999999,n.d.,8140.160000000001,3310.369,108991.88,0,97887.81,n.d.,110920.37,n.d.,580.15,580.15,1313.93,110305.80900000001,580.15,-733.7800000000001,n.d.,7372.71,117236.67,117236.67,68120.77
2012,n.d.,15453.369999999999,78414.81,3005.9300000000003,-3401.0,111911.75,n.d.,24703.51,5924.17,-9055.32,-3131.149,41480.0,50730.139,5736.150000000001,78185.43999999999,n.d.,269.85,269.85,221891.01,n.d.,221891.01,n.d.,0,17782.18,n.d.,17782.18,125611.75,2,-34924.97,n.d.,12231.3,2730.219,119034.57900000001,0,75007.47,n.d.,90460.84,n.d.,-9325.17,-9325.17,-9055.32,109979.26,-9325.17,-269.85,n.d.,9760.48,96196.99,96196.99,75054.29
2011,n.d.,21263.18,55315.92,3005.9300000000003,8455.38,141339.46,n.d.,12377.66,7154.31,2129.8900000000003,9284.2,27780.0,18894.480000000003,15061.32,55744.77,n.d.,503.58,503.58,243236.74,325.27,243461.74,n.d.,0.03,23706.35,n.d.,23706.35,141339.46,2,-37093.310000000005,n.d.,15158.26,12055.39,99992.38900000001,0,42697.77,n.d.,63960.95,n.d.,1626.34,1301.07,2129.8900000000003,102122.28,1301.07,-503.55,n.d.,15158.26,79022.27,79022.27,65028.999
2010,n.d.,13159.3,74891.05,3005.9300000000003,8339.99,93809.20999999999,n.d.,34400.71,7222.3,1743.15,8965.449999999999,27780.0,49021.41,13760.25,51327.37,n.d.,346.7,346.7,200693.54,279.41999999999996,200693.54,n.d.,0.6600000000000001,27438.78,n.d.,27438.78,93809.21,2,-46591.51,n.d.,12710.34,10754.32,105141.18000000001,0,75410.28,n.d.,88569.58,n.d.,1397.11,1117.689,1743.15,106884.33,1117.689,-346.039,n.d.,12710.34,102329.83,102329.83,60293.48
2009,2536.3500000000004,28925.66,63969.84,3005.9300000000003,7054.620000000001,122553.87000000001,n.d.,16267.23,6731.67,1438.22,8169.89,27780.0,15121.569,12642.56,71665.85,n.d.,1008.43,1008.43,256642.38,107.64999999999999,256642.38,n.d.,0.81,33611.08,18.650000000000002,33592.43,137153.87,2,-54252.77,n.d.,19922.61,9636.63,132650.29,0,53476.350000000006,2536.3500000000004,82402.01,n.d.,430.6,322.95,1438.22,134088.51,322.95,-1007.62,n.d.,19918.41,97580.92,97580.92,79836.55
2008,10426.1,16794.280000000002,78193.48999999999,3005.9300000000003,6902.7,155917.69,324.28,45773.1,5774.7,3674.72,9449.42,13180.0,42158.82,12319.61,75110.52,n.d.,2232.71,2232.71,278490.45,376,278490.45,n.d.,61.99,30137.05,55.44,30081.61,155917.69,3,-38012.82,n.d.,19240.39,9313.68,118898.04,0,68466.27,10426.1,85584.83,n.d.,1504.0,1128.0,3674.72,122572.76,1128.0,-2170.72,n.d.,19240.39,108330.54,108330.54,84621.93
2007,20708.52,n.d.,69214.86,3005.9300000000003,13323.16,n.d.,n.d.,10412.52,11749.47,4334.26,16083.73,12690.0,23102.52,11191.61,86081.85,n.d.,2418.78,2418.78,372354.06,524.57,372354.06,n.d.,182.78,43417.93,14128.949999999999,29288.980000000003,243357.38,3,n.d.,0,46112.34,8185.68,n.d.,n.d.,80732.66,20708.52,80732.66,n.d.,2098.26,1573.6899999999998,4334.26,n.d.,1573.6899999999998,-2236.0,n.d.,46112.34,112632.79,112632.79,102348.36
2006,18460.460000000003,n.d.,124161.19,3005.9300000000003,12326.43,n.d.,n.d.,48164.75,11191.37,4024.86,15216.23,69700.0,117864.75,9617.92,65114.77,n.d.,2412.6,2412.6,212844.13,486.45,212844.13,n.d.,9.25,38814.24,22441.2,16373.04,110094.4,1,n.d.,0,6296.44,6611.99,n.d.,n.d.,134897.05,18460.460000000003,134897.05,n.d.,1621.51,1135.06,4024.86,n.d.,1135.06,-2403.3500000000004,n.d.,5763.07,162975.43,162975.43,80340.25
2005,24952.57,n.d.,75184.62000000001,3005.9300000000003,6929.599,n.d.,n.d.,20227.33,6015.820000000001,4153.68,10169.5,47700.0,67927.33,8482.859999999999,62328.97,n.d.,2848.28,2848.28,177926.18,391.62,196145.37,n.d.,n.d.,31050.22,29220.829999999998,1829.39,97283.44,2,n.d.,0,7257.289,5476.929999999999,n.d.,n.d.,72799.40999999999,24952.57,72799.40999999999,n.d.,1305.4,913.78,4153.68,n.d.,913.78,-2848.28,n.d.,6272.860000000001,106234.84,106234.84,72498.47
2004,21057.17,n.d.,61370.17,3005.9300000000003,7085.98,n.d.,n.d.,2393.65,6335.22,3046.62,9381.84,50525.0,52918.65,7569.08,60799.34,118.05,1856.59,1856.59,162291.05,321.74,162291.05,n.d.,0.52,35408.97,33739.659,1669.31,65910.6,1,n.d.,0,8451.52,4563.150000000001,n.d.,n.d.,68152.89,21057.17,68152.89,n.d.,1190.55,868.81,3046.62,n.d.,750.76,-1856.07,-118.05,6656.110000000001,96779.14,96779.14,70063.65000000001
2003,17255.89,n.d.,38874.53,3005.9300000000003,6845.73,n.d.,n.d.,3326.03,5993.92,2675.38,8669.3,10215.0,13541.03,6818.320000000001,36261.08,n.d.,1458.52,1458.52,153627.46,365.05,153627.46,n.d.,n.d.,26836.28,22721.51,4114.77,96076.87,1,n.d.,0,25333.5,3812.39,n.d.,n.d.,41636.6,17255.89,41636.6,n.d.,1216.86,851.81,2675.38,n.d.,851.81,-1458.52,n.d.,23738.01,65710.81,65710.81,44930.380000000005
2002,23663.59,n.d.,19127.32,3005.9300000000003,6835.73,n.d.,n.d.,4244.25,7096.49,1118.1899999999998,8214.68,14000.0,18244.25,5705.75,41665.52,n.d.,1378.95,1378.95,106873.27,n.d.,106873.27,n.d.,n.d.,32830.19899999999,27490,5340.2,45480.65,1,n.d.,0,883.069,2699.82,n.d.,n.d.,22588.18,23663.59,22588.18,n.d.,-260.76,-260.76,1118.1899999999998,n.d.,-260.76,-1378.95,n.d.,883.07,51957.52,51957.52,49880.19899999999
2001,7770.18,n.d.,11014.98,3006.0,4177.8,n.d.,n.d.,3218.66,2923.17,2515.29,5438.46,692.55,3911.21,5214.820000000001,41469.17,n.d.,722.97,722.97,110066.8,537.69,110066.8,n.d.,n.d.,20138.75,14767.49,5371.26,53185.97,3,n.d.,0,7103.77,2208.8190000000004,n.d.,n.d.,18168.73,7770.18,18168.73,n.d.,1792.32,1254.629,2515.29,n.d.,1254.63,-722.97,n.d.,6208.91,31153.73,31153.73,46907.63
2000,10985.43,n.d.,14458.81,3006.0,5426.18,n.d.,n.d.,1997.61,1448.07,5110.320000000001,6558.389,2291.36,4288.969999999999,3960.19,35620.68,82.35,640.93,640.93,119583.47,408.94,119583.47,n.d.,n.d.,16913.95,16763.689,150.25,64684.97,2,n.d.,0.01,10169.84,954.19,n.d.,n.d.,16427.129999999997,10985.43,16427.129999999997,n.d.,4469.4,4060.459,5110.320000000001,n.d.,3978.11,-640.93,-82.35,8709.82,31372.75,31372.75,42096.73
1999,,,,,,,,,,,,,,,,,,,,,,,,,,,,,,,,,,,,,,,,,,,,,,,,,
