Año,Acreedores a L. P.,Acreedores comerciales,Activo circulante,Capital suscrito,Cash flow,Consumo de mercaderías y de materias,Deudas financieras,Deudores,Dotaciones para amortiz. de inmovil.,EBIT,EBITDA,Existencias,Fondo de maniobra,Fondos propios,Gastos de personal,Gastos extraordinarios,Gastos financieros,Gastos financieros y gastos asimilados,Importe neto Cifra de Ventas,Impuestos sobre sociedades,Ingresos de explotación,Ingresos extraordinarios,Ingresos financieros,Inmovilizado,Inmovilizado inmaterial,Inmovilizado material,Materiales,Número empleados,Otros Conceptos de Explotación,Otros activos fijos,Otros activos líquidos,Otros fondos propios,Otros gastos de explotación,Otros pasivos fijos,Otros pasivos líquidos,Pasivo fijo,Pasivo líquido,Provisiones,Result. ordinarios antes Impuestos,Resultado Actividades Ordinarias,Resultado Explotación,Resultado bruto,Resultado del Ejercicio,Resultado financiero,Resultados actividades extraordinarias,Tesorería,Total activo,Total pasivo y capital propio,Valor agregado
2023,n.d.,18378.960000000003,103.92,3050.0,-1522.97,104010.06,n.d.,n.d.,1803.04,-3263.3,-1460.26,n.d.,-18378.960000000003,-59104.06,26117.05,n.d.,62.71,62.71,137030.28,n.d.,137030.28,n.d.,0,48531.75,n.d.,48531.75,104010.06,n.d.,-8363.43,n.d.,103.92,-62154.06,36283.52,0,89360.77,n.d.,107739.73,n.d.,-3326.01,-3326.01,-3263.3,33020.219999999994,-3326.01,-62.71,n.d.,103.92,48635.67,48635.67,24656.79
2022,3203.9300000000003,30898.32,430.24,3050.0,-6364.13,82408.18000000001,n.d.,n.d.,1803.04,-7945.28,-6142.24,n.d.,-30898.32,-155571.5,39093.06,n.d.,221.89,221.89,126465.59,n.d.,126465.59,n.d.,0,50334.78999999999,n.d.,50334.78999999999,82408.18000000001,n.d.,-11106.59,n.d.,430.24,-158621.5,52002.689,0,172234.28,3203.9300000000003,203132.6,n.d.,-8167.17,-8167.17,-7945.28,44057.41,-8167.17,-221.89,n.d.,430.24,50765.03,50765.03,32950.82
2021,6903.64,55210.37,217.04,3050.0,-1781.429,123961.86,n.d.,n.d.,1803.04,-3072.56,-1269.52,n.d.,-55210.37,-147404.33,49663.52,n.d.,511.91,511.91,188781.78,n.d.,188781.78,n.d.,0,52137.83,n.d.,52137.83,123961.86,n.d.,-16425.918999999998,n.d.,217.04,-150454.33,67892.478,0,137645.19,6903.64,192855.56,n.d.,-3584.4700000000003,-3584.4700000000003,-3072.56,64819.92,-3584.4700000000003,-511.91,n.d.,217.04,52354.87,52354.87,48394.0
2020,14994.82,19606.09,n.d.,3050.0,-16567.849,120414.37000000001,n.d.,n.d.,3002.02,-18624.25,-15622.23,n.d.,-19606.09,-143819.86,49591.36,n.d.,945.62,945.62,179107.81999999998,n.d.,179107.81999999998,n.d.,0,53940.87,n.d.,53940.87,120414.37,n.d.,-24724.32,n.d.,n.d.,-146869.86,77317.7,0,163159.81999999998,14994.82,182765.91,n.d.,-19569.87,-19569.87,-18624.25,58693.450000000004,-19569.87,-945.62,n.d.,n.d.,53940.87,53940.87,33969.13
2019,23077.88,18309.82,2558.17,3050.0,5752.95,148090.71000000002,n.d.,n.d.,3036.52,4072.25,7108.77,n.d.,-18309.82,-124249.99,56215.36,n.d.,1355.82,1355.82,250583.64,n.d.,250583.64,n.d.,0,56942.89,n.d.,56942.89,148090.71000000002,n.d.,-39168.8,n.d.,2558.17,-127299.99,98420.68000000001,0,142363.34999999998,23077.88,160673.17,n.d.,2716.4300000000003,2716.4300000000003,4072.25,102492.93,2716.4300000000003,-1355.82,n.d.,2558.17,59501.06,59501.06,63324.13
2018,30749.8,19418.609999999997,4075.3100000000004,3050.0,-27077.55,163595.38999999998,n.d.,n.d.,3036.52,-29197.38,-26160.86,n.d.,-19418.609999999997,-126966.42,96341.4,n.d.,916.69,916.69,276374.09,n.d.,276374.09,n.d.,0,59979.41,n.d.,59979.41,163595.38999999998,2,-42598.159999999996,n.d.,4075.3100000000004,-130016.42,141976.08,0,140852.729,30749.8,160271.34,n.d.,-30114.07,-30114.07,-29197.38,112778.7,-30114.07,-916.69,n.d.,4075.3100000000004,64054.72,64054.72,70180.54
2017,20228.23,28643.12,810.66,3050.0,-2173.9790000000003,169771.77000000002,n.d.,242,4924.72,-6090.04,-1165.319,n.d.,-28401.12,-96852.35,66838.35,n.d.,1008.66,1008.66,277784.82,n.d.,277784.82,n.d.,0,63015.93,n.d.,63015.93,169771.77000000002,1,-42340.02,n.d.,568.66,-99902.349,114103.09,0,111807.59,20228.23,140450.71000000002,n.d.,-7098.7,-7098.7,-6090.04,108013.05,-7098.7,-1008.66,n.d.,568.66,63826.59,63826.59,65673.03
2016,23220.809999999998,39512.4,1765.1899999999998,3050.0,-22301.01,206835.56,n.d.,n.d.,7101.1,-28348.77,-21247.67,n.d.,-39512.4,-89753.65000000001,71290.76,n.d.,1053.34,1053.34,298619.46,n.d.,298619.46,n.d.,0,67940.65000000001,n.d.,67940.65000000001,206835.56,1,-41740.810000000005,n.d.,1765.1899999999998,-92803.65,120132.67000000001,0,96726.28,23220.809999999998,136238.68,n.d.,-29402.11,-29402.11,-28348.77,91783.9,-29402.11,-1053.34,n.d.,1765.1899999999998,69705.84,69705.84,50043.089
2015,26089.07,38439.91,2187.3700000000003,3050.0,-1228.409,203481.97999999998,n.d.,n.d.,7101.1,-7008.73,92.37,n.d.,-38439.91,-60351.54,65693.47,n.d.,1320.78,1320.78,309987.45,n.d.,309987.45,n.d.,0,75041.75,n.d.,75041.75,203481.98,3,-40719.63,n.d.,2187.3700000000003,-63401.54,113514.2,0,73051.68000000001,26089.07,111491.59,n.d.,-8329.51,-8329.51,-7008.73,106505.47,-8329.51,-1320.78,n.d.,2187.3700000000003,77229.12000000001,77229.12000000001,65785.84
2014,33939.310000000005,37660.92,1692.74,3050.0,-7637.660000000001,184648.08,n.d.,n.d.,7101.1,-13037.75,-5936.650000000001,n.d.,-37660.92,-52022.03,70292.52,n.d.,1701.01,1701.01,294187.27,n.d.,294187.27,n.d.,0,82142.85,n.d.,82142.85,184648.08,3,-45183.32,n.d.,1692.74,-55072.03,122576.93999999999,0,64257.39,33939.310000000005,101918.31,n.d.,-14738.76,-14738.76,-13037.75,109539.19,-14738.76,-1701.01,n.d.,1692.74,83835.59,83835.59,64355.87
2013,47075.92,20319.08,1877.6399999999999,3050.0,-3828.58,180696.84,n.d.,n.d.,7101.1,-8681.78,-1580.6799999999998,n.d.,-20319.08,-37283.27,65555.8,n.d.,2247.9,2247.9,290664.04,n.d.,290664.04,n.d.,0,89243.95,n.d.,89243.95,180696.84,3,-45992.08,n.d.,1877.6399999999999,-40333.27,118648.98,0,61009.86,47075.92,81328.93999999999,n.d.,-10929.68,-10929.68,-8681.78,109967.19900000001,-10929.68,-2247.9,n.d.,1877.6399999999999,91121.59,91121.59,63975.12
2012,60023.98,15409.96,6149.46,3050.0,-2649.23,142603.07,n.d.,n.d.,7101.110000000001,-6317.7,783.409,n.d.,-15409.96,-26353.59,73548.25,n.d.,3432.64,3432.64,266532.53900000005,n.d.,266532.53900000005,n.d.,0,96345.05,n.d.,96345.05,142603.07,3,-49597.810000000005,n.d.,6149.46,-29403.59,130247.17000000001,0,53414.159,60023.98,68824.12000000001,n.d.,-9750.34,-9750.34,-6317.7,123929.468,-9750.34,-3432.64,n.d.,6149.46,102494.51,102494.51,74331.66
2011,72221.20999999999,10582.17,17185.93,3050.0,3836.7799999999997,182325.87,n.d.,n.d.,8614.51,-622.55,7991.96,n.d.,-10582.17,-16603.25,72486.5,n.d.,4155.18,4155.18,308954.8,n.d.,308954.8,n.d.,0,103446.16,n.d.,103446.16,182325.87,3,-46150.47,n.d.,17185.93,-19653.25,127251.48,0,54431.96,72221.20999999999,65014.13,n.d.,-4777.73,-4777.73,-622.55,126628.93,-4777.73,-4155.18,n.d.,17185.93,120632.09,120632.09,80478.459
2010,83572.62000000001,14330.03,8350.32,3050.0,10967.367999999999,198300.99,n.d.,n.d.,10444.210000000001,4250.2,14694.41,n.d.,-14330.03,-11825.52,73285.35,n.d.,3727.04,3727.04,337002.75,n.d.,337002.75,n.d.,0,112060.67,n.d.,112060.67,198300.99,n.d.,-50722,n.d.,8350.32,-14875.521,134451.56,0,34333.86,83572.62000000001,48663.89,n.d.,523.159,523.159,4250.2,138701.76,523.159,-3727.04,n.d.,8350.32,120410.99,120410.99,87979.759
2009,67183.51,28210.4,3052.82,3050.0,17599.86,245703.91,n.d.,n.d.,10568.79,12067.84,22636.63,n.d.,-28210.4,-12348.68,70314.06,n.d.,5036.77,5036.77,390355.32,n.d.,390355.32,n.d.,0,122504.88,n.d.,122504.88,245703.91,1,-51700.719999999994,n.d.,3052.82,-15398.68,132583.57,0,42512.47,67183.51,70722.87000000001,n.d.,7031.07,7031.07,12067.84,144651.41,7031.07,-5036.77,n.d.,3052.82,125557.7,125557.7,92950.69
2008,72887.09,39497.36,3902.75,3050.0,30365.01,225546.21000000002,n.d.,n.d.,9498.11,24786.68,34284.78999999999,n.d.,-39497.36,-19379.75,70401.11,n.d.,3919.78,3919.78,367116.47,n.d.,367116.47,n.d.,0,133073.67,n.d.,133073.67,225546.21,1,-36884.36,n.d.,3902.75,-22429.75,116783.58,0,43971.72,72887.09,83469.08,n.d.,20866.9,20866.9,24786.68,141570.259,20866.9,-3919.78,n.d.,3902.75,136976.41999999998,136976.41999999998,104685.9
2007,90894.69,n.d.,3799.51,3050.0,35680.22899999999,n.d.,n.d.,n.d.,9498.11,30961.95,40460.06,n.d.,n.d.,-40246.65,64771.7,n.d.,4779.83,4779.83,357214.75,n.d.,357214.75,n.d.,n.d.,142571.78,6495.150000000001,136076.63,223833.23,1,n.d.,0,3799.51,-43296.65,n.d.,n.d.,95723.25,90894.69,95723.25,n.d.,26182.12,26182.12,30961.95,n.d.,26182.12,-4779.83,n.d.,3799.51,146371.29,146371.29,105231.76
2006,97701.11,n.d.,1033.829,3050.0,27984.87,n.d.,n.d.,n.d.,9498.11,31205.16,40703.27,n.d.,n.d.,-66428.77,42368.54,n.d.,12718.4,12718.4,289460.08,n.d.,289460.08,n.d.,n.d.,152069.88999999998,8493.66,143576.23,182248.78,1,n.d.,0,1033.829,-69478.77,n.d.,n.d.,121831.38,97701.11,121831.38,n.d.,18486.76,18486.76,31205.16,n.d.,18486.76,-12718.4,n.d.,465.06,153103.72,153103.72,83071.81
2005,123814.07,n.d.,6483.17,3005.06,44655.009,n.d.,n.d.,778.87,11193.7,34325.16,45518.86,n.d.,778.87,-84915.53,45966.18,n.d.,863.8499999999999,863.8499999999999,249359.9,n.d.,249359.9,n.d.,n.d.,161568.0,10492.17,151075.83,137058.4,1,n.d.,0,5704.3,-87920.59,n.d.,n.d.,129152.63,123814.07,129152.63,n.d.,33461.309,33461.309,34325.16,n.d.,33461.309,-863.8499999999999,n.d.,4671.56,168051.17,168051.17,91485.039
2004,123814.07,n.d.,2416.48,3005.06,n.d.,n.d.,n.d.,622.59,n.d.,-33085.36,-33085.36,n.d.,622.59,-118376.84,53712.43,n.d.,7395.91,7395.91,193207.28,n.d.,193207.28,n.d.,n.d.,170523.74000000002,14186.27,156337.47,151276.44999999998,2,n.d.,0,1793.889,-121381.9,n.d.,n.d.,167502.99,123814.07,167502.99,n.d.,-40481.27,-40481.27,-33085.36,n.d.,-40481.27,-7395.91,n.d.,171.93,172940.22,172940.22,20627.07
2003,129459.64,n.d.,697.04,3005.06,4625.820000000001,n.d.,n.d.,n.d.,5318.99,5799.13,11118.119,n.d.,n.d.,-77895.57,41268.19,n.d.,6492.3,6492.3,166343.97,n.d.,166343.97,n.d.,n.d.,115994.06,1695.6,114298.46,100526.51,3,n.d.,0,697.04,-80900.63,n.d.,n.d.,65127.03,129459.64,65127.03,n.d.,-693.1700000000001,-693.1700000000001,5799.13,n.d.,-693.1700000000001,-6492.3,n.d.,697.04,116691.1,116691.1,52386.310000000005
2002,114051.56,n.d.,1812.6589999999999,3005.06,-30608.608999999997,n.d.,n.d.,n.d.,5174.95,-28581.55,-23406.6,n.d.,n.d.,-77202.4,47919.26,n.d.,7202.02,7202.02,131760.799,n.d.,131760.799,n.d.,0.01,110509.86,3956.4,106553.46,91072.93,3,n.d.,0,1812.6589999999999,-80207.459,n.d.,n.d.,75473.36,114051.56,75473.36,n.d.,-35783.56,-35783.56,-28581.55,n.d.,-35783.56,-7202.01,n.d.,1759.86,112322.52,112322.52,24512.67
2001,119886.02,n.d.,3532.04,3005.06,-11539.79,n.d.,n.d.,1.1900000000000002,5174.95,-11893.83,-6718.88,n.d.,1.1900000000000002,-41418.84,37865.87,n.d.,4821.54,4821.54,148867.81,n.d.,148867.81,n.d.,0.6300000000000001,115684.81,6217.2,109467.61,101980.67,3,n.d.,0,3530.8500000000004,-44423.899,n.d.,n.d.,40749.67,119886.02,40749.67,n.d.,-16714.74,-16714.74,-11893.83,n.d.,-16714.74,-4820.91,n.d.,3169.4300000000003,119216.85,119216.85,31147.62
2000,145054.72,n.d.,27552.8,3005.06,-20491.328999999998,n.d.,n.d.,3594.1,4063.84,-18622.83,-14558.99,n.d.,3594.1,-24703.980000000003,21351.95,n.d.,5932.34,5932.34,139956.63,n.d.,139956.63,n.d.,n.d.,120859.77,8478,112381.77,109910.55,3,n.d.,0,23958.7,-27709.04,n.d.,n.d.,28061.82,145054.72,28061.82,n.d.,-24555.17,-24555.17,-18622.83,n.d.,-24555.17,-5932.34,n.d.,23037.14,148412.56,148412.56,6792.96
1999,98750.81,n.d.,17195.109999999997,3005.06,-1127.48,n.d.,n.d.,13105.1,2411.06,-1128.57,1282.49,n.d.,13105.1,-148.8,27516.19,n.d.,2409.9700000000003,2409.9700000000003,131894.26,n.d.,131894.26,n.d.,n.d.,100740.36,10738.8,90001.56,93688.83,6,n.d.,0,4090.01,-3153.86,n.d.,n.d.,19333.47,98750.81,19333.47,n.d.,-3538.54,-3538.54,-1128.57,n.d.,-3538.54,-2409.9700000000003,n.d.,2374.9100000000003,117935.48,117935.48,28798.68
