Año,Acreedores a L. P.,Acreedores comerciales,Activo circulante,Capital suscrito,Cash flow,Consumo de mercaderías y de materias,Deudas financieras,Deudores,Dotaciones para amortiz. de inmovil.,EBIT,EBITDA,Existencias,Fondo de maniobra,Fondos propios,Gastos de personal,Gastos extraordinarios,Gastos financieros,Gastos financieros y gastos asimilados,Importe neto Cifra de Ventas,Impuestos sobre sociedades,Ingresos de explotación,Ingresos extraordinarios,Ingresos financieros,Inmovilizado,Inmovilizado inmaterial,Inmovilizado material,Materiales,Número empleados,Otros Conceptos de Explotación,Otros activos fijos,Otros activos líquidos,Otros fondos propios,Otros gastos de explotación,Otros pasivos fijos,Otros pasivos líquidos,Pasivo fijo,Pasivo líquido,Provisiones,Result. ordinarios antes Impuestos,Resultado Actividades Ordinarias,Resultado Explotación,Resultado bruto,Resultado del Ejercicio,Resultado financiero,Resultados actividades extraordinarias,Tesorería,Total activo,Total pasivo y capital propio,Valor agregado
2023,844454.19,2312303.2,6247797.81,150688.0,497781.86,10758196.01,2926259.517,4812198.33,434346.3,246981.09,681327.39,1301701.55,3801596.679,1926774.8,3874536.69,n.d.,162038.37,162038.37,18482885.47,21590.1,18858558.15,n.d.,82.94000000000001,2081876.88,81058.34,1935641.01,10794721.98,106.0,-3544498.06,65177.53,133897.93,1776086.8,7853381.05,0,319882.98000000004,844454.19,5558445.7,n.d.,85025.66,63435.56,246981.09,8100362.1389999995,63435.56,-161955.43,n.d.,133897.93,8329674.689999999,8329674.689999999,4555947.02
2022,1485354.94,3290255.2,7347222.22,150688.0,438584.029,11413637.68,2826731.27,4954103.35,403862.97,150818.24000000002,554681.21,1412718.63,3076566.779,1863339.24,3494133.6,n.d.,110188.18,110188.18,18962995.93,11577.71,19165120.37,n.d.,5668.71,2235547.05,55600.19,2154154.12,11402743.32,107.0,-3702667.88,25792.739,980400.24,1712651.24,7600664.449,0,117088.62,1485354.94,6234075.09,n.d.,46298.77,34721.06,150818.24000000002,7751482.6899999995,34721.06,-104519.469,n.d.,7567.72,9582769.27,9582769.27,4054483.52
2021,1957963.72,3365654.35,7406177.44,150688.0,750247.51,9673893.950000001,2645021.63,4997026.02,472267.26,464474.32,936741.58,1374366.72,3005738.389,1828618.18,3596247.8,n.d.,67283.4,67283.4,16041252.91,122188.79,16180247.64,n.d.,2978.12,2546946.95,40704.56,2473693.19,9746780.23,110.0,-1973364.3090000001,32549.2,1034784.7,1677930.1800000002,6041879.368999999,0,155866.509,1957963.72,6166542.49,n.d.,400169.04,277980.25,464474.32,6506353.688999999,277980.25,-64305.279,n.d.,25947.92,9953124.39,9953124.39,4535967.5
2020,2413626.21,2363509.71,4635134.1,150688.0,454131.47,8058590.44,1282784.63,2820893.41,428744.72,80666.09,509410.809,1242715.1,1700098.8,1550637.93,3328434.66,n.d.,46842.36,46842.36,14247073.89,8462.25,14405763.02,n.d.,25.27,3101184.63,79799.90999999999,2948358.03,8054310.41,99.0,-2509327.11,73026.69,571525.5889999999,1399949.93,6266506.489,0,125760.25,2413626.21,3772054.59,n.d.,33849.0,25386.75,80666.09,6347172.58,25386.75,-46817.09,n.d.,45548.89,7736318.73,7736318.73,3837870.739
2019,1036760.9,2394834.76,4209175.389,150688.0,465506.98,8138950.26,2026478.5,2778020.82,402302.22,127151.78,529454.0,1073546.97,1456733.03,1525251.1800000002,3025695.6,n.d.,42914.72,42914.72,14262562.58,21068.26,14394347.68,n.d.,35.96,2894162.27,77605.7,2712477.07,8119173.159999999,94.0,-2700247.82,104079.5,357607.6,1374563.1800000002,6128245.64,0,120012.32,1036760.9,4541325.58,n.d.,84273.02,63204.76,127151.78,6255397.42,63204.76,-42878.76,n.d.,210422.58,7103337.659999999,7103337.659999999,3555185.56
2018,1234698.9,2079374.03,3813001.86,150688.0,478780.58,7783981.939,1779098.49,2555812.74,440811.63,98578.56,539390.19,1086873.85,1563312.56,1462046.42,2824222.67,n.d.,48007.3,48007.3,13724557.8,12656.25,13804384.96,n.d.,53.94,2965923.36,46223.74,2795317.18,7811522.42,89.0,-2656790.16,124382.44,170315.27000000002,1311358.42,5921824.459,0,223707.38,1234698.9,4082179.9,n.d.,50625.2,37968.95,98578.56,6020403.02,37968.95,-47953.36,n.d.,41310.15,6778925.22,6778925.22,3363666.8
2017,1233433.64,2106618.71,3843399.5,150688.0,499464.33,7650988.26,1995109.98,2663295.67,460053.07,113188.13,573241.2,1066109.1490000002,1622786.1090000002,1424077.47,2801421.83,n.d.,60687.14,60687.14,13316638.64,13137.09,13406427.64,n.d.,47.36,3247156.2800000003,68231.27,3042534.6,7610160.87,89.0,-2380776.3499999996,136390.41,113994.68,1273389.47,5642251.25,0,331315.98000000004,1233433.64,4433044.67,n.d.,52548.350000000006,39411.259,113188.13,5755439.38,39411.259,-60639.78,n.d.,113931.25,7090555.78,7090555.78,3374710.39
2016,1802243.81,2154274.33,3474722.82,150688.0,459158.46,7576039.51,1561493.85,2091575.59,417576.95,123013.02,540589.97,1074865.32,1012166.58,1384666.21,2732349.11,n.d.,67596.23999999999,67596.23999999999,13241137.47,13860.5,13336827.29,n.d.,25.23,3530550.43,69901.95,3311120.98,7599091.930000001,89.0,-2487848.7,149527.5,308281.91000000003,1233978.21,5637774.76,0,102595.05,1802243.81,3818363.23,n.d.,55442.01,41581.51,123013.02,5760787.78,41581.51,-67571.01,n.d.,308218.48000000004,7005273.25,7005273.25,3272964.31
2015,2020722.44,2040117.43,3394084.94,150688.0,462355.28,7427463.75,1528056.13,2207942.1,413392.7,100296.62,513689.32,1061709.98,1229534.65,1343084.7,2642665.83,n.d.,50481.23,50481.23,12931909.63,883.48,13003269.49,n.d.,30.67,3691886.39,21409.16,3508120.33,7457006.25,87.0,-2419450.59,162356.9,124432.859,1192396.7,5475509.119999999,0,153990.63,2020722.44,3722164.19,n.d.,49846.06,48962.579,100296.62,5575805.74,48962.579,-50450.56,n.d.,124369.43,7085971.33,7085971.33,3156385.82
2014,1642510.29,1839930.71,3218982.96,150688.0,458794.68,7154548.89,1148813.4,2140483.38,427816.75,124781.94,552598.69,963370.0,1263922.6700000002,1294122.11,2502948.73,n.d.,77167.98,77167.98,12739567.57,16680.43,12822593.49,n.d.,44.4,2868104.19,23964.89,2632308.91,7119390.659999999,90.0,-2612497.179,211830.39,115129.579,1143434.11,5543262.658999999,13073.42,148637.22,1655583.71,3137381.33,n.d.,47658.36,30977.93,124781.94,5668044.6,30977.93,-77123.58,n.d.,114666.15,6087087.149999999,6087087.149999999,3055591.82
2013,1663145.33,1794635.43,3185407.01,150688.0,452888.9900000001,7345578.03,1354225.92,2067018.23,417352.75,155186.47999999998,572539.23,1073260.08,1345642.88,1263144.1800000002,2375008.89,n.d.,100515.33,100515.33,13093878.04,19134.91,13169207.68,n.d.,0,3060663.19,17150.59,2748370.75,7353335.78,91.0,-2876081.53,295141.85,45128.7,1112456.1800000002,5668443.17,14134.33,156785.01,1677279.66,3305646.36,n.d.,54671.15,35536.24,155186.47999999998,5823629.648999999,35536.24,-100515.33,n.d.,44665.27,6246070.2,6246070.2,2947548.12
2012,1869360.59,1790727.9,3754025.66,150688.0,374256.42,8307528.819999999,1406108.88,2647736.34,363026.02,96267.77,459293.79,1089058.55,1946066.989,1227607.94,2406462.65,n.d.,79220.72,53549.52,13665853.6,6047.14,13724425.799,n.d.,230.49,2797480.1,12644.3,2555341.5,8266606.79,94.0,-2551140.54,229494.3,17230.77,1076919.94,5320629.209,15195.240000000002,242505.21,1884555.83,3439341.99,n.d.,17277.54,11230.4,96267.77,5416896.979,11230.4,-78990.23,n.d.,16767.34,6551505.76,6551505.76,2840315.73
2011,1506205.3,2006504.09,3728477.46,150688.0,401971.12,7611568.37,1015890.0,2633573.58,387018.42,78417.40999999999,465435.829,1070149.37,1697218.86,1216377.54,2577142.94,n.d.,55490.850000000006,55490.850000000006,12770710.71,8051.46,12855604.26,n.d.,77.6,2107813.509,44476.71,1859467.88,7623900.46,101.0,-2201457.12,203868.919,24754.51,1065689.54,5165618.48,16793.24,74520.8,1522998.54,3096914.89,n.d.,23004.16,14952.7,78417.40999999999,5244035.89,14952.7,-55413.25,n.d.,10375.44,5836290.970000001,5836290.970000001,3042656.37
2010,747087.9500000001,2370915.15,3569376.3,150688.0,467839.149,7117695.72,1147292.58,2444432.2,449595.8,72156.81,521752.61,1099207.7,1172724.75,1201424.84,2624275.84,n.d.,44090.11,44090.11,12446980.01,9823.35,12520537.58,n.d.,0,2001180.03,76204.03,1713882.97,7146483.619999999,105.0,-2256813.4099999997,211093.03,25736.4,1050736.84,5330685.05,17965.89,85869.92,765053.8400000001,3604077.65,n.d.,28066.7,18243.35,72156.81,5402841.859999999,18243.35,-44090.11,n.d.,25336.4,5570556.33,5570556.33,3146028.449
2009,912051.16,2131816.23,3398064.75,150688.0,473335.649,6999503.45,1336239.72,2430857.18,438826.92,122397.09,561224.01,948711.68,1247752.63,1183181.49,2650697.63,n.d.,69772.17000000001,69772.17000000001,12367107.34,18581.63,12475040.47,n.d.,465.44,2268741.96,153652.71000000002,1895043.06,7027547.46,105.0,-2263615.38,220046.189,18495.89,1032493.491,5353139.930000001,17095.7,86422.409,929146.86,3554478.36,n.d.,53090.36,34508.72899999999,122397.09,5475537.02,34508.72899999999,-69306.73,n.d.,18095.89,5666806.71,5666806.71,3212387.079
2008,1287665.23,1937158.96,2961739.77,150688.0,437861.059,7221445.46,943113.13,1962349.83,416119.52,140502.1,556621.62,989273.14,1014464.01,1148672.76,2719608.09,n.d.,109750.9,109750.9,12584632.14,11706.98,12627986.26,n.d.,2697.32,2497168.36,221353.62,2031609.5,7170659.89,116.0,-2130311.089,244205.24,10116.8,997984.76,5266038.7,16363.11,125934.94,1304028.34,3006207.03,n.d.,33448.519,21741.539,140502.1,5406540.8,21741.539,-107053.579,n.d.,7757.04,5458908.13,5458908.13,3278927.028
2007,1457729.6,2322309.23,3776101.8,150688.0,371645.8,n.d.,956806.64,2806579.4,342077.06,95258.35,437335.41,952533.03,1436803.1990000005,1126931.22,2509022.87,6161.35,60591.19,60591.19,12457769.62,15921.63,12500059.34,16258.58,725.98,2192149.49,323772.69,1857893.96,7271676.39,109.0,n.d.,10482.84,16989.369,976243.22,n.d.,n.d.,104474.6,1457729.6,3383590.47,n.d.,35393.14,19471.51,95258.35,n.d.,29568.74,-59865.21,10097.230000000001,14738.22,5968251.29,5968251.29,2957181.49
2006,1139161.76,2248539.61,3635042.809,150688.0,354119.43000000005,n.d.,864446.4500000001,2749641.44,314693.23000000004,218821.73,533514.959,839442.7,1340544.529,1097362.48,2422161.54,124222.06,40687.69,40687.69,12071576.57,21229.5,12169615.28,6481.120000000001,262.6,1813271.74,254197.99,1548590.91,6974432.930000001,107.0,n.d.,10482.84,45958.669,946674.48,n.d.,n.d.,98804.25,1139161.76,3211790.31,n.d.,178396.64,157167.14,218821.73,n.d.,39426.2,-40425.09,-117740.93999999999,44744.37,5448314.55,5448314.55,2838198.16
2005,1020193.29,1777674.56,3448758.76,150688.0,371426.26,n.d.,1084746.85,2548176.75,353305.27,124789.8,478095.07,831067.56,1601569.75,1057936.28,2306291.7,77129.019,36596.2,36596.2,11513512.18,9757.45,11626349.2,16813.86,n.d.,1588596.86,240280.43,1334327.73,6690781.02,111.0,n.d.,13988.699,69514.45,907248.28,n.d.,n.d.,96804.639,1020193.29,2959226.05,n.d.,88193.6,78436.15000000001,124789.8,n.d.,18120.99,-36596.2,-60315.159,65406.310000000005,5037355.619999999,5037355.619999999,2724071.61
2004,796820.64,2353466.45,3396877.82,150688.0,374103.829,n.d.,777391.13,2527737.95,350872.79000000004,191445.08,542317.87,822761.7699999999,997033.27,1039815.29,2181408.76,127676.47,32111.75,32111.75,12414350.21,12509.02,12592882.65,3997.9900000000002,85.21000000000001,1674600.39,288525.13,1372086.56,7759240.79,108.0,n.d.,13988.699,46378.099,889127.2899999999,n.d.,n.d.,103984.699,796820.64,3234842.2800000003,n.d.,159418.54,146909.52,191445.08,n.d.,23231.04,-32026.54,-123678.48,41781.68,5071478.21,5071478.21,2600133.36
2003,666021.1,1731064.71,3192170.54,150688.0,385702.279,n.d.,1203222.14,2423912.58,367556.8,156936.72,524493.52,628860.2699999999,1321708.14,1016584.25,2206930.53,51642.9,79677.82,79677.82,10749751.84,9770.64,10939056.6,2299.9300000000003,0.19,1504929.97,262352.4,1230242.6900000002,6380509.84,111.0,n.d.,12334.879,139397.68899999998,865896.25,n.d.,n.d.,80208.31,666021.1,3014495.16,n.d.,77259.09,67488.45,156936.72,n.d.,18145.480000000003,-79677.63,-49342.97,132351.56,4697100.51,4697100.51,2682081.2690000003
2002,463195.17,1637377.53,2789959.16,150688.0,-173744.289,n.d.,1378383.1900000002,2140350.79,399078.81,-374520.63,24558.179,609938.9500000001,1112912.21,998438.77,2214226.68,510954.58900000004,79888.77,79888.77,9784341.59,-308443.21,9977508.82,83694.81,402.87,1771820.93,282418.79000000004,1477067.26,6225799.69,119.0,n.d.,12334.879,39669.419,847750.7699999999,n.d.,n.d.,84385.429,463195.17,3100146.15,n.d.,-454006.53,-145563.31999999998,-374520.63,n.d.,-572823.1,-79485.9,-427259.77900000004,28110.73,4561780.09,4561780.09,1811927.95
2001,587726.3600000001,1610743.38,2866173.22,141508.3,421141.86,n.d.,878579.4500000001,1989268.66,356389.99000000005,320477.18,676867.169,785533.52,1164058.799,1565227.21,2218997.16,129195.73,102345.82,102271.27,11393034.79,27535.6,11485566.309,1450.22,1901.6299999999999,1954612.3,291108.33900000004,1607849.7,6562675.45,121.0,n.d.,55654.26,91371.04,1423718.91,n.d.,n.d.,178509.12,587726.3600000001,2667831.95,n.d.,220032.99,192497.389,320477.18,n.d.,64751.87,-100444.19,-127745.51,85184.05,4820785.52,4820785.52,2769945.89
2000,293252.57,1499571.74,2723309.93,120202.42,333024.15,n.d.,1035545.12,2256395.07,265843.77,277794.32,543638.09,409390.16,1166213.49,1430676.81,1532015.72,163641.96,42138.259,42051.84,9068510.14,10932.22,9084839.33,5676.639,421.86,1626473.6,177571.56,1437769.2,5697397.51,91.0,n.d.,11132.84,57524.7,1310474.39,n.d.,n.d.,90737.3,293252.57,2625854.16,n.d.,236077.92,225145.7,277794.32,n.d.,67180.38,-41716.4,-157965.31999999998,57524.71,4349783.54,4349783.54,1918023.93
1999,316835.19,1383228.38,2460063.33,120202.42,386390.69,n.d.,722019.75,2087976.61,242767.94,220670.6,463438.54,336758.71,1041506.94,1363496.44,1540402.89,79629.25,41319.13,40009.33,8039692.46,13799.05,8053364.01,45337.89,12361.710000000001,1409415.33,70058.48,1328224.01,4820701.81,91.0,n.d.,11132.84,35328.01,1243294.02,n.d.,n.d.,83898.90999999999,316835.19,2189147.04,n.d.,191713.17,177914.12,220670.6,n.d.,143622.75,-28957.42,-34291.36,35311.810000000005,3869478.66,3869478.66,1980601.96
