Año,Acreedores a L. P.,Acreedores comerciales,Activo circulante,Capital suscrito,Cash flow,Consumo de mercaderías y de materias,Deudas financieras,Deudores,Dotaciones para amortiz. de inmovil.,EBIT,EBITDA,Existencias,Fondo de maniobra,Fondos propios,Gastos de personal,Gastos extraordinarios,Gastos financieros,Gastos financieros y gastos asimilados,Importe neto Cifra de Ventas,Impuestos sobre sociedades,Ingresos de explotación,Ingresos extraordinarios,Ingresos financieros,Inmovilizado,Inmovilizado inmaterial,Inmovilizado material,Materiales,Número empleados,Otros Conceptos de Explotación,Otros activos fijos,Otros activos líquidos,Otros fondos propios,Otros gastos de explotación,Otros pasivos fijos,Otros pasivos líquidos,Pasivo fijo,Pasivo líquido,Provisiones,Result. ordinarios antes Impuestos,Resultado Actividades Ordinarias,Resultado Explotación,Resultado bruto,Resultado del Ejercicio,Resultado financiero,Resultados actividades extraordinarias,Tesorería,Total activo,Total pasivo y capital propio,Valor agregado
2023,n.d.,1090033.94,5553020.03,30651.62,345131.63,4040502.18,n.d.,1577624.2,40590.48,396097.85,436688.329,602969.06,1090559.319,3744623.37,507556.39,n.d.,167.0,167,5321919.74,91391.12,5322150.58,n.d.,1.42,416382.22,691.15,415691.07,4040502.18,22.0,-337403.68,n.d.,3372426.77,3713971.75,885550.55,0,1134744.94,n.d.,2224778.88,n.d.,395932.27,304541.15,396097.85,1281648.4,304541.15,-165.58,n.d.,3372426.77,5969402.25,5969402.25,944246.14
2022,n.d.,734576.2,5021327.09,30651.62,345382.13,3951771.7800000003,n.d.,1543766.62,41704.14,394701.73,436405.87,476469.06,1285659.48,3440082.22,497847.2,n.d.,342.76,342.76,5229807.09,90681.54,5232387.608999999,n.d.,0.56,447376.77,691.15,446685.62,3951771.78,22.0,-346362.759,n.d.,3001091.41,3409430.599,885914.1,0,1294045.44,n.d.,2028621.64,n.d.,394359.53,303677.99000000005,394701.73,1280615.8290000001,303677.99000000005,-342.2,n.d.,3001091.41,5468703.859999999,5468703.859999999,934253.63
2021,n.d.,906361.59,5043808.359999999,30651.62,371635.68,4409281.34,n.d.,1958437.25,46030.01,429708.2,475738.21,376726.32,1428801.98,3136404.23,484024.87,n.d.,0.0,n.d.,5643881.01,104102.53,5643881.01,n.d.,0.0,443148.19,715.25,442432.94,4409281.34,26.0,-274836.59,n.d.,2708644.79,3105752.61,804891.47,0,1444190.73,n.d.,2350552.32,n.d.,429708.2,325605.67,429708.2,1234599.6700000002,325605.67,0.0,n.d.,2708644.79,5486956.55,5486956.55,959763.08
2020,n.d.,1150176.81,4794212.34,30651.62,193166.55,3364932.4899999998,n.d.,1604171.1,50763.37,185170.91,235934.28,1312450.32,1766444.6090000002,2810798.56,461184.97,n.d.,15.0,15,4330668.109999999,42752.73,4330668.109999999,n.d.,0.0,483127.7,1510.52,481617.18,3364932.49,28.0,-268616.37,n.d.,1877590.92,2780146.94,780564.71,0,1316364.6700000002,n.d.,2466541.48,n.d.,185155.91,142403.18,185170.91,965735.62,142403.18,-15.0,n.d.,1877590.92,5277340.04,5277340.04,697119.25
2019,n.d.,739821.75,4497500.78,30651.62,327151.69,4032252.8899999997,n.d.,1835375.88,47027.47,368798.09,415825.56,488699.4900000001,1584253.62,2668395.38,454724.51,n.d.,0.0,n.d.,5181788.29,88689.48999999999,5181788.29,n.d.,15.62,508809.25,2305.79,506503.46,4032252.89,27.0,-278985.33,n.d.,2173425.41,2637743.76,780737.309,0,1598092.9,n.d.,2337914.65,n.d.,368813.71,280124.22000000003,368798.09,1149535.4,280124.22000000003,15.62,n.d.,2173425.41,5006310.03,5006310.03,870565.69
2018,n.d.,698189.92,3934138.48,30651.61,184027.17,4041293.42,n.d.,1588378.88,43469.54,187390.74,230860.28,1262191.49,2152380.45,2388271.16,433629.37,n.d.,11.81,11.81,4564663.69,46852.55,5011203.84,n.d.,31.25,555836.69,3101.08,552735.61,4041293.42,26.0,-305420.77,n.d.,1083568.11,2357619.55,782519.6799999999,0,1403514.09,n.d.,2101704.009,n.d.,187410.18,140557.63,187390.74,969910.42,140557.63,19.439,n.d.,1083568.11,4489975.17,4489975.17,664520.9
2017,n.d.,1074995.37,4138278.86,30651.61,317682.95,4438891.92,16124.58,1684193.94,39222.3,364616.73,403839.029,911222.58,1520421.15,2247713.53,396905.62,n.d.,1052.22,1052.22,5170185.98,85243.11,5566370.5,n.d.,139.25,585921.1699999999,691.1800000000001,585229.99,4438891.92,22.0,-326733.93000000005,n.d.,1542862.34,2217061.92,762861.8500000001,0,1385366.55,n.d.,2476486.5,n.d.,363703.76,278460.65,364616.73,1127478.58,278460.65,-912.97,n.d.,1542862.34,4724200.03,4724200.03,800883.9
2016,15995.51,1159485.31,4033079.58,30651.61,270674.771,4555957.609999999,93808.28,1646374.1700000002,43361.49,296140.05,339501.54,786265.92,1273154.779,1969252.88,380260.67,n.d.,2883.5,2883.5,5141611.25,66096.979,5602062.81,n.d.,153.70999999999998,610354.26,799.74,609554.52,4555957.609999999,19.0,-326342.99000000005,n.d.,1600439.49,1938601.27,749965.15,0,1404891.86,15995.51,2658185.45,n.d.,293410.26,227313.281,296140.05,1046105.1989999999,227313.281,-2729.79,n.d.,1600439.49,4643433.84,4643433.84,719915.919
2015,109776.18000000001,1080190.71,3772815.51,30651.61,335198.51,4720139.109999999,91955.20999999999,1864026.39,44974.91,387853.92,432828.829,405846.58,1189682.259,1741939.6,390961.78,n.d.,5044.6900000000005,5044.6900000000005,5328799.99,93006.37,5856128.76,n.d.,420.74,647368.75,3241.68,644127.07,4720139.109999999,21.0,-312199.04,n.d.,1502942.54,1711287.989,748135.73,0,1396322.56,109776.18000000001,2568468.48,n.d.,383229.97,290223.6,387853.92,1135989.6490000002,290223.6,-4623.95,n.d.,1502942.54,4420184.26,4420184.26,824211.3500000001
2014,201731.38999999998,828311.57,3306527.52,30651.61,240089.38,5005631.46,89966.12000000001,1741492.08,50874.22,257651.45,308525.67,604098.87,1517279.38,1451716.0,394112.48,n.d.,7916.22,7916.22,5995482.53,63071.72,5995482.53,n.d.,2551.65,688543.66,7219.83,681323.8300000001,5005631.46,21.0,-287212.92000000004,n.d.,960936.57,1421064.39,732199.619,0,1423346.1,201731.38999999998,2341623.79,n.d.,252286.88,189215.16,257651.45,989851.07,189215.16,-5364.57,n.d.,960936.57,3995071.18,3995071.18,705189.7989999999
2013,291697.51,1291261.46,3383774.38,30651.61,212122.75,4777668.7,87608.84,1765583.39,50969.42,214685.52,265654.94,410533.95,884855.879,1262500.84,392107.83,n.d.,10652.27,10652.27,5682564.109999999,53717.78,5682564.109999999,n.d.,10837.86,756140.37,20271.29,735869.08,4777668.7,24.0,-247132.64,n.d.,1207657.04,1231849.229,690209.89,0,1206846.1,291697.51,2585716.4,n.d.,214871.11,161153.33,214685.52,904895.41,161153.33,185.59,n.d.,1207657.04,4139914.75,4139914.75,668600.63
2012,386142.63999999996,998034.99,3066440.59,30651.61,182580.53,3615185.48,78333.27,1647784.42,51139.21,189313.01,240452.22,279963.95,929713.379,1101347.51,421923.92,n.d.,17706.39,17706.39,4746692.73,43813.78,4746692.73,n.d.,3648.48,779866.66,691.16,779175.5,3615185.48,23.0,-469131.11,n.d.,1138692.22,1070695.8990000002,942194.239,0,1282448.84,386142.63999999996,2358817.1,n.d.,175255.1,131441.31999999998,189313.01,1131507.25,131441.31999999998,-14057.91,n.d.,1138692.22,3846307.25,3846307.25,666024.62
2011,470899.9,1088692.1300000001,2790982.7800000003,30651.61,155588.11000000002,3843336.51,74076.32,1510919.75,56336.9,149174.34,205511.24,401581.31,823808.93,969906.19,448444.41,n.d.,19803.07,19803.07,4798462.37,35796.350000000006,4798462.37,n.d.,5676.29,819923.4500000001,691.16,819232.2899999999,3843336.51,28.0,-301170.21,n.d.,878481.72,939254.58,805951.52,0,1007331.69,470899.9,2170100.14,n.d.,135047.56,99251.209,149174.34,955125.8600000001,99251.209,-14126.779,n.d.,878481.72,3610906.23,3610906.23,659631.9400000001
2010,544064.9,962523.21,2967950.43,30651.61,169137.44,3906604.19,80305.07,1478536.08,62373.44,173536.88999999998,235910.33,272333.12,788345.99,870654.98,441619.32,n.d.,37255.69,37255.689999999995,4797912.49,37170.11,4797912.49,n.d.,7652.91,848965.2,691.16,848274.04,3906604.19,28.0,-213778.65,n.d.,1217081.23,840003.37,717771.41,0,1359367.47,544064.9,2402195.75,n.d.,143934.11000000002,106763.999,173536.88999999998,891308.3,106763.999,-29602.78,n.d.,1217081.23,3816915.63,3816915.63,685182.559
2009,629082.1799999999,560778.3300000001,2506465.56,30651.61,184048.36,3943415.4499999997,73217.76,1290840.2,64969.42,177632.34,242601.76,330929.25,1060991.12,763890.98,429843.08,n.d.,36841.16,36841.159999999996,4882117.96,42447.94,4882117.96,n.d.,20735.7,910007.23,691.16,909316.07,3943415.45,30.0,-266257.669,n.d.,884696.11,733239.37,761070.1699999999,0,1389503.54,629082.1799999999,2023499.63,n.d.,161526.87999999998,119078.94,177632.34,938702.509,119078.94,-16105.46,n.d.,884696.11,3416472.79,3416472.79,693180.54
2008,6238.89,264959.468,2191274.89,30651.61,160682.9,3736721.25,n.d.,1156447.41,43608.82,150033.94999999998,193642.77,168918.69,1060406.631,644812.04,451301.55,n.d.,518.65,518.65,4784801.58,41588.72,4784801.58,n.d.,9147.5,161308.17,691.16,160617.01,3736721.25,32.0,-403136.01,n.d.,865908.7899999999,614160.429,898046.379,0,1436572.66,6238.89,1701532.13,n.d.,158662.8,117074.079,150033.94999999998,1048080.3300000001,117074.079,8628.849999999999,n.d.,865908.7899999999,2352583.06,2352583.06,654091.8200000001
2007,6238.89,n.d.,2230441.67,30651.61,138082.54,n.d.,n.d.,1139965.56,43459.1,141362.64,184821.74,486027.8,1625993.36,527737.959,437061.79,13467.349999999999,409.8,409.8,5903648.38,37738.78,5904599.55,480.81,4395.92,202989.69,783.9599999999999,202205.73,4985684.49,27.0,n.d.,0,604448.309,497086.349,n.d.,n.d.,1899454.51,6238.89,1899454.51,n.d.,145348.76,107609.98,141362.64,n.d.,94623.44,3986.12,-12986.54,604448.31,2433431.36,2433431.36,613292.91
2006,n.d.,n.d.,2278250.38,30651.61,131761.85899999997,n.d.,n.d.,1365193.11,49143.61,114466.83,163610.44,290384.06,1655577.1700000002,433114.52,452207.95,n.d.,917.03,917.03,5323172.159999999,35407.82,5323172.159999999,685.15,3791.12,215211.57,9491.31,205720.26,4418080.649999999,36.0,n.d.,0,622673.2089999999,402462.91,n.d.,n.d.,2060347.43,n.d.,2060347.43,n.d.,117340.92,81933.1,114466.83,n.d.,82618.25,2874.09,685.15,622578.88,2493461.95,2493461.95,620294.66
2005,1104.12,n.d.,2506916.8,30651.61,122931.0,n.d.,n.d.,1422937.49,46564.86,100628.61,147193.47,125138.1,1548075.59,350496.27,401015.57,n.d.,675.2800000000001,675.2800000000001,5570300.4,32728.35,5570300.4,1247.81,7893.35,241894.97,13765.59,228129.38,4754114.619999999,33.0,n.d.,0,958841.21,319844.66,n.d.,n.d.,2397211.38,1104.12,2397211.38,n.d.,107846.68,75118.32900000001,100628.61,n.d.,76366.14,7218.07,1247.81,958420.59,2748811.77,2748811.77,557350.2
2004,6279.48,n.d.,1670375.21,30651.61,99132.76,n.d.,n.d.,908671.73,33569.350000000006,86922.8,120492.15,369696.07,1278367.8,274130.13,381362.51,n.d.,931.84,931.8399999999999,4662165.22,28368.62,4662165.22,n.d.,7941.07,151793.65,13893.04,137900.61000000002,3956885.33,31.0,n.d.,0,392007.409,243478.52,n.d.,n.d.,1541759.25,6279.48,1541759.25,n.d.,93932.03,65563.40999999999,86922.8,n.d.,65563.40999999999,7009.23,n.d.,390911.51,1822168.86,1822168.86,509795.73
2003,11454.84,n.d.,1952152.84,30651.61,61169.41,n.d.,n.d.,900601.6799999999,23759.77,47466.04,71225.81,235166.34,1135768.02,208566.72,366087.62,779.5,836.69,836.69,4445014.64,20143.66,4445014.64,6290.03,5413.42,90676.94,16815.97,73860.97,3811235.79,32.0,n.d.,0,816384.8200000001,177915.11000000002,n.d.,n.d.,1822808.22,11454.84,1822808.22,n.d.,52042.77,31899.109,47466.04,n.d.,37409.64,4576.73,5510.53,814357.08,2042829.78,2042829.78,448237.38
2002,n.d.,n.d.,2297483.73,30651.61,49354.479,n.d.,n.d.,904776.92,20308.69,32560.83,52869.52,935087.3,1839864.22,171157.08,329157.9,n.d.,21.39,21.39,4456445.19,12448.19,4456445.19,n.d.,8954.54,66144.57,691.16,65453.41,3787501.09,32.0,n.d.,0,457619.509,140505.46899999998,n.d.,n.d.,2192471.22,n.d.,2192471.22,n.d.,41493.98,29045.79,32560.83,n.d.,29045.79,8933.15,n.d.,457619.51,2363628.3,2363628.3,390981.96
2001,n.d.,n.d.,1771279.09,30651.62,48166.94,n.d.,n.d.,890770.52,17484.6,-128340.48,-110855.88,207799.94,1098570.46,142111.31,294553.59,17544.52,1239.42,1239.42,4469981.07,16521.258,4469981.07,183470.77000000002,10857.25,68548.81,691.16,67857.65000000001,4037984.79,29.0,n.d.,0,672708.63,111459.69,n.d.,n.d.,1697716.59,n.d.,1697716.59,n.d.,-118722.65,-135243.908,-128340.48,n.d.,30682.34,9617.83,165926.25,672708.63,1839827.9,1839827.9,360481.208
2000,n.d.,n.d.,1852745.72,30651.62,30606.54,n.d.,n.d.,668273.09,13931.48,13169.06,27100.54,422238.7,1090511.79,111428.97,262383.21,n.d.,50.2,50.2,3660791.83,8978.88,3664698.41,n.d.,12535.08,66208.22,691.16,65517.06,3167054.82,23.0,n.d.,0,762233.93,80777.35,n.d.,n.d.,1807524.98,n.d.,1807524.98,n.d.,25653.94,16675.058999999997,13169.06,n.d.,16675.06,12484.88,n.d.,762233.93,1918953.94,1918953.94,302018.83
1999,n.d.,n.d.,1383482.48,30651.62,27107.04,n.d.,n.d.,576843.39,13305.81,15497.16,28802.97,468937.19,1045780.58,94753.9,225062.19,n.d.,78.05,78.05,3423395.81,7431.429999999999,3423395.81,1000.93,4812.620000000001,57955.07,691.16,57263.91,2878325.88,23.0,n.d.,0,337701.9,64102.28,n.d.,n.d.,1346683.65,n.d.,1346683.65,n.d.,20231.73,12800.3,15497.16,n.d.,13801.23,4734.58,1000.93,337701.9,1441437.55,1441437.55,259678.71
