Año,Acreedores a L. P.,Acreedores comerciales,Activo circulante,Capital suscrito,Cash flow,Consumo de mercaderías y de materias,Deudas financieras,Deudores,Dotaciones para amortiz. de inmovil.,EBIT,EBITDA,Existencias,Fondo de maniobra,Fondos propios,Gastos de personal,Gastos extraordinarios,Gastos financieros,Gastos financieros y gastos asimilados,Importe neto Cifra de Ventas,Impuestos sobre sociedades,Ingresos de explotación,Ingresos extraordinarios,Ingresos financieros,Inmovilizado,Inmovilizado inmaterial,Inmovilizado material,Materiales,Número empleados,Otros Conceptos de Explotación,Otros activos fijos,Otros activos líquidos,Otros fondos propios,Otros gastos de explotación,Otros pasivos fijos,Otros pasivos líquidos,Pasivo fijo,Pasivo líquido,Provisiones,Result. ordinarios antes Impuestos,Resultado Actividades Ordinarias,Resultado Explotación,Resultado bruto,Resultado del Ejercicio,Resultado financiero,Resultados actividades extraordinarias,Tesorería,Total activo,Total pasivo y capital propio,Valor agregado
2023,141377.18,39382.619999999995,228274.22,6010.120000000001,14339.23,380327.19,n.d.,76318.3,7505.56,9517.75,17023.309999999998,144550.7,181486.38,125749.97,74618.48999999999,n.d.,849.7900000000001,849.7900000000001,565319.54,1834.29,568908.66,n.d.,0.0,87944.76,n.d.,87944.76,380327.19,4,-96939.67000000001,n.d.,7405.219,119739.849,179063.72,0,9709.21,141377.18,49091.83,n.d.,8667.96,6833.669000000001,9517.75,188581.47,6833.669000000001,-849.7900000000001,n.d.,2717.74,316218.98000000004,316218.98000000004,91641.8
2022,150277.11000000002,53948.9,245058.54,6010.120000000001,14582.27,341384.37,n.d.,101523.39,7608.92,10376.91,17985.829999999998,143535.15,191109.639,118916.3,65506.28999999999,n.d.,1209.26,1209.26,483275.83,2194.3,497488.04,n.d.,0.0,95450.32,n.d.,95450.32,341384.37,4,-72611.55,n.d.,n.d.,112906.18,145726.76,0,17366.55,150277.11000000002,71315.45,n.d.,9167.65,6973.349,10376.91,156103.67,6973.349,-1209.26,n.d.,n.d.,340508.86,340508.86,83492.12000000001
2021,172877.87999999998,37705.99,229397.38,6010.120000000001,11947.39,285903.87,n.d.,88043.57,7608.92,7686.769999999999,15295.69,136311.15,186648.73,111942.95,43681.22,n.d.,1902.14,1902.14,396915.58,1446.16,396915.58,n.d.,0.0,103059.24,n.d.,103059.24,285903.87,3,-52034.8,n.d.,5042.660000000001,105932.83,103324.93999999999,0,9929.8,172877.87999999998,47635.78999999999,n.d.,5784.63,4338.469999999999,7686.769999999999,111011.70999999999,4338.469999999999,-1902.14,n.d.,n.d.,332456.62,332456.62,58976.909
2020,191939.23,29154.329999999998,221346.02,6010.120000000001,11439.58,271520.44,n.d.,78218.40999999999,7608.92,7843.68,15452.6,126459.01,175523.08899999998,107604.48,39273.7,n.d.,2736.14,2736.14,380724.22,1276.88,380724.22,n.d.,0.0,110668.16,n.d.,110668.16,271520.44,3,-54477.479,n.d.,16668.599,101594.36,101360.099,0,3316.14,191939.23,32470.47,n.d.,5107.54,3830.66,7843.68,109203.77900000001,3830.66,-2736.14,n.d.,6876.7699999999995,332014.18,332014.18,54726.29899999999
2019,103841.03,23744.79,217148.53,6010.120000000001,9230.36,228170.06,n.d.,78274.27,7608.92,6102.26,13711.18,138874.26,193403.74,103773.83,29705.86,n.d.,3940.35,3940.35,308255.46,540.47,308255.46,n.d.,0.0,118277.08,n.d.,118277.08,228170.06,1,-36668.36,n.d.,n.d.,97763.71,73983.13900000001,0,104065.96,103841.03,127810.75,n.d.,2161.9100000000003,1621.439,6102.26,80085.4,1621.439,-3940.35,n.d.,n.d.,335425.61,335425.61,43417.04
2018,111028.41,8950.18,218151.49,6010.120000000001,9384.44,175173.4,n.d.,79135.98,7608.92,7479.26,15088.18,139015.51,209201.31,102152.39,24019.32,n.d.,5111.9,5111.9,246615.46,591.8399999999999,246615.46,n.d.,0.0,125886.0,n.d.,125886.0,175173.4,1,-32334.56,n.d.,n.d.,96142.27,63962.8,0,121906.51,111028.41,130856.69,n.d.,2367.36,1775.52,7479.26,71442.06,1775.52,-5111.9,n.d.,n.d.,344037.49000000005,344037.49000000005,39107.5
2017,118044.45,20209.72,220004.09,6010.120000000001,7760.7,146206.76,n.d.,82219.56,5492.95,5961.620000000001,11454.57,137766.51,199776.35,100376.87,23094.76,n.d.,2937.9500000000003,2937.9500000000003,212716.29,755.92,212716.29,n.d.,0.0,133494.91999999998,n.d.,133494.91999999998,146206.76,1,-31960.2,n.d.,18.02,94366.75,60547.91,0,114867.97,118044.45,135077.69,n.d.,3023.67,2267.75,5961.620000000001,66509.53,2267.75,-2937.9500000000003,n.d.,n.d.,353499.01,353499.01,34549.33
2016,102791.1,8527.210000000001,200347.03,6010.120000000001,8050.54,177126.3,n.d.,77186.77,5548.969999999999,6442.85,11991.82,123160.26,191819.82,98109.12,18903.0,n.d.,3107.4300000000003,3107.4300000000003,235064.32,833.8499999999999,235064.32,n.d.,0.0,120858.13,n.d.,120493.36,177126.3,1,-27043.2,364.77,n.d.,92099.0,51495.17,0,111777.73,102791.1,120304.94,n.d.,3335.42,2501.57,6442.85,57938.02,2501.57,-3107.4300000000003,n.d.,n.d.,321205.16,321205.16,30894.82
2015,106872.24,4486.01,189517.95,6010.120000000001,9465.82,180753.78,n.d.,68052.69,5859.71,10738.17,16597.88,121465.26,185031.94,95607.55,19123.06,n.d.,5930.03,5930.03,240588.11,1202.03,240588.11,n.d.,0.0,127240.95,n.d.,126042.33,180753.78,1,-24113.39,1198.62,n.d.,89597.43,49096.159,0,109793.1,106872.24,114279.11,n.d.,4808.14,3606.11,10738.17,59834.329,3606.11,-5930.03,n.d.,n.d.,316758.9,316758.9,35720.94
2014,113462.38,3061.4100000000003,180208.24,6010.120000000001,10009.529,167473.81,n.d.,61126.98,6130.2,14803.1,20933.3,119081.26,177146.83,92001.44,19643.52,n.d.,9630.65,9630.65,235897.93,1293.12,235897.93,n.d.,0.0,134302.69,n.d.,131902.04,167473.81,1,-27847.3,2400.65,n.d.,85991.32,53621.02,0,105985.7,113462.38,109047.11,n.d.,5172.45,3879.33,14803.1,68424.12000000001,3879.33,-9630.65,n.d.,n.d.,314510.93000000005,314510.93000000005,40576.82
2013,121467.3,4410.2699999999995,169378.11000000002,6010.120000000001,10917.52,145271.36,n.d.,54687.76,15413.69,6925.26,22338.95,106594.26,156871.75,88122.11,19343.52,n.d.,12946.33,12946.33,209202.74,-1499.4,209202.74,n.d.,25.5,141726.01,n.d.,138032.24000000002,145271.36,1,-22248.91,3693.77,8096.09,82111.98999999999,57006.119999999995,0,97104.44,121467.3,101514.71,n.d.,-5995.57,-4496.17,6925.26,63931.380000000005,-4496.17,-12920.83,n.d.,8096.09,311104.12,311104.12,41707.97
2012,198679.36,1054.3899999999999,152896.71000000002,6010.120000000001,3446.59,192342.23,n.d.,60889.45,10029.7,5237.79,15267.49,92007.26,151842.319,92618.28,38060.59,n.d.,14015.27,14015.27,273738.46,-2194.3700000000003,273738.62,n.d.,0.0,224197.71,n.d.,222003.34,192342.23,1,-28068.308999999997,2194.3700000000003,n.d.,86608.16,76158.599,0,84742.39,198679.36,85796.78,n.d.,-8777.48,-6583.110000000001,5237.79,81396.38900000001,-6583.110000000001,-14015.27,n.d.,n.d.,377094.42,377094.42,53328.08
2011,229844.69,9887.84,143919.11000000002,6010.120000000001,19484.91,250104.84,n.d.,59367.850000000006,18653.69,13445.240000000002,32098.93,84551.26,134031.269,99201.39,63396.02,n.d.,12468.87,12468.87,339713.86,277.07,339714.95900000003,n.d.,131.92000000000002,244039.66,n.d.,244039.66,250104.84,3,5884.829000000001,n.d.,n.d.,93191.27,76164.88,0,49024.850000000006,229844.69,58912.69,n.d.,1108.29,831.22,13445.240000000002,89610.119,831.22,-12336.95,n.d.,n.d.,387958.77,387958.77,95626.87
2010,231658.38,39995.219999999994,132692.29,6010.120000000001,17280.03,265089.07,n.d.,59365.94,16157.4,15780.13,31937.53,71101.26,90471.98,98370.17,62094.8,n.d.,14666.99,14666.99,385378.65,374.21,385378.65,n.d.,383.7,262693.349,n.d.,262693.349,265089.07,3,-26257.25,n.d.,2225.09,92360.05,104509.449,0,25361.87,231658.38,65357.09,n.d.,1496.84,1122.629,15780.13,120289.58,1122.629,-14283.289,n.d.,2225.09,395385.64,395385.64,94416.03
2009,225017.96,40591.14,126892.57,6010.120000000001,16084.05,315156.11,n.d.,73268.19,14203.78,17852.36,32056.14,45881.86,78558.90999999999,97247.54,59129.47,n.d.,15407.71,15407.71,449144.1,626.76,449144.1,n.d.,62.38,253288.79,n.d.,253288.79,315156.11,3,-42802.380000000005,n.d.,7742.52,91237.42,116135.62900000002,0,17324.72,225017.96,57915.86,n.d.,2507.03,1880.27,17852.36,133987.98899999997,1880.27,-15345.33,n.d.,7742.52,380181.36,380181.36,91247.989
2008,149015.37999999998,132838.66,124503.2,6010.120000000001,26324.89,528770.55,n.d.,89052.82,8609.8,36481.44,45091.24,32339.86,-11445.979,95367.27,53944.4,n.d.,12873.73,12873.73,684043.98,5905.03,684043.98,n.d.,12.41,267492.57,n.d.,267492.57,528770.55,2,-56237.78999999999,n.d.,3110.52,89357.15000000001,118791.98999999999,0,14774.46,149015.37999999998,147613.12,n.d.,23620.12,17715.09,36481.44,155273.42899999997,17715.09,-12861.32,n.d.,3110.52,391995.77,391995.77,99048.05
2007,137992.01,n.d.,105520.04,6010.120000000001,40863.64,n.d.,n.d.,51278.12,8609.8,54802.41,63412.21,30270.86,81548.98,77652.18000000001,41027.71,n.d.,11812.99,11812.99,880295.04,10751.28,880295.04,n.d.,15.7,182869.37,n.d.,182869.37,683038.02,2,n.d.,0,23971.058999999997,71642.06,n.d.,n.d.,72745.22,137992.01,72745.22,n.d.,43005.12,32253.84,54802.41,n.d.,32253.84,-11797.29,n.d.,23971.06,288389.41000000003,288389.41000000003,104455.62
2006,160658.06,n.d.,75378.47,6010.120000000001,22785.21,n.d.,n.d.,29233.22,8609.8,37442.76,46052.56,41019.86,70253.08,45398.34,35752.86,n.d.,17254.03,17254.03,671416.14,6075.17,671416.14,0.1,61.75,191479.17,n.d.,191479.17,510909.26,2,n.d.,0,5125.389,39388.219,n.d.,n.d.,60801.24,160658.06,60801.24,n.d.,20250.480000000003,14175.31,37442.76,n.d.,14175.41,-17192.280000000002,0.1,5125.39,266857.64,266857.64,81867.27
2005,185204.82,n.d.,84974.59,6010.120000000001,11428.09,n.d.,n.d.,25491.73,5699.31,26950.64,32649.95,59482.86,84974.59,31222.93,38293.810000000005,n.d.,23684.33,23684.33,626358.09,2455.19,626358.09,4694.63,223.03,200088.97,n.d.,200088.97,481019.83,2,n.d.,0,0,25212.81,n.d.,n.d.,68635.81,185204.82,68635.81,n.d.,3489.34,1034.15,26950.64,n.d.,5728.78,-23461.3,4694.63,n.d.,285063.56,285063.56,75861.42
2004,154746.01,n.d.,110084.24,6010.120000000001,16938.0,n.d.,n.d.,48095.13,5659.5,48100.74,53760.24,61989.11,110084.239,25494.15,40539.1,n.d.,32047.51,32047.51,641320.69,4833.64,641320.69,35.18,23.73,174175.68,n.d.,174175.68,473155.4900000001,n.d.,n.d.,0,0,19484.03,n.d.,n.d.,104019.76,154746.01,104019.76,n.d.,16076.96,11243.32,48100.74,n.d.,11278.5,-32023.78,35.18,n.d.,284259.92000000004,284259.92000000004,94358.25
2003,172652.83,n.d.,93409.0,6010.120000000001,2408.72,n.d.,n.d.,24540.960000000003,1831.63,26823.76,28655.39,68868.04,93409.0,14215.65,44256.53,n.d.,26185.07,26185.07,531254.5889999999,247.32,531254.5889999999,175.26999999999998,10.45,179835.18,n.d.,179835.18,398602.37,n.d.,n.d.,0,0,8205.529,n.d.,n.d.,86375.7,172652.83,86375.7,n.d.,649.14,401.82,26823.76,n.d.,577.09,-26174.62,175.26999999999998,n.d.,273244.18,273244.18,73097.64
2002,187809.72,n.d.,75559.23,6010.120000000001,-924.239,n.d.,n.d.,22214.19,6997.74,12323.39,19321.129,53345.04,75559.23,13638.56,44215.14,1.92,23998.27,23998.27,481538.57,-3395.14,481538.57,335.33,24.35,181666.81,n.d.,181666.81,363325.59,n.d.,n.d.,0,0,7628.44,n.d.,n.d.,55777.76,187809.72,55777.76,n.d.,-11650.53,-8255.39,12323.39,n.d.,-7921.98,-23973.92,333.409,n.d.,257226.04,257226.04,63894.03
2001,177885.91,n.d.,78936.35,6010.120000000001,-1716.61,n.d.,n.d.,27606.31,2834.07,-1755.55,1078.52,51330.04,78936.35,21560.53,44031.21,n.d.,18037.37,18037.37,421405.26,-1950.28,421405.26,13290.58,1.38,178192.63,n.d.,178192.63,316504.59,n.d.,n.d.,0,0,15550.41,n.d.,n.d.,57682.54,177885.91,57682.54,n.d.,-19791.54,-17841.260000000002,-1755.55,n.d.,-4550.68,-18035.99,13290.58,n.d.,257128.98,257128.98,58401.69
2000,53721.4,n.d.,74920.57,6010.120000000001,3050.3300000000004,n.d.,n.d.,21125.78,2822.17,13869.39,16691.558999999997,53794.78999999999,74920.57,26111.21,48282.49,n.d.,12784.66,12784.66,470286.75,1113.86,470346.2,254.81,2.49,23283.2,n.d.,23283.2,335987.16,2,n.d.,0,0,20101.09,n.d.,n.d.,18371.16,53721.4,18371.16,n.d.,1087.22,-26.639000000000003,13869.39,n.d.,228.16,-12782.17,254.81,n.d.,98203.77,98203.77,65231.34
1999,41252.87,n.d.,73365.36,6010.120000000001,4639.26,n.d.,n.d.,20293.38,2650.04,12192.25,14842.29,50940.64,71234.02,25883.05,49176.96,n.d.,9257.71,9257.71,509536.46,1843.93,509595.91,793.43,105.18,26105.38,6433.5,19671.88,382852.88,2,n.d.,0,2131.34,19872.93,n.d.,n.d.,32334.82,41252.87,32334.82,n.d.,3039.72,1195.789,12192.25,n.d.,1989.22,-9152.53,793.43,2131.34,99470.74,99470.74,64917.86
