Año,Acreedores a L. P.,Acreedores comerciales,Activo circulante,Capital suscrito,Cash flow,Consumo de mercaderías y de materias,Deudas financieras,Deudores,Dotaciones para amortiz. de inmovil.,EBIT,EBITDA,Existencias,Fondo de maniobra,Fondos propios,Gastos de personal,Gastos extraordinarios,Gastos financieros,Gastos financieros y gastos asimilados,Importe neto Cifra de Ventas,Impuestos sobre sociedades,Ingresos de explotación,Ingresos extraordinarios,Ingresos financieros,Inmovilizado,Inmovilizado inmaterial,Inmovilizado material,Materiales,Número empleados,Otros Conceptos de Explotación,Otros activos fijos,Otros activos líquidos,Otros fondos propios,Otros gastos de explotación,Otros pasivos fijos,Otros pasivos líquidos,Pasivo fijo,Pasivo líquido,Provisiones,Result. ordinarios antes Impuestos,Resultado Actividades Ordinarias,Resultado Explotación,Resultado bruto,Resultado del Ejercicio,Resultado financiero,Resultados actividades extraordinarias,Tesorería,Total activo,Total pasivo y capital propio,Valor agregado
2023,n.d.,32468.87,414094.2,87145.0,256697.82,-13073.4,2020.92,7701.71,131179.13,69525.56,200704.69,16381.4,-8385.759,10243806.35,32421.14,n.d.,738.01,738.01,5529.13,42950.350000000006,344523.45,n.d.,99681.49,11579221.53,n.d.,4432765.19,3308.0,1,-124471.02,7146456.34,390011.09,10156661.35,288071.29000000004,24083.34,1690936.25,24083.34,1725426.04,n.d.,168469.04,125518.69,69525.56,357596.85,125518.69,98943.48,n.d.,290011.09,11993315.73,11993315.73,332807.32
2022,50492.09,3507.07,833277.3300000001,87145.0,551377.42,1372339.3,n.d.,7553.73,191891.21,477641.5,669532.71,150490.0,154536.66,10118287.66,224027.43,n.d.,300.08,300.08,2116153.6,141928.75,2464087.31,n.d.,24073.54,10656921.77,n.d.,3551605.97,1372339.3,n.d.,-198187.87,7105315.8,675233.6,10031142.66,614106.51,25705.49,1292206.79,76197.58,1295713.86,n.d.,501414.96,359486.21,477641.5,1091748.01,359486.21,23773.460000000003,n.d.,372309.68,11490199.1,11490199.1,917633.679
2021,21383.29,853923.09,3483374.52,87145.0,986376.56,3513248.77,13271.220000000001,927976.57,171133.79,893341.7699999999,1064475.56,943795.33,1017848.809,11400309.35,899533.03,n.d.,534.51,534.51,5633643.54,236857.52,5833854.51,n.d.,159293.03,9670493.54,713.2700000000001,2561685.58,3691938.59,27,-356597.149,7108094.688999999,1611602.62,11313164.35,1427263.97,27327.64,837653.47,48710.93,1704847.78,n.d.,1052100.29,815242.7699999999,893341.7699999999,2320605.74,815242.7699999999,158758.52,n.d.,1476918.32,13153868.06,13153868.06,2123301.619
2020,42152.09,716355.54,2434463.17,87145.0,916124.74,3401094.22,n.d.,809735.1699999999,163526.07,962643.48,1126169.55,819440.75,912820.379,10585066.58,796333.12,n.d.,636.4599999999999,636.4599999999999,5587534.5,230793.24,5770119.35,n.d.,21384.89,9359511.239999998,1333.8899999999999,1985840.29,3401094.22,27,-446522.45900000003,7372337.06,805287.25,10497921.58,1406381.6500000001,28949.79,421450.41000000003,71101.88,1137805.95,n.d.,983391.91,752598.6699999999,962643.48,2369025.129,752598.6699999999,20748.43,n.d.,784492.99,11793974.41,11793974.41,1943887.56
2019,4483.33,607357.8300000001,2071178.59,87145.0,836764.97,3374542.21,n.d.,953525.26,183015.6,853504.8300000001,1036520.429,823395.6799999999,1169563.1090000002,9832467.91,836406.8400000001,n.d.,3063.8700000000003,3063.8700000000003,5520112.63,212655.25,5688191.75,n.d.,15963.66,9024683.92,2683.3500000000004,1993947.76,3374542.21,24,-440722.27,7028052.81,294257.65,9745322.909,1460144.71,30571.940000000002,620981.5,35055.27,1228339.33,n.d.,866404.62,653749.37,853504.8300000001,2313649.54,653749.37,12899.79,n.d.,263136.89,11095862.51,11095862.51,1888890.93
2018,4591.44,537049.7699999999,1519206.37,87144.98999999999,749973.38,3270303.63,104566.63,600444.65,236829.2,724594.48,961423.679,850482.3400000001,913877.22,9178718.54,788971.3200000001,n.d.,37134.74,5354.57,5232112.75,187512.93,5450917.88,n.d.,13197.37,9057771.21,4792.51,2154890.33,3270303.63,25,-430219.25,6898088.37,68279.37900000002,9091573.549,1456019.769,42364.06,709687.14,46955.5,1351303.54,n.d.,700657.11,513144.18,724594.48,2180614.25,513144.18,-23937.369,n.d.,33201.989,10576977.58,10576977.58,1731812.2
2017,2508.11,696228.74,3629207.95,87144.98999999999,599983.899,2999017.46,n.d.,595235.26,179183.31,516171.46,695354.7699999999,823259.9400000001,722266.4600000001,8973574.360000001,724737.93,n.d.,1454.02,1454.02,4671080.73,138235.36,4804789.49,n.d.,44318.509,6725915.48,4657.3,2435602.79,2999017.46,24,-385679.331,4285655.39,2210712.75,8886429.368,1289600.571,64360.41,618451.81,66868.52,1314680.55,n.d.,559035.9500000001,420800.589,516171.46,1805772.03,420800.589,42864.49,n.d.,399616.74,10355123.43,10355123.43,1464411.21
2016,10101.34,792465.7799999999,2882975.49,87144.98999999999,512516.459,2785623.9499999997,29505.66,389033.68,176060.84,414607.81,590668.65,758215.87,354783.77,8552773.77,655912.58,n.d.,769.6700000000001,769.6700000000001,4268184.01,121229.33,4351132.619999999,n.d.,43846.810000000005,6588227.819999999,1176.4,2089769.67,2785623.95,23,-318927.4390000001,4497281.75,1735725.94,8465628.779,1150900.86,86356.76,n.d.,96458.1,821971.4400000001,n.d.,457684.95,336455.62,414607.81,1565508.6700000002,336455.62,43077.14,n.d.,336382.26,9471203.31,9471203.31,1290428.04
2015,10260.869999999999,509494.69,2385060.65,87144.98999999999,372207.949,2613323.3899999997,17708.56,502536.94,185949.41,215567.64,401517.05,787132.06,780174.31,8216318.149999999,629310.9500000001,n.d.,16356.84,1858.45,3894522.83,72351.89,3996087.69,n.d.,59399.63,6662554.59,2254.84,2227266.16,2621987.71,22,-351936.3,4433033.59,1095391.65,8129173.159999999,1167196.6600000001,108353.11,185479.86,118613.98,712683.11,n.d.,258610.43,186258.539,215567.64,1382764.299,186258.539,43042.789,n.d.,228377.43,9047615.239999998,9047615.239999998,1075729.239
2014,19108.56,467743.24,2523387.81,87144.98999999999,416763.839,2357603.9299999997,104686.59,606590.02,214642.52,230618.45,445260.97,800774.16,939620.94,8030059.609999999,717834.39,n.d.,16402.43,4690.77,3784962.81,77499.17000000001,3849262.08,n.d.,65404.47,6417277.09,4457.68,2230609.7800000003,2367789.47,23,-328562.79000000004,4182209.63,1116023.63,7942914.619999999,1261039.7,116226.51,202840.38899999997,135335.07,775270.22,n.d.,279620.49000000005,202121.32,230618.45,1491658.1500000001,202121.32,49002.04,n.d.,142094.34999999998,8940664.9,8940664.9,1216788.1700000002
2013,377195.14999999997,445845.24,2159052.22,87144.98999999999,444863.03,2305311.15,247239.51,521846.72,230300.0,130763.5,361063.5,773226.64,849228.119,7827938.29,625058.2699999999,n.d.,13084.17,13084.17,3530585.25,73459.04,3616895.83,n.d.,170342.739,7017358.819999999,7051.68,2411422.01,2196645.42,22,-325462.91000000003,4598885.13,863978.8600000001,7740793.3,1180821.1800000002,101899.34,176293.51,479094.49000000005,869378.26,n.d.,288022.07,214563.03,130763.5,1311584.6800000002,214563.03,157258.569,n.d.,85753.62000000001,9176411.04,9176411.04,1156464.51
2012,365845.69,306714.63999999996,3127140.07,87144.98999999999,373129.51,2262760.77,100497.29,387174.73,282153.77,92924.05,375077.82,976409.8,1056869.89,7613375.26,704799.63,n.d.,56764.22899999999,8000.31,3554544.11,35206.23,3627451.06,n.d.,90022.15000000001,5539034.649999999,6083.18,2632782.29,2262760.77,24,-284812.83999999997,2900169.179,1763555.54,7526230.27,1271766.24,88421.84,191320,454267.53,598531.93,n.d.,126181.97,90975.739,92924.05,1364690.29,90975.739,33257.92,n.d.,93812.88,8666174.719999999,8666174.719999999,1121135.6800000002
2011,323926.54,426811.64999999997,3577081.31,87144.98999999999,567753.119,2003455.6300000001,96975.89,422808.46,284246.23000000004,332542.47000000003,616788.7,1241538.86,1237535.6700000002,7522399.52,801326.8200000001,n.d.,38193.03,9713.51,3691881.21,95993.71,3778453.489,n.d.,85151.16,5107665.03,2927.52,2909237.97,2003455.63,26,-356882.33900000004,2195499.54,1912733.989,7435254.528999999,1442455.3900000001,75567.97,239064.77000000002,399494.51,762852.31,n.d.,379500.6,283506.889,332542.47000000003,1774997.8590000002,283506.889,46958.13,n.d.,134217.63,8684746.34,8684746.34,1474787.16
2010,431766.24,438202.73000000004,3678060.87,87144.98999999999,604994.04,2730921.2800000003,85670.19,577072.9400000001,301577.5,357799.98000000004,659377.48,1104593.49,1243463.7,7282531.119999999,671028.72,n.d.,10160.51,10160.51,4373476.46,126779.65,4455134.87,n.d.,82556.72,4866020.06,n.d.,3190343.5,2730921.2800000003,25,-393807.389,1675676.56,1996394.44,7195386.13,1366413.6090000002,61295.58,244615.07,493061.82,768487.99,n.d.,430196.19,303416.54,357799.98000000004,1724213.59,303416.54,72396.20999999999,n.d.,199399.0,8544080.93,8544080.93,1412962.92
2009,515436.43000000005,548084.76,3634515.53,87144.98999999999,588138.7,2754318.3299999996,84563.57,623773.6699999999,276340.09,273394.43000000005,549734.52,1210450.13,1286139.039,6979114.58,749944.57,n.d.,24128.31,24128.31,4529091.29,46937.64,4542355.03,n.d.,109470.13,4741852.31,n.d.,3645203.79,2884407.25,27,-488357.611,1096648.52,1800291.73,6891969.59,1514642.272,51580.47,197588.03,567016.9,830236.3600000001,n.d.,358736.25,311798.61,273394.43000000005,1788036.7,311798.61,85341.82,n.d.,118236.67,8376367.84,8376367.84,1409149.22
2008,3500,825037.23,4327085.26,87144.98999999999,1143618.51,4843098.8,n.d.,1097498.54,244764.74,1177130.39,1421895.13,1080361.21,1352822.52,6667419.83,949792.16,n.d.,8305.61,8305.61,7751238.68,378184.42,7777804.148999999,n.d.,108213.41,3570118.72,1630.1399999999999,2890579.65,4859437.31,37,-563018.06,677908.929,2149225.51,6580274.84,1757574.96,62192.55,339054.37,65692.55,1164091.6,n.d.,1277038.1900000002,898853.7699999999,1177130.39,2934705.349,898853.7699999999,99907.8,n.d.,221030.89,7897203.98,7897203.98,2479900.699
2007,n.d.,1541256.28,4258603.42,87144.98999999999,1400562.03,n.d.,n.d.,1607221.77,260237.28,1703095.01,1963332.29,1063990.3,1129955.79,5789373.25,1066050.72,77639.55,19730.44,19730.44,10686070.49,538751.23,10710099.97,23985.638999999996,49365.32,3555946.7800000003,65247.09,3400699.69,7011709.48,42,n.d.,90000.0,1587391.35,5702228.26,n.d.,n.d.,483920.669,n.d.,2025176.95,n.d.,1732729.89,1193978.66,1703095.01,n.d.,1140324.75,29634.88,-53653.91,1551660.9,7814550.2,7814550.2,3025094.42
2006,60603.89,1340945.3800000001,3486876.67,87144.98999999999,1341560.1,n.d.,206306.41,1819657.29,229937.79,1712319.83,1942257.62,941808.53,1420520.44,4649048.5,1034871.48,n.d.,24744.13,24744.13,9772147.12,596254.03,9788240.12,843.3499999999999,19457.29,3341986.87,86204.61,3255782.26,6169967.29,42,n.d.,0.0,725410.849,4561903.51,n.d.,n.d.,571959.3600000001,60603.89,2119211.15,n.d.,1707032.99,1110778.96,1712319.83,n.d.,1111622.31,-5286.84,843.3499999999999,683986.89,6828863.54,6828863.54,2997429.74
2005,257345,1303660.6800000002,2324735.48,87144.98999999999,910728.44,n.d.,223636.81,1361241.1700000002,181420.51,1063809.06,1245229.57,632681.6,690262.09,3537426.19,962635.15,n.d.,22119.39,22119.39,8243717.149999999,364973.02,8251217.149999999,410.59,52180.69,3377019.86,58452.22899999999,3318567.63,5410097.07,40,n.d.,0.0,330812.70900000003,3450281.199,n.d.,n.d.,379686.659,257345,1906984.15,n.d.,1093870.36,728897.3400000001,1063809.06,n.d.,729307.93,30061.3,410.59,274602.19,5701755.34,5701755.34,2260456.0
2004,14278.28,1380686.78,2275715.97,87144.98999999999,923591.539,n.d.,29144.780000000002,1107860.15,110761.59,1194249.23,1305010.82,512885.29,240058.659,2808118.26,736314.9500000001,1702.58,12351.57,12351.57,7115887.659999999,434562.68,7115887.659999999,764.01,66433.539,2274394.23,46502.61,2227891.62,4503046.63,35,n.d.,0.0,654970.53,2720973.2690000003,n.d.,n.d.,317882.09900000005,14278.28,1727713.66,n.d.,1248331.2,813768.52,1194249.23,n.d.,812829.9500000001,54081.97,-938.569,627335.55,4550110.2,4550110.2,2106820.739
2003,43409.229999999996,1249667.81,2396043.56,87144.98999999999,473329.63,n.d.,35130.83,1040642.02,85769.84,560050.3500000001,645820.19,322621.19,113595.399,1995288.31,740964.01,605.569,10227.52,10227.52,6427158.659999999,211487.48,6427158.659999999,480.8,49349.21,1249755.15,31290.84,1218464.31,4464576.95,32,n.d.,0.0,1032780.35,1908143.32,n.d.,n.d.,322302.52900000004,43409.229999999996,1607101.1700000002,n.d.,599172.04,387684.56,560050.3500000001,n.d.,387559.79,39121.69,-124.769,1008782.69,3645798.71,3645798.71,1436008.64
2002,8395.59,904479.52,2010889.48,87144.98999999999,570572.09,n.d.,43185.59,1027987.87,88995.12000000001,708784.4600000001,797779.58,210692.03,334200.379,1607728.52,653374.62,3537.7799999999997,12607.13,12607.13,5760302.83,255274.66,5760302.83,n.d.,44212.08,949578.26,100274.15000000001,849304.11,3859402.9,28,n.d.,0.0,772209.58,1520583.53,n.d.,n.d.,396678.51900000003,8395.59,1344343.63,n.d.,740389.41,485114.75,708784.4600000001,n.d.,481576.97,31604.95,-3537.7799999999997,745772.64,2960467.74,2960467.74,1491828.5
2001,51669.4,n.d.,1576891.38,87144.98999999999,455307.58,n.d.,n.d.,751727.3200000001,81440.33,567989.55,649429.88,127152.27,878879.59,1126151.56,622915.7699999999,1656.87,11492.16,9182.27,5456696.859999999,197533.05,5456696.859999999,n.d.,16559.777000000002,857624.69,121093.2,736531.49,3706075.78,18,n.d.,0.0,698011.7889999999,1039006.57,n.d.,n.d.,1256695.11,51669.4,1256695.11,n.d.,573057.1699999999,375524.12,567989.55,n.d.,373867.25,5067.620000000001,-1656.87,682646.56,2434516.06,2434516.06,1284938.6700000002
2000,45495.82,n.d.,1215628.44,87144.98999999999,310184.25,n.d.,n.d.,704151.3500000001,72991.95999999999,364214.81,437206.77,127258.78,831410.13,752284.31,564063.23,555,9161.59,9161.59,4888256.7700000005,128578.6,4888256.7700000005,4952.44,6320.23,798601.01,57254.55,741346.4600000001,3410106.05,18,n.d.,0.0,384218.309,665139.3200000001,n.d.,n.d.,1216449.32,45495.82,1216449.32,n.d.,361373.45,232794.85,364214.81,n.d.,237192.29,-2841.36,4397.44,355195.17,2014229.45,2014229.45,1011987.669
1999,59718.97,n.d.,856202.039,87146.76,151920.18,n.d.,n.d.,564414.9,64940.57,144021.43,208962.0,133585.25,698000.15,515092.02,478934.88,n.d.,15052.14,15052.14,4163524.34,46835.18,4163524.34,2305.74,2539.76,578352.05,65909.13,438015.73,3015551.23,18,n.d.,74427.19,158201.88899999997,427945.26,n.d.,n.d.,859743.11,59718.97,859743.11,n.d.,131509.049,84673.869,144021.43,n.d.,86979.61,-12512.38,2305.74,126669.45,1434554.1,1434554.1,692742.38
