Año,Acreedores a L. P.,Acreedores comerciales,Activo circulante,Capital suscrito,Cash flow,Consumo de mercaderías y de materias,Deudas financieras,Deudores,Dotaciones para amortiz. de inmovil.,EBIT,EBITDA,Existencias,Fondo de maniobra,Fondos propios,Gastos de personal,Gastos extraordinarios,Gastos financieros,Gastos financieros y gastos asimilados,Importe neto Cifra de Ventas,Impuestos sobre sociedades,Ingresos de explotación,Ingresos extraordinarios,Ingresos financieros,Inmovilizado,Inmovilizado inmaterial,Inmovilizado material,Materiales,Número empleados,Otros Conceptos de Explotación,Otros activos fijos,Otros activos líquidos,Otros fondos propios,Otros gastos de explotación,Otros pasivos fijos,Otros pasivos líquidos,Pasivo fijo,Pasivo líquido,Provisiones,Result. ordinarios antes Impuestos,Resultado Actividades Ordinarias,Resultado Explotación,Resultado bruto,Resultado del Ejercicio,Resultado financiero,Resultados actividades extraordinarias,Tesorería,Total activo,Total pasivo y capital propio,Valor agregado
2023,184310.77,26186.69,177394.83,18030.0,215377.1,666067.64,159764.78,15900.27,99592.27,121900.53,221492.8,102375.08,92088.66,144694.74000000002,487345.61,n.d.,6115.7,6115.7,1481836.61,n.d.,1498599.24,n.d.,0.0,511413.21,125.44,502081.47,666067.64,13.0,-123693.19,9206.3,59119.48,126664.74,710631.07,0,173851.06,184310.77,359802.53,n.d.,115784.83,115784.83,121900.53,832531.6,115784.83,-6115.7,n.d.,53943.78999999999,688808.04,688808.04,708838.409
2022,363302.81,66641.789,179213.15,18030.0,107525.96,601591.1,101315.35,11800.84,88671.19,25069.21,113740.4,101015.98,46175.03,28909.91,347088.94,n.d.,6214.44,6214.44,1212684.93,n.d.,1221255.73,n.d.,0.0,497616.48,855.4399999999999,487554.74,601591.1,9.0,-158835.29,9206.3,66396.33,10879.91,594595.42,0,116659.769,363302.81,284616.91000000003,n.d.,18854.77,18854.77,25069.21,619664.63,18854.77,-6214.44,n.d.,61253.850000000006,676829.63,676829.63,460829.34
2021,389111.35,93965.78,245165.33,18030.0,-57453.3,537366.04,105799.63,54199.99,78537.2,-130370.58,-51833.380000000005,116135.98,76370.19,10055.14,346811.67,n.d.,5619.92,5619.92,999609.95,n.d.,1039164.48,n.d.,0.0,428812.44,2110.44,416970.7,537366.04,10.0,-206820.15,9731.3,74829.36,-7974.859,632169.019,0,75045.87000000001,389111.35,274811.28,n.d.,-135990.5,-135990.5,-130370.58,501798.4390000001,-135990.5,-5619.92,n.d.,68558.02,673977.7699999999,673977.7699999999,294978.29000000004
2020,465584.45,59974.950000000004,377006.11,18030.0,5233.369000000001,276174.63,50319.310000000005,32173.42,63379.99,-47042.22,16337.769,172265.66,144464.13,146046.0,248060.68,n.d.,11146.35,11146.35,743335.74,n.d.,743520.02,n.d.,41.95,386043.27,4445.06,371166.91,276174.63,10.0,-202946.94,10431.3,172567.03,128016.0,514387.61,0,41124.67,465584.45,151418.93,n.d.,-58146.62,-58146.62,-47042.22,467345.39,-58146.62,-11104.4,n.d.,172567.03,763049.38,763049.38,264440.39900000003
2019,180000.0,46615.89,208715.32,18030.0,60716.2,316103.95,n.d.,23499.83,54750.36,16165.54,70915.9,146685.66,123569.599,204192.62,301965.68,n.d.,8369.7,8369.7,917818.5,2225.52,919073.38,n.d.,395.52,352301.13,4453.98,341065.85,316103.95,9.0,-230087.84999999998,6781.3,38529.83,186162.62,586803.889,0,130207.94,180000.0,176823.83,n.d.,8191.360000000001,5965.84,16165.54,602969.429,5965.84,-7974.18,n.d.,38529.83,561016.4500000001,561016.4500000001,373277.1
2018,91634.32,30348.62,213927.98,18030.0,54549.62,288107.54,152921.9,9168.64,49638.11,12580.08,62218.19,135301.13,114121.15,198226.78,289027.72000000003,n.d.,6454.37,6454.37,841792.3600000001,1663.84,842396.2989999999,n.d.,449.64,314880.14,6778.33,298690.46,288107.54,9.0,-203042.84999999998,9411.35,69458.209,180196.78,541708.6789999999,0,55676.5,91634.32,238947.02,n.d.,6575.35,4911.51,12580.08,554288.76,4911.51,-6004.73,n.d.,45839.42,528808.12,528808.12,351695.549
2017,41785.28,41968.11,189400.59,18030.0,36418.77,298426.33,149572.05,18290.89,32216.14,10395.56,42611.7,104161.13,80483.90999999999,193315.27,283578.46,n.d.,5686.45,5686.45,808680.4500000001,1400.8799999999999,808901.01,n.d.,894.4,280516.09,6723.820000000001,264881.718,298426.33,9.0,-184284.519,8910.55,66948.57,175285.27000000002,500079.119,0,43275.97,41785.28,234816.13,n.d.,5603.51,4202.63,10395.56,510474.68,4202.63,-4792.05,n.d.,10829.78,469916.68,469916.68,327084.56
2016,40908.01,27502.38,181025.68,18030.0,53847.15,249333.29,99153.06,15567.45,50309.9,7519.4,57829.3,101161.13,89226.2,189112.64,247868.48,n.d.,3406.04,3406.04,717091.42,1195.75,717364.7,n.d.,619.64,226520.5,1124.29,215974.25,249333.29,9.0,-162333.63,9421.96,64297.1,171082.64,460512.01,0,50870.09,40908.01,177525.53,n.d.,4733.0,3537.25,7519.4,468031.41000000003,3537.25,-2786.4,n.d.,16178.31,407546.18,407546.18,306317.42000000004
2015,21020.12,40652.98,160793.2,18030.0,46648.72,219714.68,44248.63,21841.53,43851.2,8950.78,52801.979,92283.2,73471.75,185575.39,236869.76,n.d.,4962.42,4962.42,660366.8600000001,1190.84,660803.16,n.d.,0.0,188123.49,2002.42,178624.11000000002,219714.68,9.0,-151416.74000000002,7496.96,46668.47,167545.38899999997,432137.7,3436.3300000000004,53983.239,24456.45,138884.84999999998,n.d.,3988.36,2797.52,8950.78,441088.48000000004,2797.52,-4962.42,n.d.,11237.240000000002,348916.69,348916.69,289671.74
2014,10209.740000000002,17523.460000000003,148746.4,18030.0,53212.289,176217.64,67647.09,25983.54,50197.2,10831.48,61028.679,97114.25,105574.33,182777.87,214000.06,n.d.,7063.08,7063.08,580383.74,753.7700000000001,580436.98,n.d.,0.46,179928.93,0.01,172781.96,176217.64,6.0,-129190.6,7146.96,25648.609999999997,164747.87,393387.86,3436.3300000000004,47080.84,13646.07,132251.38999999998,n.d.,3768.86,3015.09,10831.48,404219.33900000004,3015.09,-7062.620000000001,n.d.,11917.38,328675.33,328675.33,275029.2
2013,1908.21,21309.3,161662.81,18030.0,50736.43,179683.15,89968.84,12989.92,48877.21,10890.1,59767.310000000005,104234.25,95914.87,179762.78,206876.64,n.d.,8345.17,8345.17,587929.23,686.4,587929.23,n.d.,0.6900000000000001,198880.68,0.01,192012.83,179683.15,8.0,-141602.13,6867.84,44438.64,161732.78,397355.98000000004,3436.3300000000004,64158.03,5344.54,175436.17,n.d.,2545.62,1859.219,10890.1,408246.079,1859.219,-8344.48,n.d.,14656.01,360543.4900000001,360543.4900000001,266644.64
2012,24674.13,20564.82,130179.07,18030.0,46721.85800000001,165720.25,n.d.,16358.78,46299.71,9221.17,55520.880000000005,113820.29,109614.25,177903.56,201613.63,n.d.,8183.06,8183.06,555515.71,615.97,555533.07,n.d.,0.01,238200.4,0.01,231748.18,165720.25,8.0,-132678.30899999998,6452.21,n.d.,159873.56,380591.649,3436.3300000000004,141800.63,28110.460000000003,162365.44999999998,n.d.,1038.117,422.1470000000001,9221.17,389812.819,422.1470000000001,-8183.05,n.d.,n.d.,368379.47,368379.47,257134.517
2011,55461.14,24071.39,120797.51,18030.0,41880.44,123311.55,n.d.,15197.22,41074.72,9636.86,50711.58,105600.29,96726.12,177481.41,208623.34,n.d.,8485.59,8485.59,502797.95,356.90999999999997,526664.57,n.d.,11.36,267683.53,0.01,262192.61,123311.55,9.0,-144018.1,5490.91,n.d.,159451.41,393716.16,3436.3300000000004,128030.769,58897.47,152102.16,n.d.,1162.63,805.72,9636.86,403353.02,805.72,-8474.230000000001,n.d.,n.d.,388481.04,388481.04,259346.28
2010,74819.19,27296.87,129118.68,18030.0,47205.439,211470.19,46843.46,16755.117,41053.52,15589.01,56642.53,72500.29,61958.538,176675.69,205187.45,n.d.,7386.51,7386.51,593338.55,2050.639,619611.62,n.d.,0.06,266211.03900000005,0.01,260720.12,211470.19,9.0,-146311.44999999998,5490.91,39863.27,158645.69,392552.42000000004,3436.3300000000004,66258.17900000002,78255.52,140398.51,n.d.,8202.557999999999,6151.919,15589.01,408141.43000000005,6151.919,-7386.45,n.d.,12728.52,395329.72,395329.72,261830.038
2009,103398.91,30424.09,149095.1,18030.0,55992.659,152141.53,60635.7,16129.35,49019.95,22854.51,71874.459,112110.29,97815.55,170523.77000000002,221124.5,n.d.,13543.67,13543.67,534785.8500000001,2460.98,559581.58,n.d.,122.85,277541.62,0.01,271214.08,152141.53,10.0,-114441.09,6327.53,20855.460000000003,152493.77000000002,384585.54,3436.3300000000004,58217.92,106835.24,149277.71000000002,n.d.,9433.69,6972.71,22854.51,407440.049,6972.71,-13420.82,n.d.,10819.41,426636.72,426636.72,293121.81
2008,83883.06,17698.39,146838.14,18030.0,59670.6,144034.43,117571.68000000001,10038.34,50836.36,25066.71,75903.07,112864.29,105204.239,163551.06,225725.15,n.d.,12378.0,12378.0,591162.03,3854.4700000000003,601400.06,n.d.,0.0,268593.65,0.01,262885.44,144034.43,9.0,-155737.41,5708.2,23935.51,145521.06,432298.92000000004,3436.3300000000004,29291.27,87319.39,164561.34,n.d.,12688.71,8834.240000000002,25066.71,457365.63,8834.240000000002,-12378.0,n.d.,23935.51,415431.79,415431.79,301628.22000000003
2007,78873.15000000001,n.d.,115931.71,18030.0,46306.95,n.d.,n.d.,36193.33,46195.48,10835.72,57031.2,49241.06,85434.39,154716.81999999998,171854.34,2807.34,8440.46,8440.46,466216.11,37.160000000000004,474282.45,559.98,0.7300000000000001,274096.73000000004,103956.28,164432.25,129498.59,9.0,n.d.,5708.1990000000005,30497.32,136686.81999999998,n.d.,n.d.,156438.47,78873.15000000001,156438.47,n.d.,2395.99,2358.8300000000004,10835.72,n.d.,111.47,-8439.730000000001,-2247.36,25995.41,390028.44,390028.44,226638.91
2006,43067.68,n.d.,99075.38,18030.0,57021.26,n.d.,n.d.,29030.99,44656.33,21534.54,66190.869,40167.72,69198.70999999999,154605.34999999998,172064.26,1255.45,4506.45,4506.45,484506.59,5299.26,486721.64,1891.49,0.06,184843.96,83822.06,99603.85,160067.11000000002,8.0,n.d.,1418.049,29876.67,136575.34999999998,n.d.,n.d.,86246.31,43067.68,86246.31,n.d.,17028.149999999998,11728.89,21534.54,n.d.,12364.93,-4506.39,636.04,26133.89,283919.34,283919.34,238891.23
2005,41258.53,n.d.,91152.53,18030.0,53180.66,n.d.,n.d.,29704.11,42889.68,-2040.17,40849.51,36134.72,65838.83,142240.41999999998,167864.19,2152,2793.08,2793.08,452396.5,4410.42,454750.17,21685.53,1.12,169345.0,73500.3,94676.65,157752.44,9.0,n.d.,1168.05,25313.698999999997,124210.42,n.d.,n.d.,76998.58,41258.53,76998.58,n.d.,-4832.13,-9242.55,-2040.17,n.d.,10290.98,-2791.96,19533.53,22366.58,260497.53,260497.53,228248.349
2004,29962.0,n.d.,108643.47,18030.0,71869.84,n.d.,n.d.,27992.21,48060.42,-6347.41,41713.009,46916.89,74909.1,131949.44,180484.36,699.49,4599.07,4599.07,488674.23,8036.87,492502.329,43487.950000000004,4.31,135748.08,37589.46,96990.57,185690.17,10.0,n.d.,1168.049,33734.37,113919.44,n.d.,n.d.,82480.11,29962.0,82480.11,n.d.,-10942.17,-18979.04,-6347.41,n.d.,23809.42,-4594.76,42788.46,32314.56,244391.55,244391.55,264990.14
2003,50147.66,n.d.,86042.43999999999,18030.0,70760.75,n.d.,n.d.,14501.19,55470.59,25977.77,81448.36,62162.39,76663.58,108140.02,165174.78,30.830000000000002,7803.09,7803.09,484774.08,6577.87,492391.54,3601.44,122.74,147429.37,48620.28,97641.04,168518.38999999998,9.0,n.d.,1168.05,9378.859999999999,90110.02,n.d.,n.d.,75184.13,50147.66,75184.13,n.d.,18297.42,11719.55,25977.77,n.d.,15290.16,-7680.35,3570.61,7421.74,233471.81,233471.81,250316.49
2002,108113.75,n.d.,91504.54,18030.0,76253.9,n.d.,n.d.,16335.63,59665.19,28270.93,87936.12000000001,65683.39,82019.02,92849.86,170052.41999999998,677.24,11994.12,11994.12,509473.97,7109.45,516764.41,8097.259,1.33,180513.12,65370.71,113974.36,175775.47,10.0,n.d.,1168.05,9485.519,74819.86,n.d.,n.d.,71054.05,108113.75,71054.05,n.d.,16278.14,9168.689,28270.93,n.d.,16588.71,-11992.79,7420.019,6635.320000000001,272017.66,272017.66,265409.89
2001,153510.84,n.d.,97795.09,18030.0,72713.54,n.d.,n.d.,22595.4,57252.68,30515.9,87768.58,62467.78999999999,85063.19,76261.17000000001,161414.96,1246.09,13389.89,13389.89,505950.92,6626.07,512426.68,6194.179,12.83,208547.63,93608.6,113350.27,163899.62,11.0,n.d.,1588.759,12731.899,58231.17,n.d.,n.d.,76570.70999999999,153510.84,76570.70999999999,n.d.,17138.84,10512.77,30515.9,n.d.,15460.86,-13377.06,4948.089,8604.49,306342.72000000003,306342.72000000003,254144.459
2000,135260.83,n.d.,69143.45,18030.36,68200.18000000001,n.d.,n.d.,15592.54,46886.53,41973.59,88860.12000000001,40575.380000000005,56167.92,60800.32,160753.49,842.8499999999999,12156.47,12156.47,506062.96,9134.42,515232.05,1473.31,0.49,206463.21,105320.16,99734.6,174217.93,9.0,n.d.,1408.449,12975.529,42769.96,n.d.,n.d.,79545.51,135260.83,79545.51,n.d.,29817.6,20683.18,41973.59,n.d.,21313.65,-12155.98,630.459,6807.57,275606.67,275606.67,250244.56
1999,134913.02,n.d.,111554.68,18030.36,52702.880000000005,n.d.,n.d.,62342.67,35322.46,34218.64,69541.1,41557.78999999999,103900.459,39486.67,165399.09,541.61,11678.55,11678.55,515196.28,7394.99,529196.8300000001,2606.13,170.81,167643.6,66474.649,99760.5,207722.71,11.0,n.d.,1408.45,7654.22,21456.309,n.d.,n.d.,104798.59,134913.02,104798.59,n.d.,22710.9,15315.91,34218.64,n.d.,17380.420000000002,-11507.75,2064.52,4325.75,279198.29000000004,279198.29000000004,237175.509
