Año,Acreedores a L. P.,Acreedores comerciales,Activo circulante,Capital suscrito,Cash flow,Consumo de mercaderías y de materias,Deudas financieras,Deudores,Dotaciones para amortiz. de inmovil.,EBIT,EBITDA,Existencias,Fondo de maniobra,Fondos propios,Gastos de personal,Gastos extraordinarios,Gastos financieros,Gastos financieros y gastos asimilados,Importe neto Cifra de Ventas,Impuestos sobre sociedades,Ingresos de explotación,Ingresos extraordinarios,Ingresos financieros,Inmovilizado,Inmovilizado inmaterial,Inmovilizado material,Materiales,Número empleados,Otros Conceptos de Explotación,Otros activos fijos,Otros activos líquidos,Otros fondos propios,Otros gastos de explotación,Otros pasivos fijos,Otros pasivos líquidos,Pasivo fijo,Pasivo líquido,Provisiones,Result. ordinarios antes Impuestos,Resultado Actividades Ordinarias,Resultado Explotación,Resultado bruto,Resultado del Ejercicio,Resultado financiero,Resultados actividades extraordinarias,Tesorería,Total activo,Total pasivo y capital propio,Valor agregado
2023,51260.6,32076.88,86021.6,270450.0,31034.34,21379.62,n.d.,23247.56,3465.22,37958.83,41424.05,n.d.,-8829.32,1517763.44,n.d.,n.d.,1200,1200,80400.0,9189.71,80400.0,n.d.,0.0,1524791.77,n.d.,1508531.1700000002,21379.62,n.d.,-17596.329999999998,16260.6,62774.04,1247313.44,21061.55,0,9712.45,51260.6,41789.33,n.d.,36758.83,27569.12,37958.83,59020.380000000005,27569.12,-1200.0,n.d.,62774.04,1610813.37,1610813.37,41424.05
2022,51260.6,n.d.,27536.980000000003,270450.0,42563.77,n.d.,n.d.,6563.27,4725.3,51796.47,56521.77,n.d.,6563.27,1490194.32,n.d.,n.d.,1345.1799999999998,1345.1799999999998,80400.0,12612.82,80400.0,n.d.,0.0,1528256.99,n.d.,1511996.39,n.d.,n.d.,-23878.23,16260.6,20973.71,1219744.32,28603.53,0,14339.05,51260.6,14339.05,n.d.,50451.28999999999,37838.47,51796.47,80400,37838.47,-1345.1799999999998,n.d.,20973.71,1555793.97,1555793.97,56521.77
2021,89660.6,n.d.,66555.73999999999,270450.0,170630.02899999998,6042.56,n.d.,2574.09,4725.3,222846.31,227571.61,n.d.,2574.09,1452355.85,n.d.,n.d.,1640,1640,76500.0,55301.58,76500.0,n.d.,0.0,1527982.29,n.d.,1516721.6900000002,6042.56,n.d.,157114.169,11260.6,63981.65,1181905.85,-152388.87,0,52521.58,89660.6,52521.58,n.d.,221206.31,165904.729,222846.31,70457.43999999999,165904.729,-1640.0,n.d.,63981.65,1594538.03,1594538.03,227571.61
2020,333060.6,n.d.,19883.71,270450.0,17681.89,n.d.,n.d.,14823.41,4725.3,20519.460000000003,25244.76,n.d.,14823.41,1286451.12,n.d.,n.d.,3244,3244,57000.0,4318.87,57003.92,n.d.,0.0,1630257.53,n.d.,1621596.93,n.d.,n.d.,-31759.16,8660.6,5060.3,1016001.12,36484.46,0,30629.52,333060.6,30629.52,n.d.,17275.460000000003,12956.59,20519.460000000003,57003.92,12956.59,-3244.0,n.d.,5060.3,1650141.24,1650141.24,25244.76
2019,353060.6,n.d.,14057.98,270450.0,28847.71,n.d.,n.d.,11706.48,4725.3,39043.22,43768.52,n.d.,11706.48,1273494.53,n.d.,n.d.,6880,6880,58909.34,8040.81,58909.34,n.d.,0.0,1634982.83,n.d.,1626322.23,n.d.,n.d.,-15140.82,8660.6,2351.5,1003044.53,19866.12,0,22485.68,353060.6,22485.68,n.d.,32163.22,24122.41,39043.22,58909.340000000004,24122.41,-6880.0,n.d.,2351.5,1649040.81,1649040.81,43768.52
2018,385860.6,n.d.,16066.7,270450.0,37491.27,n.d.,n.d.,10765.14,4725.3,53478.6,58203.9,n.d.,10765.14,1249372.12,n.d.,n.d.,9896.92,9896.92,72604.89,10921.99,72604.89,n.d.,106.28,1641908.13,n.d.,1631047.53,n.d.,n.d.,-14400.99,10860.6,5301.56,978922.12,19126.29,0,22742.11,385860.6,22742.11,n.d.,43687.96,32765.97,53478.6,72604.89,32765.97,-9790.64,n.d.,5301.56,1657974.83,1657974.83,58310.18
2017,419860.6,n.d.,10595.08,270460.9,27664.149,n.d.,n.d.,9354.33,4725.3,41208.47,45933.77,n.d.,9354.33,1216606.15,n.d.,n.d.,10809.34,10809.34,64651.36,7646.29,64651.36,n.d.,186.01,1653230.95,n.d.,1635772.83,n.d.,n.d.,-18717.59,17458.12,1240.75,946145.25,23442.89,0,27359.28,419860.6,27359.28,n.d.,30585.14,22938.85,41208.47,64651.36,22938.85,-10623.33,n.d.,1240.75,1663826.03,1663826.03,46119.78
2016,450467.59,n.d.,8441.8,270460.9,35749.03,n.d.,n.d.,3182.14,4725.3,52443.71,57169.01,n.d.,3182.14,1193667.3,n.d.,n.d.,11784.1,11784.1,71175.68000000001,10341.240000000002,71175.68000000001,n.d.,705.3599999999999,1666902.43,n.d.,1640498.13,n.d.,n.d.,-14006.67,26404.3,5259.660000000001,923206.4,18731.97,0,31209.34,450467.59,31209.34,n.d.,41364.97,31023.73,52443.71,71175.68000000001,31023.73,-11078.740000000002,n.d.,5259.660000000001,1675344.23,1675344.23,57874.37
2015,484058.56,264.39,21810.37,270460.9,13183.259,n.d.,21751.460000000003,14353.38,4725.3,21447.13,26172.43,n.d.,14088.99,1162643.57,n.d.,n.d.,11715.88,11715.88,45939.2,1273.29,45939.2,n.d.,0.0,1680217.46,n.d.,1645223.43,n.d.,n.d.,-19766.77,34994.03,7456.99,892182.6699999999,24492.07,0,33309.850000000006,484058.56,55325.7,n.d.,9731.25,8457.96,21447.13,45939.2,8457.96,-11715.88,n.d.,7456.99,1702027.83,1702027.83,26172.43
2014,397426.77,2835.08,25115.53,270460.9,-883.769,2834.4300000000003,86000,22152.03,4725.3,6558.3,11283.6,n.d.,19316.949,1154185.61,n.d.,n.d.,11742.65,11742.65,31200.0,425.28,31200.0,n.d.,0.56,1642859.33,n.d.,1634198.73,2834.4300000000003,n.d.,-17081.97,8660.6,2963.5,883724.71,21807.27,0,27527.4,397426.77,116362.48,n.d.,-5183.79,-5609.07,6558.3,28365.57,-5609.07,-11742.09,n.d.,2963.5,1667974.86,1667974.86,11284.16
2013,420187.06,n.d.,48310.36,270460.9,39398.94,2241.38,85000,8116.150000000001,4725.3,59775.06,64500.36,n.d.,8116.150000000001,1159794.6800000002,n.d.,n.d.,10241.359999999999,10241.359999999999,60800.0,14860.13,62252.87,n.d.,0.07,1645946.39,n.d.,1636860.51,2241.38,n.d.,4488.869000000001,9085.88,40194.21,889333.7799999999,236.43,0,29275.01,420187.06,114275.01,n.d.,49533.77,34673.64,59775.06,60011.49,34673.64,-10241.29,n.d.,40194.21,1694256.75,1694256.75,64500.43
2012,474704.2,n.d.,15990.59,270460.9,28559.78,n.d.,82857.83,8598.25,4725.3,59880.26,64605.56,n.d.,8598.25,1125121.04,n.d.,n.d.,16870.39,16870.39,74400.0,19176.52,74400.0,n.d.,1.13,1682304.38,n.d.,1671359.93,n.d.,n.d.,-9794.44,10944.45,7392.34,854660.14,14519.740000000002,0,15611.9,474704.2,98469.73,n.d.,43011.0,23834.480000000003,59880.26,74400,23834.480000000003,-16869.260000000002,n.d.,7392.34,1698294.97,1698294.97,64606.69
2011,557478.25,n.d.,719890.92,270460.9,64178.0,16325.1,80933.84,64176.05,5967.99,106293.63,112261.62,620484.43,684660.48,1101286.56,n.d.,n.d.,14938.34,14938.34,74400.0,33145.78999999999,74400.0,n.d.,0.51,1066545.25,n.d.,1055600.8,16325.1,n.d.,54186.719999999994,10944.45,35230.44,830825.66,-48218.729999999996,0,46737.52,557478.25,127671.36,n.d.,91355.8,58210.01,106293.63,58074.9,58210.01,-14937.83,n.d.,35230.44,1786436.1700000002,1786436.1700000002,112262.13
2010,620740.2799999999,2257.03,655352.89,270460.9,39521.03,1912.74,73427.03,6530.38,7159.13,58542.71,65701.84,636809.53,641082.88,1043076.55,n.d.,n.d.,15393.9,15393.9,82323.86,10787.3,82323.86,n.d.,0.39,1112308.05,n.d.,1101363.6,1912.74,n.d.,-14709.28,10944.45,12012.98,772615.65,21868.41,0,28160.05,620740.2799999999,103844.11,n.d.,43149.2,32361.899,58542.71,80411.12000000001,32361.899,-15393.51,n.d.,12012.98,1767660.94,1767660.94,65702.229
2009,675712.9500000001,n.d.,666358.59,270460.9,54284.17,n.d.,75000,5319.6900000000005,7159.13,86569.09,93728.22,636809.53,642129.22,1010714.65,7000,n.d.,23736.05,23736.05,116821.86,15708.35,117125.9,n.d.,0.35,1123073.25,n.d.,1108522.73,n.d.,1,-16397.68,14550.52,24229.37,740253.75,30556.809999999998,0,28004.239,675712.9500000001,103004.24,n.d.,62833.39,47125.04,86569.09,117125.9,47125.04,-23735.7,n.d.,24229.37,1789431.84,1789431.84,100728.57
2008,725842.3600000001,3480,656278.19,270460.9,46119.98,410.1,69006.1,9575.05,7159.13,93798.11,100957.24,636809.53,642904.58,963589.61,7000,n.d.,41850.810000000005,41850.810000000005,125343.74,12986.95,125343.74,n.d.,0.5,1126680.38,n.d.,1115681.86,410.1,1,-16976.4,10998.52,9893.61,693128.71,31135.53,0,21040.5,725842.3600000001,93526.6,n.d.,51947.8,38960.850000000006,93798.11,124933.64,38960.850000000006,-41850.310000000005,n.d.,9893.61,1782958.57,1782958.57,107957.74
2007,845965.09,n.d.,665958.24,270460.9,48316.74,n.d.,n.d.,10456.83,7159.13,84053.62000000001,91212.75,636809.53,647266.3600000001,924628.76,7000,2917.56,38309.229999999996,38309.229999999996,119426.58,13719.2,119426.58,12047.08,2.9,1131381.35,n.d.,1120382.83,1273,1,n.d.,10998.52,18691.879,654167.8600000001,n.d.,n.d.,26745.74,845965.09,26745.74,n.d.,45747.28999999999,32028.09,84053.62000000001,n.d.,41157.61,-38306.33,9129.52,18691.88,1797339.59,1797339.59,107345.17
2006,1073402.52,n.d.,831872.9400000001,270460.9,47627.39,n.d.,n.d.,148293.55,7159.13,77366.13,84525.26,636809.53,785103.08,883471.15,7200,n.d.,19555.24,19555.24,112518.34,17343.54,112518.34,n.d.,0.91,1138540.48,n.d.,1127541.96,n.d.,1,n.d.,10998.52,46769.859,613010.25,n.d.,n.d.,13539.75,1073402.52,13539.75,n.d.,57811.8,40468.26,77366.13,n.d.,40468.26,-19554.33,n.d.,8769.859999999999,1970413.42,1970413.42,91726.17
2005,32202.52,n.d.,698932.4600000001,270460.9,44054.95,n.d.,n.d.,15926.1,7159.13,51876.54,59035.67,636809.53,652735.63,843002.89,7200,37138.549,32.36,32.36,102864.74,15812.49,102864.74,38000,2.68,193394.15,n.d.,182395.63,21722,1,n.d.,10998.519,46196.829,572541.99,n.d.,n.d.,17121.2,32202.52,17121.2,n.d.,51846.86,36034.37,51876.54,n.d.,36895.82,-29.68,861.4499999999999,8196.83,892326.61,892326.61,67099.8
2004,13402.52,n.d.,634451.02,270460.9,48653.469,n.d.,n.d.,13709.31,7159.13,58578.48,65737.61,565411.71,579121.02,806107.07,7200,n.d.,2.16,2.16,100440.77,17783.29,100440.77,216.46,484.85,200553.28,n.d.,189554.76,11404.81,1,n.d.,10998.519,55330.0,535646.169,n.d.,n.d.,15494.71,13402.52,15494.71,n.d.,59061.17,41277.880000000005,58578.48,n.d.,41494.34,482.69,216.46,55330.0,835004.3,835004.3,73638.92
2003,13402.52,n.d.,582713.1699999999,270460.9,61549.92,n.d.,n.d.,19211.86,7159.13,77781.03,84940.16,493603.66,512815.519,764612.73,7200,n.d.,4320.54,4320.54,214902.95,23310.34,214902.95,329.3,3911.34,207712.41,n.d.,196713.89,106432.40999999999,1,n.d.,10998.519,69897.65000000001,494151.829,n.d.,n.d.,12410.33,13402.52,12410.33,n.d.,77371.83,54061.49,77781.03,n.d.,54390.78999999999,-409.2,329.3,69897.65000000001,790425.58,790425.58,96380.8
2002,13102.06,n.d.,528645.43,270460.9,49507.28999999999,n.d.,n.d.,36958.8,7159.13,59300.71,66459.84,491264.09,528222.89,710221.9400000001,7200,0.01,46.04,46.04,88634.70999999999,18149.21,91303.04,n.d.,1242.71,275039.63,n.d.,203873.02,n.d.,1,n.d.,71166.61,422.54,439761.0390000001,n.d.,n.d.,80361.06,13102.06,80361.06,n.d.,60497.380000000005,42348.17,59300.71,n.d.,42348.16,1196.6699999999998,-0.01,422.54,803685.06,803685.06,74902.54
2001,12681.36,n.d.,33665.47,270460.9,80628.85,n.d.,n.d.,23019.43,7159.14,96616.97,103776.11,n.d.,23019.43,667873.7799999999,7212.150000000001,n.d.,n.d.,n.d.,411930.47,32625.86,411930.47,60.1,9418.5,712981.39,n.d.,643478.1799999999,281728.46,1,n.d.,69503.209,10646.04,397412.88,n.d.,n.d.,66091.72,12681.36,66091.72,n.d.,106035.47,73409.61,96616.97,n.d.,73469.70999999999,9418.5,60.1,10646.04,746646.8600000001,746646.8600000001,120466.86
2000,12320.75,n.d.,565914.38,270455.45,135062.37,n.d.,n.d.,5446.37,6873.84,187561.1,194434.94,269404.83999999997,274851.21,594404.07,6010.120000000001,n.d.,4.319999999999999,4.319999999999999,954993.05,62089.84,954993.05,n.d.,2721.59,707416.8600000001,n.d.,640588.89,716898.41,1,n.d.,66827.969,291063.17,323948.619,n.d.,n.d.,666606.42,12320.75,666606.42,n.d.,190278.37,128188.53,187561.1,n.d.,128188.53,2717.27,n.d.,291063.17,1273331.24,1273331.24,203166.65
1999,,,,,,,,,,,,,,,,,,,,,,,,,,,,,,,,,,,,,,,,,,,,,,,,,
