Año,Acreedores a L. P.,Acreedores comerciales,Activo circulante,Capital suscrito,Cash flow,Consumo de mercaderías y de materias,Deudas financieras,Deudores,Dotaciones para amortiz. de inmovil.,EBIT,EBITDA,Existencias,Fondo de maniobra,Fondos propios,Gastos de personal,Gastos extraordinarios,Gastos financieros,Gastos financieros y gastos asimilados,Importe neto Cifra de Ventas,Impuestos sobre sociedades,Ingresos de explotación,Ingresos extraordinarios,Ingresos financieros,Inmovilizado,Inmovilizado inmaterial,Inmovilizado material,Materiales,Número empleados,Otros Conceptos de Explotación,Otros activos fijos,Otros activos líquidos,Otros fondos propios,Otros gastos de explotación,Otros pasivos fijos,Otros pasivos líquidos,Pasivo fijo,Pasivo líquido,Provisiones,Result. ordinarios antes Impuestos,Resultado Actividades Ordinarias,Resultado Explotación,Resultado bruto,Resultado del Ejercicio,Resultado financiero,Resultados actividades extraordinarias,Tesorería,Total activo,Total pasivo y capital propio,Valor agregado
2023,n.d.,18468.829999999998,4991060.54,252420.0,282845.199,6528839.7,n.d.,1429106.21,57006.28,297277.35,354283.63,2349646.13,3760283.51,5437323.33,725888.99,n.d.,6269.29,6269.29,8093366.109999999,65169.14,8102471.45,n.d.,0.0,744056.5,n.d.,409024.48,6528839.7,14.0,-493459.13,335032.02,1212308.2,5184903.33,1276354.4,182.62,279142.26,182.62,297611.09,n.d.,291008.06,225838.919,297277.35,1573631.75,225838.919,-6269.29,n.d.,1202793.6900000002,5735117.04,5735117.04,1080172.62
2022,n.d.,234810.91,5560059.9,252420.0,496458.9,9052160.709999999,n.d.,1477656.15,50041.93,597008.63,647050.56,2360281.85,3603127.09,5211484.41,723059.2899999999,n.d.,14267.21,14267.21,10931114.54,136324.57,10940063.78,n.d.,0.12,722955.93,1234.9,386404.38,9052160.71,15.0,-517793.22000000003,335316.65,1722121.9,4959064.41,1290894.44,182.62,836537.89,182.62,1071348.8,n.d.,582741.54,446416.97,597008.63,1887903.0690000001,446416.97,-14267.089,n.d.,1712338.15,6283015.83,6283015.83,1370109.97
2021,n.d.,196167.62,4586286.74,252420.0,428124.84,7933871.4,24720.980000000003,1505940.93,49220.71,506190.59,555411.3,1893069.77,3202843.08,4765072.52,633428.14,n.d.,12982.34,12982.34,9625320.63,114304.12000000001,9634269.87,n.d.,0.0,715122.65,1236.58,377923.28,7933871.4,12.0,-511559.02900000004,335962.79000000004,1187276.04,4512652.52,1194207.8800000001,182.62,315265.65,182.62,536154.25,n.d.,493208.25,378904.13,506190.59,1700398.47,378904.13,-12982.34,n.d.,1186493.75,5301409.39,5301409.39,1188839.44
2020,24636.39,135054.53,4303065.19,252420.0,211152.82,5554822.14,107894.3,1045525.8,50301.57,223025.94,273327.51,1582739.1900000002,2493210.46,4386168.39,629378.31,n.d.,15272.71,15272.71,6858817.18,46901.98,6867926.42,n.d.,0.0,715926.2699999999,1811.31,377506.03,5554822.14,14.0,-410398.45900000003,336608.93000000005,1674800.2,4133748.39,1090078.34,182.62,365055.23,24819.01,608004.06,n.d.,207753.23,160851.25,223025.94,1313104.28,160851.25,-15272.71,n.d.,1671426.36,5018991.46,5018991.46,902705.82
2019,71384.07,219841.31,4436271.69,252420.0,459767.17,7149641.49,47738.07,1802407.98,50140.6,552315.88,602456.48,1496616.89,3079183.56,4225317.139,608954.8500000001,n.d.,22391.45,22391.45,8767187.02,120297.86,8776136.26,n.d.,0.0,737693.3300000001,794.23,399644.03,7149641.49,13.0,-415083.44,337255.07,1137246.82,3972897.139,1074178.8900000001,182.62,609501.81,71566.69,877081.19,n.d.,529924.43,409626.57,552315.88,1626494.769,409626.57,-22391.45,n.d.,1132713.78,5173965.02,5173965.02,1211411.33
2018,118289.45,206019,3877803.04,252420.0,532482.809,8937922.7,47255.07,1759165.45,42203.01,647094.92,689297.93,944573.34,2497719.79,3815690.57,602024.6799999999,n.d.,19582.71,19582.71,10628044.38,137232.41,10628044.38,n.d.,0.0,670835.14,1463.73,331470.19,8937922.7,13.0,-398799.07,337901.22000000003,1174064.25,3563270.57,1043026.76,182.62,361201.47,118472.07,614475.54,n.d.,627512.21,490279.79900000006,647094.92,1690121.6800000002,490279.79900000006,-19582.71,n.d.,1167408.1700000002,4548638.18,4548638.18,1291322.61
2017,165437.44999999998,410080.39,4572110.04,252420.0,399357.079,8629894.209999999,95966.87000000001,1854288.93,41537.380000000005,488223.69,529761.069,1225831.03,2670039.57,3325410.77,553138.25,n.d.,19979.22,19979.2,10097413.08,110466.53,10097413.08,n.d.,41.760000000000005,614831.05,3327.74,272955.96,8629894.209999999,12.0,-384619.55,338547.35,1491990.08,3072990.77,979295.1799999999,182.62,1189862.99,165620.07,1695910.25,n.d.,468286.23,357819.699,488223.69,1467518.8690000002,357819.699,-19937.460000000003,n.d.,1483622.58,5186941.09,5186941.09,1082941.059
2016,260652.87999999998,278498.86,3625219.61,252420.0,305020.55,9465311.370000001,130160.82,1098952.6900000002,36162.47,377365.92,413528.39,2003497.43,2823951.26,3101752.19,525275.959,n.d.,24888.02,24744.06,10805347.14,84478.23999999999,10805347.14,n.d.,858.42,610216.6,3947,267076.11,9465311.37,12.0,-401231.42000000004,339193.49000000005,522769.4900000001,2849332.19,962669.849,182.62,464188.839,260835.5,872848.52,n.d.,353336.32,268858.08,377365.92,1340035.77,268858.08,-24029.6,n.d.,485352.71,4235436.21,4235436.21,939518.809
2015,392045.99000000005,447159.17,3652941.49,252420.0,365388.28,10802132.67,142696.93,1265049.66,35733.65,456391.92,492125.57,1682606.44,2500496.929,2832894.1,532424.72,n.d.,38543.82,38543.82,12219148.55,122475.32,12219148.55,n.d.,34281.850000000006,419426.21,6699.5,250037.08,10802132.67,12.0,-392465.59,162689.63,705285.389,2580474.1,960623.9600000001,182.62,257388.89,392228.61,847244.99,n.d.,452129.95,329654.63,456391.92,1417015.8800000001,329654.63,-4261.969999999999,n.d.,680840.9400000001,4072367.7,4072367.7,1058832.1390000002
2014,317654.25,483345.87,3594412.33,252420.0,218994.98,13463717.75,216871.07,981124.57,35851.09,317727.15,353578.24,1216069.16,1713847.8590000002,2503239.47,477316.82,n.d.,58742.28999999999,58742.28,14664225.67,79780.62000000001,14664225.67,n.d.,3939.65,420311.95,9452,280043.02,13463717.75,11.0,-369612.86,130816.93,1397218.6,2250819.47,882780.7699999999,1601.57,492012.049,319255.82,1192228.99,n.d.,262924.51,183143.89,317727.15,1200507.92,183143.89,-54802.64,n.d.,1357208.03,4014724.28,4014724.28,834834.7
2013,429118.87,879392.2799999999,4101874.94,252420.0,255525.01,13203374.139999999,298280,1618535.63,37508.9,370116.86,407625.76,2402886.11,3142029.46,2320095.57,466999.32,n.d.,64186.41,64186.41,14459616.37,93435.48,14459616.37,n.d.,5521.14,434187.55,n.d.,308599.73000000004,13203374.14,11.0,-381617.14999999997,125587.82,80453.2,2067675.569,886125.37,1539.1899999999998,607636.58,430658.06,1785308.86,n.d.,311451.59,218016.11,370116.86,1256242.229,218016.11,-58665.27,n.d.,75402.03,4536062.49,4536062.49,880146.22
2012,380979.6,591230.05,3359950.35,252420.0,85334.57,11547066.709999999,81654.95999999999,1440411.32,36880.12,167339.54,204219.66,1629626.6,2478807.87,2102079.46,460342.87,n.d.,91621.64,53318.68,12634104.17,30257.329999999998,12634104.17,n.d.,2993.88,435708.19,n.d.,315809.28,11547066.71,11.0,-422474.93000000005,119898.909,289912.43000000005,1849659.46,919697.92,4386.48,635327.99,385366.08,1308213.0,n.d.,78711.78,48454.45,167339.54,1087037.459,48454.45,-88627.76,n.d.,284707.75,3795658.54,3795658.54,629253.4500000001
2011,461504.23000000004,858043.31,4156597.95,252420.0,320687.24,11047742.55,616165.13,2834352.95,41197.22,549904.99,591102.21,1059437.7,3035747.34,2053625.01,501016.47,n.d.,126939.72,57908.23,12537087.5,149203.13,12537087.5,n.d.,5727.88,470989.41,n.d.,313107.39,11047742.55,13.0,-397226.27,157882.02,262807.3,1801205.01,939439.9600000001,5415.72,632833.9600000001,466919.95,2107042.4,n.d.,428693.15,279490.02,549904.99,1489344.949,279490.02,-121211.84,n.d.,256312.57,4627587.359999999,4627587.359999999,1028815.07
2010,650857.53,808036.76,3385758.27,252420.0,634162.2899999999,5908038.35,173698.6,2194776.97,39606.16,968441.19,1008047.35,912517.76,2299257.97,1774134.99,529168.829,n.d.,140669.15,139648.38999999998,7907014.94,254809.77000000002,7907014.94,n.d.,21593.86,488921.17,n.d.,294677.92000000004,5908038.35,13.0,-461760.41000000003,194243.25,278463.54,1521714.99,1030535.399,5758.92,462192.64,656616.4500000001,1443928.0,n.d.,849365.9,594556.13,968441.19,1998976.59,594556.13,-119075.29,n.d.,269007.17,3874679.44,3874679.44,1557789.279
2009,543602.87,551632.64,2173945.57,252420.0,171848.69,3670078.4499999997,142030.729,1476183.07,44058.94,251104.9,295163.83900000004,648967.0,1573517.43,1179578.86,429558.69,n.d.,72939.31,72725.42,4705048.659999999,54767.04,4705048.659999999,n.d.,4391.2,480662.52,n.d.,286419.27,3670078.45,14.0,-310247.68,194243.25,48795.5,927158.86,783865.309,6106.92,231656.069,549709.7899999999,925319.44,n.d.,182556.79,127789.75,251104.9,1034970.21,127789.75,-68548.11,n.d.,37968.9,2654608.09,2654608.09,728899.8400000001
2008,566263.7699999999,292307.37,1790874.83,252420.0,146457.68,4469986.34,196685.72,1142515.1700000002,47959.01,179630.91,227589.92,494317.77,1344525.569,1051789.11,399085.29,n.d.,64151.37,64151.37,5429506.81,17386.440000000002,5429506.81,n.d.,405.57,481294.94,n.d.,287051.69,4469986.34,13.0,-332845.259,194243.25,154041.88999999998,799369.11,779889.559,6995.54,158128.26,573259.31,647121.3500000001,n.d.,115885.11,98498.67,179630.91,959520.469,98498.67,-63745.8,n.d.,109544.98,2272169.77,2272169.77,627080.7789999999
2007,612471.88,n.d.,1872841.18,252420.0,5952.610000000001,n.d.,n.d.,808614.08,54078.65,42453.42,96532.07,946981.1,1755595.1800000002,953290.44,380686.45,n.d.,91906.55,91768.17,5181135.71,n.d.,5181135.71,1245.6899999999998,81.4,400343.24,74056.62000000001,288723.37,4450285.56,11.0,n.d.,37563.25,117246.0,700870.4400000001,n.d.,n.d.,707422.1,612471.88,707422.1,n.d.,-49371.73,-49371.73,42453.42,n.d.,-48126.04,-91825.15,1245.6899999999998,105452.63,2273184.42,2273184.42,478407.23
2006,47782.08,n.d.,1796714.39,252420.0,103930.52,n.d.,n.d.,671579.3600000001,53373.58,151758.29,205131.87,989703.4,1661282.76,1001416.48,279197.25,n.d.,79761.68000000001,77448.98999999999,4558625.91,27222.960000000003,4558625.91,3061.32,2721.9700000000003,438303.36,103403.7,297336.41000000003,3951829.37,9.0,n.d.,37563.25,135431.629,748996.48,n.d.,n.d.,1185819.1900000002,47782.08,1185819.1900000002,n.d.,74718.58,47495.62,151758.29,n.d.,50556.94,-77039.70999999999,3061.32,81991.54,2235017.75,2235017.75,487799.72
2005,30460.760000000002,n.d.,1156835.6800000002,252420.0,90583.63,n.d.,n.d.,653876.9500000001,50950.69,92732.31,143683.0,457245.53,1111122.48,950859.54,261310.53,n.d.,43434.86,29855.6,4177506.78,21340.82,4177506.78,0.8500000000000001,11675.46,431370.52,61709.46,332097.81,3614124.88,8.0,n.d.,37563.25,45713.19899999999,698439.54,n.d.,n.d.,606885.9,30460.76,606885.9,n.d.,60972.91,39632.09,92732.31,n.d.,39632.94,-31759.4,0.8500000000000001,36289.16,1588206.2,1588206.2,403090.579
2004,13952.02,n.d.,1364986.769,252420.0,65417.86,n.d.,n.d.,523926.86,45577.25,103992.56,149569.81,644463.5,1168390.3590000002,911226.6,248462.79,737.43,83933.8,83933.8,5331971.23,1386.37,5331971.23,10.03,1895.62,413137.36,36900.11,338674.0,4743343.22,8.0,n.d.,37563.25,196596.409,658806.6,n.d.,n.d.,852945.51,13952.02,852945.51,n.d.,21954.38,20568.01,103992.56,n.d.,19840.61,-82038.18000000001,-727.4,192615.72,1778124.13,1778124.13,399200.82
2003,25368.59,n.d.,1148235.6800000002,252420.0,22205.97,n.d.,n.d.,522003.16,39787.78999999999,11816.240000000002,51604.03,579302.75,1101305.91,891385.99,243641.98,n.d.,38593.53,38593.53,5061374.659999999,-525.65,5061374.659999999,8660.07,9.75,434920.53,44121.18,353236.1,4620743.46,8.0,n.d.,37563.25,46929.77,638965.99,n.d.,n.d.,666401.63,25368.59,666401.63,n.d.,-26767.54,-26241.89,11816.240000000002,n.d.,-17581.82,-38583.78,8660.07,40036.8,1583156.21,1583156.21,303915.829
2002,9101.94,n.d.,1272119.64,252420.0,127535.65,n.d.,n.d.,704178.7699999999,41720.34,166298.56,208018.9,520017.73,1224196.5,939018.42,227949.19,n.d.,34304.58,34298.78,5394512.21,46208.25,5394512.21,0.23,29.349,406852.61,26739.2,342550.16,4863626.08,8.0,n.d.,37563.25,47923.14,686598.42,n.d.,n.d.,730851.89,9101.94,730851.89,n.d.,132023.32899999997,85815.07900000001,166298.56,n.d.,85815.31,-34275.23,0.23,37767.6,1678972.25,1678972.25,435991.87
2001,15360.210000000001,n.d.,1290587.79,252420.0,171958.91,n.d.,n.d.,788085.47,46100.52,191371.03,237471.55,449409.08,1237494.55,853203.08,221136.51,n.d.,45756.850000000006,44495.96,7019995.46,26367.71,7019995.46,4052.19,2559.73,446919.19,32248.97,377106.97,6469139.659999999,8.0,n.d.,37563.25,53093.239,600783.08,n.d.,n.d.,868943.69,15360.21,868943.69,n.d.,148173.91,121806.2,191371.03,n.d.,125858.39,-43197.12,4052.19,35964.39,1737506.98,1737506.98,463959.09
2000,9654.01,n.d.,1140753.8390000002,252425.08,205410.33,n.d.,n.d.,584886.8,49502.0,195354.86,244856.86,488223.73,1073110.53,727344.6799999999,225029.7,6444.969999999999,47704.05,47674.04,5691376.01,-4781.6900000000005,5691376.01,4380.559,5540.23,459912.64,18671.38,403678.0,5123463.04,8.0,n.d.,37563.26,67643.30900000001,474919.6,n.d.,n.d.,863667.7799999999,9654.01,863667.7799999999,n.d.,153191.05,157972.74000000002,195354.86,n.d.,155908.33,-42163.810000000005,-2064.4100000000003,46914.82,1600666.47,1600666.47,473332.379
1999,300.51,n.d.,746551.3200000001,252425.08,151829.21000000002,n.d.,n.d.,446913.06,102203.32,79461.33,181664.65,237713.87,684626.929,571436.3500000001,209003.13,n.d.,54056.259,53925.99,2815541.32,-2808.3900000000003,2815541.32,6700.8,14711.64,480486.55,10680.82,432242.47,2341314.61,8.0,n.d.,37563.26,61924.39,319011.27,n.d.,n.d.,655301.01,300.51,655301.01,n.d.,40116.71,42925.1,79461.33,n.d.,49625.89,-39344.62,6700.8,36155.15,1227037.86,1227037.86,411949.94
