Año,Acreedores a L. P.,Acreedores comerciales,Activo circulante,Capital suscrito,Cash flow,Consumo de mercaderías y de materias,Deudas financieras,Deudores,Dotaciones para amortiz. de inmovil.,EBIT,EBITDA,Existencias,Fondo de maniobra,Fondos propios,Gastos de personal,Gastos extraordinarios,Gastos financieros,Gastos financieros y gastos asimilados,Importe neto Cifra de Ventas,Impuestos sobre sociedades,Ingresos de explotación,Ingresos extraordinarios,Ingresos financieros,Inmovilizado,Inmovilizado inmaterial,Inmovilizado material,Materiales,Número empleados,Otros Conceptos de Explotación,Otros activos fijos,Otros activos líquidos,Otros fondos propios,Otros gastos de explotación,Otros pasivos fijos,Otros pasivos líquidos,Pasivo fijo,Pasivo líquido,Provisiones,Result. ordinarios antes Impuestos,Resultado Actividades Ordinarias,Resultado Explotación,Resultado bruto,Resultado del Ejercicio,Resultado financiero,Resultados actividades extraordinarias,Tesorería,Total activo,Total pasivo y capital propio,Valor agregado
2023,n.d.,1404.28,92704.94,3005.06,2749.71,29637.909,n.d.,57279.78,1080.84,2427.9700000000003,3508.809,27457.37,83332.87000000001,198096.62,124476.92,n.d.,323.47,323.47,216840.84,435.63,217692.18,n.d.,0.0,124124.05,727.3599999999999,123396.69,24891.67,4,-60068.54,n.d.,7967.79,195091.56,185626.3,0,17328.089,n.d.,18732.37,n.d.,2104.5,1668.87,2427.9700000000003,188054.27000000002,1668.87,-323.47,n.d.,7967.79,216828.99,216828.99,127985.73
2022,n.d.,584.3199999999999,104080.81,3005.06,11036.82,4930.04,n.d.,49577.719999999994,1457.23,12647.09,14104.32,32203.609999999997,81197.01,196427.75,122505.35,n.d.,286.33,286.33,201063.1,2781.17,201115.95,n.d.,0.0,125204.89,1050.6399999999999,124154.25,36692.94,4,-59576.24,n.d.,22299.480000000003,193422.69,183538.81999999998,0,32273.63,n.d.,32857.949,n.d.,12360.76,9579.59,12647.09,196185.91,9579.59,-286.33,n.d.,22299.480000000003,229285.7,229285.7,136609.67
2021,n.d.,5949.6900000000005,108795.88,3005.06,21166.5,56056.63,n.d.,68014.13,1509.02,26356.66,27865.68,440.71,62505.15,186848.16,146610.05,n.d.,421.22,421.22,295506.71,6277.96,295576.17,n.d.,0.0,123782.98,1373.91,122409.07,56056.63,5,-65043.810000000005,n.d.,40341.04,183843.1,213162.879,0,39781.01,n.d.,45730.7,n.d.,25935.44,19657.480000000003,26356.66,239519.54,19657.480000000003,-421.22,n.d.,40341.04,232578.86,232578.86,174475.729
2020,n.d.,3744.09,70841.29,3005.06,9744.93,32425.19,n.d.,48263.96,1509.02,11405.62,12914.64,5740.71,50260.58,167190.68,103944.22,n.d.,636.4499999999999,636.4499999999999,209973.48,2533.26,210021.8,n.d.,0.0,125292.0,1697.1899999999998,123594.81,31350.19,4,-60737.75,n.d.,16836.62,164185.62,166190.99,0,25198.52,n.d.,28942.61,n.d.,10769.17,8235.91,11405.62,177596.61000000002,8235.91,-636.4499999999999,n.d.,16836.62,196133.29,196133.29,116858.86
2019,2439.64,4823.06,52501.16,3005.06,7485.44,33095.019,n.d.,40006.18,1124.03,9012.17,10136.2,6815.71,41998.83,158954.77000000002,73824.53,n.d.,786.88,786.88,195606.68,1863.88,195645.93,n.d.,0.0,126801.02,2020.47,124780.55,33095.019,4,-78590.18000000001,n.d.,5679.2699999999995,155949.71000000002,153538.74000000002,0,13084.71,2439.64,17907.77,n.d.,8225.29,6361.41,9012.17,162550.911,6361.41,-786.88,n.d.,5679.2699999999995,179302.18,179302.18,83960.73
2018,14650.48,4335.91,63047.16,3005.06,11954.0,42825.11,n.d.,41958.7,4256.45,12250.17,16506.618999999995,6815.71,44438.5,152593.36,130829.92,n.d.,2241.84,2241.84,252766.01,2310.78,252766.01,n.d.,0.0,126712.66,808.08,125904.58,42825.11,6,-62604.36,n.d.,14272.75,149588.3,197690.73,0,18180.07,14650.48,22515.980000000003,n.d.,10008.33,7697.549,12250.17,209940.9,7697.549,-2241.84,n.d.,14272.75,189759.82,189759.82,147336.54
2017,2700.27,4342.31,44087.18,3005.06,12473.09,41394.14,n.d.,38149.68,3947.91,12012.47,15960.38,5937.5,39744.87,144895.81,132556.4,n.d.,936.61,936.61,254832.23,2550.68,254832.23,n.d.,0.0,127846.99,n.d.,127846.99,41394.14,6,-64921.310000000005,n.d.,n.d.,141890.75,201425.62,0,19995.78,2700.27,24338.09,n.d.,11075.86,8525.18,12012.47,213438.09,8525.18,-936.61,n.d.,n.d.,171934.17,171934.17,148516.78
2016,11364.56,6552.21,41695.17,3005.06,11444.5,50614.59,n.d.,21529.440000000002,3705.81,11339.7,15045.51,6165.55,21142.780000000002,136370.63,125523.92,n.d.,1354.29,1354.29,271491.03,2246.72,271491.03,n.d.,0.0,131794.9,n.d.,131794.9,50614.59,6,-80307.01,n.d.,14000.18,133365.57,209536.74000000002,0,19202.67,11364.56,25754.88,n.d.,9985.41,7738.69,11339.7,220876.44,7738.69,-1354.29,n.d.,14000.18,173490.07,173490.07,140569.43
2015,26125.440000000002,6534.18,60047.95,3005.06,17647.738999999998,90657.03,n.d.,21494.18,5462.09,17797.71,23259.8,316.97999999999996,15276.98,128631.94,118493.69,n.d.,1619.9,1619.9,279531.92000000004,3992.16,279531.92000000004,n.d.,0.0,130920.56,n.d.,130920.56,90657.03,5,-47121.4,n.d.,38236.78999999999,125626.87900000002,171077.18,0,29676.95,26125.440000000002,36211.13,n.d.,16177.81,12185.65,17797.71,188874.88899999997,12185.65,-1619.9,n.d.,38236.78999999999,190968.51,190968.51,141753.49
2014,40450.6,3721.8300000000004,50150.09,3005.06,5974.92,63458.039,n.d.,14383.869999999999,3883.02,4946.27,8829.29,12416.98,23079.018999999997,116446.29,108524.77,n.d.,2157.07,2157.07,215402.12,697.3,215402.12,n.d.,0.0,136382.65,568.4499999999999,135814.2,65653.479,5,-34590.02,n.d.,23349.24,113441.23,146997.81,0,25914.02,40450.6,29635.85,n.d.,2789.2,2091.8990000000003,4946.27,151944.08099999998,2091.8990000000003,-2157.07,n.d.,23349.24,186532.74,186532.74,117354.06
2013,54352.92,3071.08,47274.73,3005.06,7003.8,46930.92,n.d.,30835.84,5003.54,4845.610000000001,9849.15,n.d.,27764.760000000002,114354.39,84790.05,n.d.,2226.46,2226.46,174742.97,666.75,174742.97,n.d.,47.86,139774.87,568.4499999999999,139206.41999999998,46930.92,4,-33172.850000000006,n.d.,16438.89,111349.33,122966.439,0,15271.21,54352.92,18342.29,n.d.,2667.01,2000.26,4845.610000000001,127812.05,2000.26,-2178.6,n.d.,16438.89,187049.6,187049.6,94687.06
2012,67844.87000000001,4363.89,52463.15,3005.06,17332.87,42046.61,n.d.,50840.05,10162.06,12190.35,22352.41,n.d.,46476.159999999996,112354.13,46947.77,n.d.,2629.34,2629.34,145614.54,2390.27,145614.54,n.d.,0.07,144432.66,486.19,143946.47,39887.1,3,-34267.75,n.d.,1623.1,109349.069,91377.57900000001,0,12332.92,67844.87000000001,16696.809999999998,n.d.,9561.08,7170.809,12190.35,103567.93,7170.809,-2629.27,n.d.,1623.1,196895.81,196895.81,69300.25
2011,80938.54,4134.31,47138.06,3005.06,7759.209,32582,n.d.,22250.6,6450.9,4834.27,11285.17,12050.210000000001,30166.499,105183.32,71647.8,n.d.,3090.3100000000004,3090.3100000000004,140202.86,436.11,140202.86,n.d.,0.46,155548.31,771.38,153823.34,29596.59,3,-24687.89,953.59,12837.25,102178.26,102786.59,0,12430.2,80938.54,16564.508,n.d.,1744.42,1308.31,4834.27,107620.85900000001,1308.31,-3089.8500000000004,n.d.,12837.25,202686.37,202686.37,82933.43
2010,93645.76,8953.07,56008.06,3005.06,3494.3100000000004,33365.87,n.d.,32004.41,7663.39,-1679.01,5984.38,15035.62,38086.96,103875.01,72308.17000000001,n.d.,3880.47,3880.47,132034.6,-1389.7,132034.6,n.d.,0.7000000000000001,163045.31999999998,196.83,161458.79,32292.16,3,-20376.18,1389.7,8968.03,100869.95,100347.73999999999,0,12579.54,93645.76,21532.61,n.d.,-5558.78,-4169.08,-1679.01,98668.73,-4169.08,-3879.77,n.d.,8968.03,219053.38,219053.38,78293.25
2009,106803.86,2451.08,67798.23,3005.06,15441.05,56505.61,n.d.,40751.78,8140.08,15720.13,23860.21,16109.33,54410.03,108044.09,80875.40999999999,n.d.,5986.64,5986.64,185333.84,2433.66,185333.84,n.d.,1.14,169319.01,196.83,169122.18,55202.810000000005,3,-24092.609999999997,n.d.,10937.12,105039.03,113108.1,0,19818.21,106803.86,22269.29,n.d.,9734.63,7300.969,15720.13,128828.23,7300.969,-5985.5,n.d.,10937.12,237117.24,237117.24,104736.76
2008,117555.93999999999,9793.16,66811.61,3005.06,19802.980000000003,82891.55,n.d.,36268.219999999994,9020.55,21777.17,30797.719,19543.53,46018.59,107743.12,109250.33,n.d.,7401.37,7401.37,258271.54,3594.15,258271.54,n.d.,0.78,177459.09,284.2,177174.88999999998,89691.55,5,-35331.94,n.d.,10999.859999999999,104738.06,153602.81999999998,0,9178.48,117555.93999999999,18971.64,n.d.,14376.58,10782.43,21777.17,175379.99,10782.43,-7400.59,n.d.,10999.859999999999,244270.7,244270.7,140048.83
2007,127712.01,n.d.,59898.9,3005.06,24878.3,n.d.,n.d.,38689.13,8530.69,27909.95,36440.64,12743.53,51432.659,89960.69,92327.61,n.d.,6214.89,6214.89,263355.82,5449.2,263355.82,94.29,7.46,185559.36,187.09,185372.27,103403.02,5,n.d.,0,8466.240000000002,86955.63,n.d.,n.d.,27785.56,127712.01,27785.56,n.d.,21702.52,16253.32,27909.95,n.d.,16347.61,-6207.429999999999,94.29,8466.240000000002,245458.26,245458.26,128870.0
2006,137813.18,n.d.,68396.56,3005.06,25178.71,n.d.,n.d.,54255.3,5858.35,32109.58,37967.93,n.d.,54255.3,73613.08,89262.42,n.d.,4786.44,4786.44,284847.07,8280.15,284847.07,275.44,1.93,170693.03,251.09,170441.94,121215.79,5,n.d.,0,14141.259,70608.02,n.d.,n.d.,27663.33,137813.18,27663.33,n.d.,27325.07,19044.92,32109.58,n.d.,19320.36,-4784.51,275.44,14141.26,239089.59,239089.59,127507.72
2005,161795.17,n.d.,90063.56,3005.06,17091.09,n.d.,n.d.,55044.350000000006,2694.42,21910.33,24604.75,4716,59760.350000000006,54292.72,71449.73,n.d.,1345.34,1345.34,194603.2,6170.0,194603.2,n.d.,1.6800000000000002,156156.33,315.09,155841.24000000002,61295.76,4,n.d.,0,30303.21,51287.66,n.d.,n.d.,30132.0,161795.17,30132.0,n.d.,20566.67,14396.669,21910.33,n.d.,14396.67,-1343.66,n.d.,30303.21,246219.89,246219.89,96056.159
2004,7503.969999999999,n.d.,38555.49,3005.06,12494.53,n.d.,n.d.,38417.1,1437.52,14806.93,16244.45,n.d.,38417.1,39896.05,57911.42,n.d.,236.74,236.74,165170.64,4738.72,165170.64,1214.27,11.27,20098.99,379.09,19719.9,67309.25,4,n.d.,0,138.389,36890.99,n.d.,n.d.,11254.46,7503.969999999999,11254.46,n.d.,14581.46,9842.739,14806.93,n.d.,11057.01,-225.47,1214.27,138.39000000000001,58654.48,58654.48,75381.40999999999
2003,14447.720000000001,n.d.,49307.25,3005.06,8614.7,n.d.,n.d.,31910.27,2088.63,9382.54,11471.17,11032.740000000002,42943.01,28839.04,54484.57,n.d.,128.43,128.43,122622.92,2796.8900000000003,122622.92,n.d.,68.85,6332.51,175.09,6157.42,34854.92,4,n.d.,0,6364.24,25833.980000000003,n.d.,n.d.,12353.0,14447.720000000001,12353.0,n.d.,9322.96,6526.07,9382.54,n.d.,6526.07,-59.58,n.d.,6364.24,55639.76,55639.76,66024.59
2002,n.d.,n.d.,30708.85,3005.06,6831.91,n.d.,n.d.,12357.75,2100.8900000000003,6943.6900000000005,9044.58,11032.740000000002,23390.489,22312.97,53089.76,n.d.,189.9,189.9,114090.53,2027.57,114090.53,n.d.,4.8,6335.110000000001,n.d.,6335.110000000001,29660.07,4,n.d.,0,7318.360000000001,19307.91,n.d.,n.d.,14730.99,n.d.,14730.99,n.d.,6758.59,4731.02,6943.6900000000005,n.d.,4731.02,-185.1,n.d.,7318.360000000001,37043.96,37043.96,62139.14
2001,n.d.,n.d.,24211.78,3005.06,6598.34,n.d.,n.d.,13976.68,2186.03,6573.22,8759.25,4245.120000000001,18221.8,17581.95,48065.68,n.d.,280.54,280.54,131335.13,1890.99,131335.13,n.d.,10.63,4840.9,n.d.,4840.9,48499.84,n.d.,n.d.,0,5989.98,14576.89,n.d.,n.d.,11470.72,n.d.,11470.72,n.d.,6303.31,4412.320000000001,6573.22,n.d.,4412.31,-269.91,n.d.,5989.98,29052.68,29052.68,56835.55
2000,n.d.,n.d.,12564.55,3005.06,5165.23,n.d.,n.d.,9509.859999999999,1742.89,4889.320000000001,6632.21,n.d.,9509.859999999999,13169.64,39021.99,n.d.,148.65,148.65,104491.92,1466.72,104491.92,n.d.,148.39,5047.96,n.d.,5047.96,38984.59,n.d.,n.d.,0,3054.689,10164.58,n.d.,n.d.,4442.87,n.d.,4442.87,n.d.,4889.06,3422.34,4889.320000000001,n.d.,3422.34,-0.26,n.d.,3054.69,17612.51,17612.51,45802.59
1999,56.3,n.d.,12445.57,3005.06,3591.4500000000003,n.d.,n.d.,n.d.,1018.22,3751.43,4769.650000000001,n.d.,n.d.,9747.3,22876.03,n.d.,94.86,94.86,63591.32,1102.81,63591.32,n.d.,19.47,2491.64,n.d.,2491.64,24277.23,n.d.,n.d.,0,12445.57,6742.24,n.d.,n.d.,5133.6,56.3,5133.6,n.d.,3676.04,2573.23,3751.43,n.d.,2573.23,-75.39,n.d.,12445.57,14937.21,14937.21,27665.15
