Año,Acreedores a L. P.,Acreedores comerciales,Activo circulante,Capital suscrito,Cash flow,Consumo de mercaderías y de materias,Deudas financieras,Deudores,Dotaciones para amortiz. de inmovil.,EBIT,EBITDA,Existencias,Fondo de maniobra,Fondos propios,Gastos de personal,Gastos extraordinarios,Gastos financieros,Gastos financieros y gastos asimilados,Importe neto Cifra de Ventas,Impuestos sobre sociedades,Ingresos de explotación,Ingresos extraordinarios,Ingresos financieros,Inmovilizado,Inmovilizado inmaterial,Inmovilizado material,Materiales,Número empleados,Otros Conceptos de Explotación,Otros activos fijos,Otros activos líquidos,Otros fondos propios,Otros gastos de explotación,Otros pasivos fijos,Otros pasivos líquidos,Pasivo fijo,Pasivo líquido,Provisiones,Result. ordinarios antes Impuestos,Resultado Actividades Ordinarias,Resultado Explotación,Resultado bruto,Resultado del Ejercicio,Resultado financiero,Resultados actividades extraordinarias,Tesorería,Total activo,Total pasivo y capital propio,Valor agregado
2023,247122.65,1989231.75,5845270.52,30050.61,200054.58,11102641.83,2383273.84,2744766.26,79296.7,283517.03,362813.73,2948878.18,3704412.689,1776277.91,1337768.7,n.d.,128958.29,115007.61,13692957.38,38915.84,13812245.43,n.d.,5114.98,878146.52,8162.83,473373.04,11102641.83,23.0,-1009021.169,396610.65,151626.08,1746227.3,2426086.57,1234.77,326276.118,248357.42,4698781.71,n.d.,159673.72,120757.88,283517.03,2709603.6,120757.88,-123843.31,n.d.,57362.71,6723417.04,6723417.04,1691746.73
2022,494819.61,1281486.06,5989971.619999999,30050.61,186885.98,10902742.239999998,2764429.13,2435664.2800000003,62688.76,200857.82,263546.58,3218354.45,4372532.67,1658825.6900000002,1345740.46,n.d.,45555.72899999999,43323.03,13588691.01,42135.77,13757684.51,n.d.,11030.9,529678.329,10129.98,328169.4,10902742.239999998,23.0,-1245655.23,191378.95,335952.89,1628775.079,2654084.449,2336.65,317752.81,497156.26,4363668.0,n.d.,166332.99,124197.22,200857.82,2854942.2690000003,124197.22,-34524.829,n.d.,146307.99,6519649.95,6519649.95,1618085.24
2021,822187.3300000001,753356.47,4308911.33,30050.61,150435.5,8644355.639999999,1456611.87,1712036.11,62002.54,140729.62,202732.16,2254195.56,3212875.2,1527618.51,1224439.11,n.d.,31860.989,31541.71,10763570.67,30755.65,10903951.39,n.d.,10319.98,452354.79,409.75,300566.09,8644355.639999999,21.0,-832424.48,151378.94999999998,342679.66,1497567.9,2118866.13,0,201491.94,822187.3300000001,2411460.2800000003,n.d.,119188.61,88432.959,140729.62,2259595.75,88432.959,-21541.01,n.d.,105261.32,4761266.119999999,4761266.119999999,1437171.97
2020,1197700.8,732439.59,3936603.19,30050.6,125089.35,7571297.39,765038.3600000001,1614430.03,83041.08,83138.51,166179.59,1909604.82,2791595.26,1439185.55,1105578.39,n.d.,31185.08,31185.08,9422185.44,16439.95,9561504.62,n.d.,6534.79,366236.12,925.75,173103.61000000002,7582732.189999999,20.0,-718449.25,192206.76,412568.339,1409134.95,1907068.72,0,168475.01,1197700.8,1665952.96,n.d.,58488.22,42048.27,83138.51,1990207.229,42048.27,-24650.29,n.d.,342107.89,4302839.31,4302839.31,1278292.77
2019,195187.87,743363.81,3482997.68,30050.6,147860.76,7176575.63,1443874.5690000001,1550284.32,86436.73,104412.56,190849.289,1667091.16,2474011.67,1397137.28,1039787.03,n.d.,27746.78,26670.94,9038144.99,22646.59,9162258.0,n.d.,7404.84,468643.72,1791.1899999999998,236806.09,7165140.83,18.0,-755046.05,230046.44,265622.2,1367086.6800000002,1881269.81,0,172077.87,195187.87,2359316.25,n.d.,84070.62000000001,61424.03,104412.56,1985682.3690000002,61424.03,-20341.94,n.d.,172163.53,3951641.4,3951641.4,1236965.319
2018,203500.69,803788.7699999999,3120877.25,30050.6,133754.52,6777727.619999999,1048838.62,1420353.06,87113.98999999999,85428.47,172542.46,1662302.41,2278866.699,1335713.25,1016285.61,n.d.,24735.7,24018.95,8563650.739999998,18467.04,8688223.62,n.d.,4414.8,445008.75,5936.150000000001,261051.49,6777727.619999999,19.0,-721667.929,178021.11000000002,38221.78,1305662.65,1825067.529,0,174044.67,203500.69,2026672.06,n.d.,65107.57,46640.53,85428.47,1910496,46640.53,-20320.9,n.d.,23753.88,3565886.0,3565886.0,1192526.1190000002
2017,143584.1,941314.58,2648629.55,30050.6,146910.07,6620317.07,639223.57,1212892.66,93156.38,92557.27,185713.65,1335199.45,1606777.529,1289072.72,1032612.51,n.d.,25368.480000000003,25368.480000000003,8401383.52,19924.01,8509022.229999999,n.d.,6488.91,451769.59,9776.92,310936.92000000004,6620317.07,18.0,-670379,131055.75,100537.44,1259022.1190000002,1796147.8900000001,0,87204.17000000001,143584.1,1667742.32,n.d.,73677.7,53753.69,92557.27,1888705.1600000001,53753.69,-18879.57,n.d.,86095.31,3100399.14,3100399.14,1224815.069
2016,325868.83,936301.15,2368160.43,30050.6,91710.65,6391278.33,207149.71000000002,1105755.24,88314.87000000001,22428.86,110743.73,1104328.97,1273783.06,1235319.03,917158.54,n.d.,24490.72,24490.72,7895679.37,1654.56,8031967.88,n.d.,7112.2,482431.4,14920.75,338488.02,6391278.33,20.0,-612787.2789999999,129022.63,158076.22,1205268.43,1618260.6900000002,0,145953.11000000002,325868.83,1289403.97,n.d.,5050.34,3395.78,22428.86,1640689.549,3395.78,-17378.52,n.d.,143803.65,2850591.83,2850591.83,1035014.47
2015,422045.48,767473.74,2295856.54,30050.6,125153.62,6718619.05,198294.21000000002,1164318.57,115772.26,44229.26,160001.52,961124.96,1357969.79,1231923.25,943565.19,n.d.,39577.17,38354.95,8323493.119999999,7224.110000000001,8419294.39,n.d.,11953.38,495742.41,17075.74,351617.94,6718619.05,21.0,-597108.63,127048.73,170413.01,1201872.65,1656446.0790000001,0,171862.27000000002,422045.48,1137630.22,n.d.,16605.47,9381.36,44229.26,1700675.34,9381.36,-27623.79,n.d.,143229.18,2791598.95,2791598.95,1114297.8690000002
2014,457452.88,667062.7699999999,2161142.2,30050.6,225578.88,6671999.72,209770.67,942408.95,95939.42,207074.42,303013.84,903519.57,1178865.75,1222541.89,893614.39,n.d.,50500.46,47250.63,8409541.76,44669.28,8489085.038999999,n.d.,17734.780000000002,516992.54,22091.5,370382.95,6671999.72,20.0,-620457.09,124518.09,315213.68,1192491.29,1610010.8990000002,0,121306.53,457452.88,998139.97,n.d.,174308.74000000002,129639.459,207074.42,1817085.3190000001,129639.459,-32765.68,n.d.,270751.31,2678134.74,2678134.74,1211113.1790000002
2013,284338.09,711496.8600000001,2214214.93,30050.6,148799.81,6535568.76,353422.16,1073686.409,95501.26,120823.8,216325.06,926903.1,1289092.6490000002,1092902.43,843939.54,n.d.,58629.58,55982.46,8114418.01,20715.21,8169859.27,n.d.,11819.54,377323.63,2375.3500000000004,252863.5,6535568.76,20.0,-574025.909,122084.78,213625.419,1062851.83,1513466.71,0,149379.02,284338.09,1214298.04,n.d.,74013.76,53298.549,120823.8,1634290.509,53298.549,-46810.04,n.d.,187988.3,2591538.56,2591538.56,1069437.02
2012,273219.22000000003,681544.8200000001,2325939.15,30050.6,128411.85,6078783.819999999,641689.51,1209411.57,118845.46,66087.57,184933.03,1007653.27,1535520.02,1039603.88,860571.19,n.d.,65088.61,63707.69,7708361.14,7891.48,7761850.59,n.d.,16458.91,445672.14,4030.36,321896.72000000003,6078783.819999999,20.0,-637562.549,119745.06,108874.31,1009553.28,1616979.2,0,135553.86,273219.22000000003,1458788.1900000002,n.d.,17457.87,9566.39,66087.57,1683066.769,9566.39,-48629.7,n.d.,53423.95,2771611.29,2771611.29,1060582.21
2011,364913.61,814770.11,2392679.39,30050.6,168126.419,5557141.41,545161.97,1158940.35,122122.83,87754.78,209877.61,1073967.28,1418137.52,1030037.49,829747.65,n.d.,41509.64,41509.64,7182237.2,6308.660000000001,7252883.3,n.d.,6067.110000000001,519812.81,5535.73,396781.75,5557141.41,20.0,-656116.629,117495.33,159771.76,999986.89,1607987.11,0,157609.02,364913.61,1517541.1,n.d.,52312.25,46003.59,87754.78,1695741.8890000002,46003.59,-35442.53,n.d.,86526.42,2912492.2,2912492.2,1045692.37
2010,454873.36,601840.7,2229764.45,30050.6,166162.74000000002,5437825.159999999,139957.61000000002,1146594.56,127474.14,92763.45,220237.59,801888.2,1346642.06,984033.9,795084.6699999999,n.d.,43256.47,41278.54,6982044.4,16580.829999999998,7010842.619999999,n.d.,5762.45,518334.08,8905.53,397396.42,5437825.159999999,19.0,-557695.2,112032.13,281281.69,953983.299,1480254.009,9557.1,557835.859,464430.46,1299634.1700000002,n.d.,55269.43,38688.6,92763.45,1573017.46,38688.6,-37494.02,n.d.,271113.75,2748098.53,2748098.53,1019106.78
2009,424332.29,767721.3500000001,2110512.92,30050.6,215752.56,5970304.08,273616.89,1163360.1,115277.17,186225.16,301502.33,910367.79,1306006.54,945345.3,807407.3300000001,n.d.,49331.23,49331.23,7715056.34,43060.880000000005,7756016.45,n.d.,6642.34,605489.2799999999,11639.45,483897.7,5970304.08,19.0,-676802.71,109952.13,36785.03,915294.7,1599487.21,9763.62,295222.75,434095.91,1336560.99,n.d.,143536.27000000002,100475.389,186225.16,1785712.37,100475.389,-42688.89,n.d.,27062.13,2716002.2,2716002.2,1115552.0
2008,270457.27,696024.39,2314751.93,30050.6,309321.87,5871388.51,506828.52,1288682.6900000002,112485.47,321347.85,433833.319,955663.14,1548321.44,844869.91,760309.61,n.d.,56448.43,56448.43,7766866.4,78123.7,7820649.7,n.d.,10060.679,453476.17,14460.58,381063.46,5871388.51,21.0,-755118.26,57952.13,70406.1,814819.31,1627913.34,9970.140000000001,440077.87,280427.41000000003,1642930.78,n.d.,274960.1,196836.399,321347.85,1949261.1900000002,196836.399,-46387.751,n.d.,14551.69,2768228.1,2768228.1,1204203.6090000002
2007,381420.89,929936.49,1890352.14,30050.6,215377.14,n.d.,330017.31,1249266.44,113805.15,146610.81999999998,260415.97,591258.89,910588.84,642547.54,699617.72,17399.8,62550.07,62533.21,6971963.57,27648.95,7040446.38,46148.41,16411.58,523846.92,12061.79,459318.97,5387185.54,23.0,n.d.,52466.16,49826.810000000005,612496.9400000001,n.d.,n.d.,130276.829,381420.89,1390230.63,n.d.,100472.33,72823.38,146610.81999999998,n.d.,101571.99,-46138.49,28748.609999999997,40655.89,2414199.06,2414199.06,1005177.019
2006,587596.4,n.d.,2148547.019,30050.6,180908.06,n.d.,n.d.,1362379.36,110803.4,131607.03,242410.43,572398.6699999999,1934778.03,540975.55,668790.53,965.93,46105.41,46105.41,6563507.89,27663.62,6639903.75,7957.110000000001,5275.48,581308.37,34159.63,490699.14,5236538.83,21.0,n.d.,56449.599,213768.988,510924.95,n.d.,n.d.,1601283.44,587596.4,1601283.44,n.d.,90777.1,63113.48,131607.03,n.d.,70104.66,-40829.93,6991.18,209316.229,2729855.39,2729855.39,923467.62
2005,440280.58,n.d.,1942560.079,30050.6,178397.539,n.d.,n.d.,1279976.01,109013.78,90433.4,199447.18,548933.9500000001,1828909.96,470870.89,660240.7799999999,n.d.,40859.6,40859.6,6467575.54,29140.38,6503547.52,42917.52,6032.820000000001,426375.87,74779.88,295146.39,5124838.39,18.0,n.d.,56449.599,113650.119,440820.29,n.d.,n.d.,1457784.48,440280.58,1457784.48,n.d.,55606.62,26466.24,90433.4,n.d.,69383.76,-34826.78,42917.52,106119.43,2368935.95,2368935.95,908638.3
2004,458348.92,n.d.,1678188.85,30050.6,149918.28,n.d.,n.d.,1095578.9,99728.93,85581.34,185310.27,559413.1799999999,1654992.08,401487.13,645036.19,159.36,46183.51,46183.51,6041084.69,27025.03,6067754.149999999,31891.86,6084.049,427526.92,99840.32,304980.0,4789292.64,20.0,n.d.,22706.599,23196.77,371436.53,n.d.,n.d.,1245879.72,458348.92,1245879.72,n.d.,45481.880000000005,18456.85,85581.34,n.d.,50189.350000000006,-40099.46,31732.5,14369.49,2105715.77,2105715.77,868163.01
2003,460506.47,n.d.,1894707.109,30050.6,117652.29,n.d.,n.d.,1171806.22,78982.45,82074.79,161057.24000000002,684516.4500000001,1856322.67,351297.78,558008.7699999999,5392.57,45811.54,45811.33,5496174.49,20822.22,5546476.149999999,18129.578,10491.8,359640.57,118461.09,236472.88,4392520.23,19.0,n.d.,4706.6,38384.439,321247.18,n.d.,n.d.,1442543.43,460506.47,1442543.43,n.d.,46755.05,25932.83,82074.79,n.d.,38669.84,-35319.74,12737.008,27190.23,2254347.68,2254347.68,742294.61
2002,328251.08,599237.66,1767341.53,30050.6,122595.62,n.d.,701043.22,1053713.1790000002,83202.97,65861.979,149064.949,646964.9500000001,1101440.469,312627.94,456119.45,n.d.,49809.77,49651.76,6156661.930000001,21211.42,6190476.68,35428.92,9122.94,290729.84,138153.13,152424.05,5237498.46,14.0,n.d.,152.66,66663.401,282577.34,n.d.,n.d.,116911.47,328251.08,1417192.35,n.d.,25175.15,3963.73,65861.979,n.d.,39392.65,-40686.83,35428.92,51370.84,2058071.37,2058071.37,649578.25
2001,390513.24,n.d.,2167543.31,30050.61,119467.88,n.d.,n.d.,1350934.0,78967.64,110647.48,189615.12,641410.47,1992344.47,273235.34,393430.39,1304.2,58295.56,58295.380000000005,6006103.42,21807.81,6031584.688999999,892.61,10367.72,286461.97000000003,87501.57,198807.74,5132847.08,14.0,n.d.,152.659,175198.84,243184.73,n.d.,n.d.,1790256.7,390513.24,1790256.7,n.d.,62719.64,40911.83,110647.48,n.d.,40500.24,-47927.84,-411.59,167181.11000000002,2454005.2800000003,2454005.2800000003,593001.4600000001
2000,327050.86,n.d.,1449990.7,30050.61,86837.9,n.d.,n.d.,818062.8200000001,72612.66,58873.69,131486.34999999998,566316.8,1384379.62,232735.1,358758.04,n.d.,49719.72,49719.72,4746885.18,10205.7,4763777.63,2992.12,12284.84,286819.52,22536.31,264130.55,3971266.64,14.0,n.d.,152.66,65611.07900000001,202684.49,n.d.,n.d.,1177024.27,327050.86,1177024.27,n.d.,21438.82,11233.119,58873.69,n.d.,14225.240000000002,-37434.87,2992.12,65377.880000000005,1736810.22,1736810.22,505521.36
1999,350013.36,n.d.,1406657.06,30050.61,99469.49,n.d.,n.d.,816504.53,67431.6,68116.92,135548.52,539736.4600000001,1356240.99,218509.86,281270.86,329.66,49451.53,49432.310000000005,4393396.970000001,17251.17,4420468.42,13989.740000000002,16963.58,295200.4,34630.36,259912.53,3710870.68,19.0,n.d.,657.51,50416.07,188459.25,n.d.,n.d.,1133334.24,350013.36,1133334.24,n.d.,35628.97,18377.8,68116.92,n.d.,32037.89,-32487.95,13660.08,49372.27,1701857.46,1701857.46,447423.83
