Año,Acreedores a L. P.,Acreedores comerciales,Activo circulante,Capital suscrito,Cash flow,Consumo de mercaderías y de materias,Deudas financieras,Deudores,Dotaciones para amortiz. de inmovil.,EBIT,EBITDA,Existencias,Fondo de maniobra,Fondos propios,Gastos de personal,Gastos extraordinarios,Gastos financieros,Gastos financieros y gastos asimilados,Importe neto Cifra de Ventas,Impuestos sobre sociedades,Ingresos de explotación,Ingresos extraordinarios,Ingresos financieros,Inmovilizado,Inmovilizado inmaterial,Inmovilizado material,Materiales,Número empleados,Otros Conceptos de Explotación,Otros activos fijos,Otros activos líquidos,Otros fondos propios,Otros gastos de explotación,Otros pasivos fijos,Otros pasivos líquidos,Pasivo fijo,Pasivo líquido,Provisiones,Result. ordinarios antes Impuestos,Resultado Actividades Ordinarias,Resultado Explotación,Resultado bruto,Resultado del Ejercicio,Resultado financiero,Resultados actividades extraordinarias,Tesorería,Total activo,Total pasivo y capital propio,Valor agregado,Empresa
1999-01-01,0.0,294577.88,42069.19,6010.120000000001,8375.18,706738.57,0.0,59402.14,6443.04,2811.18,9254.22,0.0,59402.14,16143.25,22451.06,0.0,87.41000000000001,87.41000000000001,418883.74,828.06,429019.54,0.0,36.43,56830.57,55388.14,108339.58,374662.37,1.0,-21686.74,1442.43,42069.19,10133.13,51665.59,0.0,82756.52,0.0,82756.52,0.0,2760.2,1932.139,2811.18,59206.329,1932.14,-50.98,0.0,57426.78999999999,98899.76,98899.76,31741.71,AGRO-ARMADA SL_resum
2000-01-01,0.0,294577.88,59402.14,6010.120000000001,8545.18,706738.57,0.0,59402.14,6383.46,5273.44,11656.9,0.0,59402.14,18304.960000000003,18118.460000000003,0.0,2187.77,2187.77,507267.37,926.45,518767.48,0.0,2.5,109947.31,165.3,108339.58,439253.55,1.0,-21686.74,1442.429,0.0,12294.84,51665.59,0.0,151044.49,0.0,151044.49,0.0,3088.17,2161.72,5273.44,59206.329,2161.72,-2185.27,0.0,57426.78999999999,169349.44999999998,169349.44999999998,29777.859,AGRO-ARMADA SL_resum
2001-01-01,0.0,294577.88,94122.5,6010.120000000001,8494.58,706738.57,0.0,36695.71,5608.820000000001,3501.25,9110.07,0.0,36695.71,21190.71,13525.95,0.0,209.64,209.64,568709.2799999999,1236.75,584204.6799999999,0.0,830.9,108581.64,94.46,107044.75,505177.86,1.0,-21686.74,1442.429,57426.78999999999,15180.59,51665.59,0.0,181513.43,0.0,181513.43,0.0,4122.51,2885.76,3501.25,59206.329,2885.76,621.26,0.0,57426.78999999999,202704.14,202704.14,23466.92,AGRO-ARMADA SL_resum
2002-01-01,0.0,294577.88,51893.45,6010.120000000001,9348.27,706738.57,0.0,37736.44,6278.67,3902.46,10181.13,6490.79,44227.23,24260.3,13583.62,0.0,3.22,3.22,486871.31,1315.54,512603.3,0.0,485.9,126472.45,0.0,125030.02,458471.73,1.0,-21686.74,1442.429,7666.219,18250.18,51665.59,0.0,154105.6,0.0,154105.6,0.0,4385.14,3069.6,3902.46,59206.329,3069.6,482.68,0.0,7666.22,178365.9,178365.9,24250.65,AGRO-ARMADA SL_resum
2003-01-01,17730.0,294577.88,75095.83,6010.120000000001,8776.51,706738.57,0.0,46427.240000000005,6604.38,3193.62,9798.0,26522.19,26522.19,26432.43,13614.36,0.0,320.57,320.57,446187.87,930.91,482189.74,0.0,229.99,155504.57,154062.14,1442.43,438274.51,1.0,-21686.74,0.0,14549.44,20422.31,51665.59,0.0,186437.97,17730.0,186437.97,0.0,3103.04,2172.13,3193.62,59206.329,2172.13,-90.58,0.0,14549.44,230600.4,230600.4,23642.35,AGRO-ARMADA SL_resum
2004-01-01,14184.0,294577.88,99788.87,6010.120000000001,7132.860000000001,706738.57,0.0,55118.04,5720.38,2230.11,7950.49,42223.8,97341.84,27844.91,13634.76,0.0,258.959,258.959,489581.55,605.3499999999999,529446.929,0.0,46.68,187655.41,0.0,186212.98,489267.56,1.0,-21686.74,1442.429,2447.029,21834.79,51665.59,0.0,245415.37,14184.0,245415.37,0.0,2017.83,1412.48,2230.11,59206.329,1412.48,-212.28,0.0,2447.03,287444.28,287444.28,21631.929,AGRO-ARMADA SL_resum
2005-01-01,10638.0,294577.88,110674.92,6010.120000000001,12222.57,706738.57,0.0,49489.28,9556.35,4213.14,13769.49,34885.3,84374.58,30511.13,14373.41,0.0,312.74,312.74,534492.6,1431.96,568384.809,0.0,197.78,204678.86,0.0,203236.43,506460.09,1.0,-21686.74,1442.429,26300.339,24501.01,51665.59,0.0,274204.65,10638.0,274204.65,0.0,4098.18,2666.22,4213.14,59206.329,2666.22,-114.96,0.0,26300.34,315353.78,315353.78,28340.68,AGRO-ARMADA SL_resum
2006-01-01,7092.0,294577.88,136675.19,6010.120000000001,21565.85,706738.57,0.0,59457.98,17551.56,5564.59,23116.15,29540.2,88998.18000000001,34525.42,16868.62,0.0,154.43,154.43,581923.65,1720.41,607663.57,0.0,324.54,202084.01,0.0,200641.58,518895.08,1.0,-21686.74,1442.43,47677.01,28515.3,51665.59,0.0,297141.78,7092.0,297141.78,0.0,5734.7,4014.29,5564.59,59206.329,4014.29,170.11,0.0,47677.01,338759.2,338759.2,40309.310000000005,AGRO-ARMADA SL_resum
2007-01-01,3546.0,294577.88,123051.57,6010.120000000001,16538.599,706738.57,0.0,83101.57,13564.69,4685.5,18250.19,39950.0,123051.57,37499.33,13623.72,0.0,889.55,889.55,596527.97,991.31,631680.99,0.0,169.26999999999998,263524.47900000005,0.0,262082.05,578541.23,1.0,-21686.74,1442.429,0.0,31489.21,51665.59,0.0,345530.72000000003,3546.0,345530.72000000003,0.0,3965.22,2973.9100000000003,4685.5,59206.329,2973.9100000000003,-720.2800000000001,0.0,38689.105,386576.05,386576.05,32043.179,AGRO-ARMADA SL_resum
2008-01-01,40000.0,294577.88,170179.02,6010.120000000001,18846.06,706738.57,0.0,88608.06,15971.61,7540.74,23512.35,51869.76,-154100.06,40373.78,14007.240000000002,0.0,3709.42,3709.42,732120.8200000001,958.15,765944.899,0.0,1.28,256288.24,0.0,254845.81,706738.57,1.0,-21686.74,1442.43,29701.2,34363.659,51665.59,0.0,51515.6,40000.0,346093.48000000004,0.0,3832.6,2874.4500000000003,7540.74,59206.329,2874.4500000000003,-3708.14,0.0,29701.2,426467.26,426467.26,37520.869,AGRO-ARMADA SL_resum
2009-01-01,36190.12,337819.81,232515.13,6010.120000000001,22557.480000000003,820133.22,0.0,57009.36,16888.66,7123.620000000001,24012.28,14172.0,-266638.45,46042.6,13632.0,0.0,1469.81,1469.81,845566.3300000001,1889.61,889735.23,0.0,1904.62,239399.58,0.0,237957.15,820133.22,1.0,-31957.73,1442.43,161333.77000000002,40032.48,62478.39,0.0,51862.18,36190.12,389681.9900000001,0.0,7558.429999999999,5668.820000000001,7123.620000000001,69602.01,5668.820000000001,434.809,0.0,161333.77000000002,471914.71,471914.71,39548.899,AGRO-ARMADA SL_resum
2010-01-01,28416.35,330131.37,275327.81,6010.120000000001,54019.649,792879.7,0.0,49234.82,39006.96,18117.87,57124.83,0.0,-280896.55,61055.28999999999,14478.32,0.0,639.81,639.81,893615.05,5004.23,936934.26,0.0,2538.86,200392.62,0.0,198950.19,792879.7,1.0,-72451.40999999999,1442.43,226092.99,55045.17,125936.69,0.0,56117.42,28416.35,386248.79,0.0,20016.92,15012.689,18117.87,144054.56,15012.689,1899.05,0.0,226092.99,475720.43000000005,475720.43000000005,74142.01,AGRO-ARMADA SL_resum
2011-01-01,20518.85,336874.47000000003,344403.3,6010.120000000001,70877.55,931072.01,0.0,68332.04,53620.7,21673.65,75294.35,0.0,-268542.43000000005,78312.14,15080.77,0.0,563.74,563.74,1062943.99,5752.28,1089294.46,0.0,1899.22,146771.91999999998,0.0,145329.49,931072.01,1.0,-67847.33,1442.43,276071.26,72302.019,136548.8,0.0,55469.76,20518.85,392344.23,0.0,23009.13,17256.85,21673.65,158222.449,17256.85,1335.48,0.0,276071.26,491175.22,491175.22,92274.34,AGRO-ARMADA SL_resum
2012-01-01,12446.41,350226.9,365543.12,6010.120000000001,17534.960000000003,1193569.59,0.0,106628.26,7402.28,7675.14,15077.42,0.0,-243598.64,88444.82,35719.58,0.0,437.45,437.45,1257114.53,3468.57,1288645.99,0.0,6363.56,139369.64,0.0,137927.21000000002,1193569.59,1.0,-44279.4,1442.43,258914.86,82434.7,87401.26,0.0,53794.63,12446.41,404021.53,0.0,13601.25,10132.68,7675.14,95076.399,10132.68,5926.110000000001,0.0,258914.86,504912.76,504912.76,57160.56,AGRO-ARMADA SL_resum
2013-01-01,4177.29,353623.47000000003,434426.19,6010.120000000001,63878.03,1236137.46,0.0,103215.74,30505.37,39776.05,70281.42,0.0,-250407.729,121815.79,30631.62,0.0,209.23,209.23,1351170.87,11124.22,1379338.1700000002,0.0,4930.06,108864.27,0.0,107421.84,1236137.46,1.0,-42287.67,1442.43,331210.45,115805.67,103424.659,0.0,63673.91,4177.29,417297.38,0.0,44496.880000000005,33372.659,39776.05,143200.71000000002,33372.659,4720.83,0.0,331210.45,543290.4600000001,543290.4600000001,105843.099,AGRO-ARMADA SL_resum
2014-01-01,0.0,422516.64,531664.7899999999,6010.120000000001,50058.74,1240182.24,0.0,79793.54,15504.240000000002,39610.810000000005,55115.049,0.0,-342723.1,156370.29,32547.67,0.0,47.82,47.82,1384042.04,8638.62,1412739.84,0.0,3630.13,114351.68,0.0,112909.25,1240182.24,2.0,-84894.88,1442.43,451871.25,150360.169,132946.79,0.0,67129.54,0.0,489646.18,0.0,43193.12,34554.5,39610.810000000005,172557.6,34554.5,3582.3100000000004,0.0,451871.25,646016.47,646016.47,91292.85,AGRO-ARMADA SL_resum
2015-01-01,0.0,413850.07,580515.22,6010.120000000001,58522.91,1154909.81,0.0,139925.75,23218.72,44522.17,67740.89,0.0,-273924.32,191674.48,28778.14,0.0,17.19,17.19,1290713.96,11768.06,1295741.41,0.0,2567.27,91132.96,0.0,89690.53,1154909.81,2.0,-44312.57,1442.43,440589.47,185664.36,96309.43,0.0,66123.63,0.0,479973.7,0.0,47072.25,35304.189999999995,44522.17,140831.599,35304.189999999995,2550.08,0.0,440589.47,671648.1799999999,671648.1799999999,99086.3,AGRO-ARMADA SL_resum
2016-01-01,0.0,438016.75,675459.2799999999,6010.120000000001,68633.459,1138314.1800000002,0.0,185967.11,23816.64,57083.04,80899.68000000001,0.0,-252049.64,236491.3,28875.3,0.0,31.36,31.36,1303297.11,14938.94,1327198.08,0.0,2704.08,67316.32,0.0,65873.89,1138314.1800000002,2.0,-79108.92,1442.43,489492.17,230481.18,131800.85899999997,0.0,68267.55,0.0,506284.3,0.0,59755.76,44816.82,57083.04,188883.9,44816.82,2672.72,0.0,489492.17,742775.6,742775.6,112479.06,AGRO-ARMADA SL_resum
2017-01-01,0.0,466590.34,811398.1,6010.120000000001,152429.18,1161228.36,0.0,146213.44999999998,33671.71,158248.57,191920.28,0.0,-320376.89,355248.77,28451.61,0.0,1.31,1.31,1427862.44,39585.83,1444554.538,0.0,96.04,97194.61,0.0,95752.18,1161228.36,2.0,-62954.28999999999,1442.43,665184.65,349238.65,125077.609,0.0,86753.6,0.0,553343.9400000001,0.0,158343.3,118757.469,158248.57,283326.177,118757.469,94.73,0.0,665184.65,908592.71,908592.71,220467.929,AGRO-ARMADA SL_resum
2018-01-01,0.0,485791.6,867623.02,6010.120000000001,68928.4,1261245.3,0.0,156083.8,30319.1,51550.380000000005,81869.48,0.0,-329707.8,393858.07,26997.74,0.0,217.31,217.31,1438798.84,12869.77,1453555.06,0.0,146.0,66875.509,0.0,65433.08,1261245.3,1.0,-83442.54,1442.43,711539.22,387847.95,140759.37999999998,0.0,54848.86,0.0,540640.4600000001,0.0,51479.07,38609.3,51550.380000000005,192309.76,38609.3,-71.31,0.0,711539.22,934498.53,934498.53,109013.22,AGRO-ARMADA SL_resum
2019-01-01,0.0,522429.1,1070613.07,6010.120000000001,138485.8,1283530.79,0.0,240720.41,26357.1,149446.31999999998,175803.41999999998,0.0,-281708.689,505986.77,37784.62,0.0,0.0,274.99333333333334,1580046.95,37376.24,1594363.44,0.0,58.620000000000005,40518.41,0.0,39075.98,1283530.79,1.0,-97244.61,1442.43,829892.66,499976.65,161386.33,0.0,82715.61,0.0,605144.71,0.0,149504.94,112128.7,149446.31999999998,310832.649,112128.7,58.620000000000005,0.0,829892.66,1111131.48,1111131.48,213646.66,AGRO-ARMADA SL_resum
2020-01-01,0.0,529633.3,1143872.12,6010.120000000001,115807.62,1237104.94,0.0,188793.32,15423.78,130172.46,145596.24000000002,0.0,-340839.98000000004,606370.61,31894.56,0.0,0.0,332.6766666666667,1505059.4,29794.62,1505059.4,0.0,6.0,64094.63,0.0,62652.2,1113394.0,1.0,-90463.66,1442.43,955078.8,600360.49,137782.0,0.0,71962.84,0.0,601596.14,0.0,130178.46,100383.84,130172.46,267954.45900000003,100383.84,6.0,0.0,955078.8,1207966.75,1207966.75,177496.8,AGRO-ARMADA SL_resum
2021-01-01,0.0,430895.89,921699.3,6010.120000000001,11586.98,1304594.41,0.0,220053.24,10251.1,2171.53,12422.63,27115.0,-183727.65,607706.49,29870.23,0.0,390.36,390.36,1407966.54,445.29,1428716.07,0.0,0.0,174532.0,0.0,173089.57,1304594.41,1.0,-81828.8,1442.43,674531.06,601696.37,121950.13,0.0,57628.92,0.0,488524.81,0.0,1781.1699999999998,1335.88,2171.53,124121.66,1335.88,-390.36,0.0,674531.06,1096231.3,1096231.3,42292.86,AGRO-ARMADA SL_resum
2022-01-01,0.0,551012.0,1087299.75,6010.120000000001,43119.68,1363119.42,0.0,269197.9,17462.24,33934.32,51396.56,9677.28,-272136.819,633363.93,17739.36,0.0,0.0,440.485,1619039.9,8552.48,1645037.38,0.0,275.6,157069.76,0.0,155627.33,1363119.42,1.0,-212782.04,1442.43,808424.57,627353.809,247983.64,0.0,59993.58,0.0,611005.58,0.0,34209.92,25657.44,33934.32,281917.95900000003,25657.44,275.6,0.0,808424.57,1244369.51,1244369.51,69411.52,AGRO-ARMADA SL_resum
2023-01-01,0.0,593188.03,1267026.22,6010.120000000001,113516.25,1602351.51,0.0,75513.02,15041.31,127555.05,142596.36,1974.17,-515700.84,731838.87,33592.619999999995,0.0,490.61,490.61,1834178.84,28589.5,1875284.7,0.0,0.0,142028.44999999998,0.0,140586.02,1602351.51,1.0,-96744.21,1442.43,1189539.03,725828.75,145378.14,0.0,84027.77,0.0,677215.8,0.0,127064.44,98474.94,127555.05,272933.19,98474.94,-490.61,0.0,1189539.03,1409054.6700000002,1409054.6700000002,176188.979,AGRO-ARMADA SL_resum
