Año,Acreedores a L. P.,Acreedores comerciales,Activo circulante,Capital suscrito,Cash flow,Consumo de mercaderías y de materias,Deudas financieras,Deudores,Dotaciones para amortiz. de inmovil.,EBIT,EBITDA,Existencias,Fondo de maniobra,Fondos propios,Gastos de personal,Gastos extraordinarios,Gastos financieros,Gastos financieros y gastos asimilados,Importe neto Cifra de Ventas,Impuestos sobre sociedades,Ingresos de explotación,Ingresos extraordinarios,Ingresos financieros,Inmovilizado,Inmovilizado inmaterial,Inmovilizado material,Materiales,Número empleados,Otros Conceptos de Explotación,Otros activos fijos,Otros activos líquidos,Otros fondos propios,Otros gastos de explotación,Otros pasivos fijos,Otros pasivos líquidos,Pasivo fijo,Pasivo líquido,Provisiones,Result. ordinarios antes Impuestos,Resultado Actividades Ordinarias,Resultado Explotación,Resultado bruto,Resultado del Ejercicio,Resultado financiero,Resultados actividades extraordinarias,Tesorería,Total activo,Total pasivo y capital propio,Valor agregado,Empresa
1999-01-01,0.0,4871.44,61365.68,12020.240000000002,-2863.7,192484.88,0.0,5196.6,856.1700000000001,7590.929999999999,7590.929999999999,32517.76,37714.36,54901.73,29247.15,0.0,15.51,15.51,268207.659,2281.03,268207.659,0.0,12.53,5790.9,0.0,5790.9,224946.08,3.0,-22164.559,0.0,23651.32,42881.49,59906.74,0.0,12254.85,0.0,12254.85,0.0,7603.45,5322.42,7590.929999999999,66896.35,5322.42,12.53,0.0,23651.32,67156.58,67156.58,36850.6,ALIMENTACIO PONT MAJOR SL_resum
2000-01-01,0.0,4871.44,78611.15000000001,12020.240000000002,-2863.7,192484.88,0.0,7589.45,856.1700000000001,-5340.01,-4483.84,58969.99,66559.43999999999,51181.850000000006,34818.91,0.0,15.51,15.51,256406.22,-1594.24,256406.22,0.0,41.41,4934.73,0.0,4934.73,215083.52,5.0,-22164.559,0.0,12051.709,39161.61,59906.74,0.0,32364.03,0.0,32364.03,0.0,-5314.110000000001,-3719.87,-5340.01,66896.35,-3719.87,25.9,0.0,12051.71,83545.88,83545.88,30376.480000000003,ALIMENTACIO PONT MAJOR SL_resum
2001-01-01,0.0,4871.44,70223.45,12020.240000000002,7904.04,192484.88,0.0,7156.95,1694.49,9322.17,11016.66,52356.87,59513.82,57391.39,35994.7,561.39,29.25,29.25,309984.36,2661.23,309984.36,0.0,139.25,5674.34,0.0,5674.34,248343.21,2.0,-22164.559,0.0,10709.629,45371.15,59906.74,0.0,18506.4,0.0,18506.4,0.0,9432.17,6770.94,9322.17,66896.35,6209.55,110.0,-561.39,10709.63,75897.79,75897.79,46589.219,ALIMENTACIO PONT MAJOR SL_resum
2002-01-01,0.0,4871.44,77761.48999999999,12020.240000000002,13223.51,192484.88,0.0,1788.56,1755.2,17505.01,19260.21,52356.87,54145.43,68859.69,35000.219999999994,1207.96,0.58,0.58,330358.96,4914.99,330358.96,0.0,86.83,5307.14,0.0,5307.14,264376.68,2.0,-22164.559,0.0,23616.06,56839.45,59906.74,0.0,14208.94,0.0,14208.94,0.0,17591.260000000002,12676.269,17505.01,66896.35,11468.31,86.25,-1207.96,23616.06,83068.63,83068.63,53139.3,ALIMENTACIO PONT MAJOR SL_resum
2003-01-01,0.0,4871.44,86661.90999999999,12020.240000000002,3950.02,192484.88,0.0,2094.71,1670.25,3413.78,5084.03,52356.87,54451.58,71139.45999999999,41585.15,162.07,31.39,31.39,346617.42000000004,977.05,346703.41000000003,0.0,36.5,6967.81,0.0,6967.81,290357.45,4.0,-22164.559,0.0,32210.33,59119.22,59906.74,0.0,22490.26,0.0,22490.26,0.0,3418.8900000000003,2441.84,3413.78,66896.35,2279.77,5.109999999999999,-162.07,32210.33,93629.72,93629.72,46543.61,ALIMENTACIO PONT MAJOR SL_resum
2004-01-01,0.0,4871.44,81436.54,12020.240000000002,2431.4100000000003,192484.88,0.0,1162.88,2360.8900000000003,960.35,3321.24,52356.87,53519.75,71209.98,38903.11,933.76,9.92,9.92,305360.61,30.23,305561.49000000005,39.5,44.58,5875.44,0.0,5875.44,250242.03,3.0,-22164.559,0.0,27916.789,59189.74,59906.74,0.0,16102.0,0.0,16102.0,0.0,995.01,964.78,960.35,66896.35,70.52,34.660000000000004,-894.26,27916.79,87311.98,87311.98,41374.67,ALIMENTACIO PONT MAJOR SL_resum
2005-01-01,0.0,4871.44,82918.33,12020.240000000002,5128.059,192484.88,0.0,140.61,2380.57,4580.85,6961.42,52356.87,52497.48,73957.47,22830.12,595.6,83.83,83.83,278122.84,1177.49,278122.84,0.0,23.56,3494.8700000000003,0.0,3494.8700000000003,238318.09,2.0,-22164.559,0.0,30420.85,61937.23,59906.74,0.0,12455.73,0.0,12455.73,0.0,4520.58,3343.09,4580.85,66896.35,2747.49,-60.27,-595.6,30420.85,86413.2,86413.2,29219.5,ALIMENTACIO PONT MAJOR SL_resum
2006-01-01,0.0,4871.44,83738.27,12020.240000000002,7864.37,192484.88,0.0,1951.09,1889.76,8689.359999999999,10579.12,29791.87,31742.960000000003,79932.08,46380.78999999999,77.02,155.87,155.87,386496.11,2560.54,386496.11,12.02,66.66,3965.11,0.0,3965.11,307617.03,3.0,-22164.559,0.0,51995.310000000005,67911.84,59906.74,0.0,7771.3,0.0,7771.3,0.0,8600.15,6039.610000000001,8689.359999999999,66896.35,5974.610000000001,-89.21000000000001,-65.0,51995.310000000005,87703.38,87703.38,56961.57,ALIMENTACIO PONT MAJOR SL_resum
2007-01-01,0.0,4871.44,93870.47,12020.240000000002,11520.6,192484.88,0.0,3349.2,1630.83,12233.61,13864.44,29791.87,33141.07,89821.85,62968.07,528.05,5.04,5.04,436562.0,3296.59,436562.0,21.69,1464.15,18945.23,0.0,4791.23,335905.38,3.0,-22164.559,14154.0,60729.4,77801.61,59906.74,0.0,22993.85,0.0,22993.85,0.0,13692.72,10396.13,12233.61,66896.35,9889.77,1459.11,-506.359,60729.4,112815.7,112815.7,77790.299,ALIMENTACIO PONT MAJOR SL_resum
2008-01-01,0.0,4871.44,103611.71,12020.240000000002,9006.34,192484.88,0.0,1508.82,1861.12,6989.610000000001,8850.730000000001,29791.87,26429.25,96967.07,35881.06,0.0,0.0,118.92875000000001,251581.23,2381.74,259381.23,0.0,2537.3500000000004,17084.109999999997,0.0,2930.11,192484.88,3.0,-22164.559,14154.0,72311.02,84946.82900000001,59906.74,0.0,18857.31,0.0,23728.75,0.0,9526.96,7145.219,6989.610000000001,66896.35,7145.219,2537.3500000000004,0.0,72311.02,120695.82,120695.82,47269.14,ALIMENTACIO PONT MAJOR SL_resum
2009-01-01,0.0,45065.59,98824.41,12020.240000000002,-3343.48,237801.22,0.0,50378.1,6643.95,-10657.25,-4013.3,791.87,6104.38,86979.64,17697.29,0.0,0.0,232.8175,274440.93000000005,1437.6499999999999,279240.93000000005,0.0,669.8199999999999,39720.96,0.0,39720.96,237801.22,1.0,-27755.72,16989.78857142857,47654.44,74959.4,52096.96,0.0,6500.14,0.0,51565.73,0.0,-9987.43,-9987.43,-10657.25,41439.709,-9987.43,669.8199999999999,0.0,46602.78999999999,138545.37,138545.37,14353.81,ALIMENTACIO PONT MAJOR SL_resum
2010-01-01,0.0,30712.309999999998,78979.86,12020.240000000002,18310.08,290140.64,0.0,4524.83,6348.429999999999,12449.56,18797.989,7041.87,11566.7,98941.29,52801.26,0.0,0.0,346.70625,411414.72,493.56,411414.72,0.0,5.65,33372.53,0.0,33372.53,290140.64,1.0,-49674.83,19825.577142857142,67413.16,86921.049,108824.519,0.0,13411.1,0.0,13411.1,0.0,12455.21,11961.65,12449.56,121274.079,11961.65,5.65,0.0,65512.7,112352.39,112352.39,71604.9,ALIMENTACIO PONT MAJOR SL_resum
2011-01-01,0.0,16359.03,96543.13,12020.240000000002,5935.620000000001,300958.3,0.0,4053.04,3533.3300000000004,2999.51,6532.84,23542.58,11236.59,101343.58,60419.26,0.0,0.0,460.595,413981.22,600.57,413981.22,0.0,3.35,29839.2,0.0,29839.2,300958.3,1.0,-46070.82,22661.365714285712,68947.51,89323.34,110023.41,0.0,8679.720000000001,0.0,25038.75,0.0,3002.86,2402.29,2999.51,113022.919,2402.29,3.35,0.0,65648.86,126382.33,126382.33,66955.45,ALIMENTACIO PONT MAJOR SL_resum
2012-01-01,0.0,17374.280000000002,95799.27,12020.240000000002,9929.89,289173.35,0.0,4373.429999999999,6979.99,3687.38,10667.369,33356.089,20355.239,104293.48,63629.15,0.0,0.0,574.48375,413513.43000000005,737.48,413933.43000000005,0.0,0.0,31524.04,0.0,31524.04,289173.35,1.0,-50463.56,25497.154285714285,58069.75,92273.239,121072.7,0.0,5655.55,0.0,23029.83,0.0,3687.38,2949.9,3687.38,124760.08,2949.9,0.0,0.0,21771.460000000003,127323.31,127323.31,74296.52,ALIMENTACIO PONT MAJOR SL_resum
2013-01-01,0.0,14963.27,104399.74,12020.240000000002,7700.76,280544.27,0.0,2355.92,7297.81,503.69,7801.5,41071.43,28464.079,104696.43,64761.95,0.0,0.0,688.3725,401173.98,100.74,401593.98,0.0,0.0,24226.23,0.0,24226.23,280544.27,1.0,-48486.26,28332.942857142854,60972.39,92676.19,120546.02,0.0,8966.27,0.0,23929.54,0.0,503.69,402.95,503.69,121049.709,402.95,0.0,0.0,21879.22,128625.97,128625.97,72563.45,ALIMENTACIO PONT MAJOR SL_resum
2014-01-01,0.0,18351.65,106302.48,12020.240000000002,-1114.859,280503.14,0.0,178.73999999999998,7297.81,-8412.67,-1114.859,51291.94,33119.03,96283.76,64863.03,0.0,0.0,802.26125,389995.58,208.49,389995.58,0.0,0.0,16928.420000000002,0.0,16928.420000000002,280503.14,1.0,-45744.27,31168.731428571424,54831.8,84263.52,117905.109,0.0,8595.49,0.0,26947.14,0.0,-8412.67,-8412.67,-8412.67,109492.44,-8412.67,0.0,0.0,20738.63,123230.9,123230.9,63748.17,ALIMENTACIO PONT MAJOR SL_resum
2015-01-01,88919.5,13232.87,151910.78,12020.240000000002,5160.059,272304.24,4886.64,491.19,7867.54,-1791.33,6076.21,53400.0,40658.32,93576.28,65567.73999999999,0.0,916.15,916.15,384822.93000000005,316.24,384822.93000000005,0.0,0.0,53859.92,0.0,19855.4,274412.3,1.0,-40874.74,34004.52,98019.59,81556.04,114310.02,0.0,5155.41,88919.5,23274.92,0.0,-2707.48,-2707.48,-1791.33,112518.69,-2707.48,-916.15,0.0,96520.86,205770.7,205770.7,71643.95,ALIMENTACIO PONT MAJOR SL_resum
2016-01-01,80470.29,28586.29,402267.89,12020.240000000002,19538.71,268993.32,4886.64,358419.89,12109.65,7431.84,19541.489,43848.0,373681.6,101005.34,64979.06,0.0,2.78,2.78,392165.8,423.99,392168.69,0.0,0.0,133489.63,0.0,99485.11,268993.32,1.0,-38654.82,34004.52,73388.98999999999,88985.1,115743.53,0.0,320808.95900000003,80470.29,354281.89,0.0,7429.06,7429.06,7431.84,123175.37,7429.06,-2.78,0.0,72639.625,535757.52,535757.52,84520.549,ALIMENTACIO PONT MAJOR SL_resum
2017-01-01,72065.97,1849.25,97681.86,12020.240000000002,14688.68,279150.76,4886.64,6028.120000000001,15050.04,170.38000000000002,15220.42,42895.350000000006,47074.22,100643.98,65276.13,0.0,0.0,1167.28,390881.54,531.74,390881.54,0.0,0.0,119747.29,0.0,85742.77,279150.76,1.0,-31234.23,34004.52,48758.39,88623.73999999999,111560.4,0.0,37983.310000000005,72065.97,44719.2,0.0,170.38000000000002,-361.36,170.38000000000002,111730.779,-361.36,0.0,0.0,48758.39,217429.15,217429.15,80496.549,ALIMENTACIO PONT MAJOR SL_resum
2018-01-01,46307.02,18213.62,84199.84,12020.240000000002,12897.19,279664.91000000003,0.0,1878.49,11509.11,4252.44,15761.55,40860.48,24525.35,102032.06,76845.98,0.0,2331.78,2331.78,395035.6,532.58,395035.6,0.0,0.0,107566.3,0.0,107566.3,279664.91000000003,1.0,-22763.16,34004.52,41460.87,90011.82,111118.249,0.0,25213.44,46307.02,43427.06,0.0,1920.66,1388.08,4252.44,115370.69,1388.08,-2331.78,0.0,41460.87,191766.14,191766.14,92607.53,ALIMENTACIO PONT MAJOR SL_resum
2019-01-01,39898.09,41756.310000000005,114027.36,12020.240000000002,12515.23,268549.51,0.0,29741.52,11034.23,3967.06,15001.289,48110.84,36096.05,103513.06,90344.33,0.0,1995.39,1995.39,397082.19,493.67,397085.33,0.0,3.0,96532.07,0.0,96532.07,268549.51,1.0,-23190.2,34004.52,36175.0,91492.82,124568.76,0.0,25391.97,39898.09,67148.28,0.0,1974.67,1481.0,3967.06,128535.82,1481.0,-1992.39,0.0,31646.84,210559.43,210559.43,105348.62,ALIMENTACIO PONT MAJOR SL_resum
2020-01-01,33231.37,34849.49333333334,83170.89,12020.240000000002,12296.76,302557.07,0.0,15934.0,10928.54,3561.8900000000003,14490.43,38645.4,54579.4,104881.28,94892.99,0.0,1737.6,1737.6,433917.71,456.07,433917.71,0.0,0.0,85603.53,0.0,85603.53,302557.07,1.0,-21977.22,34004.52,28591.49,92861.04,127798.75,0.0,30661.77,33231.37,30661.77,0.0,1824.29,1368.22,3561.8900000000003,131360.64,1368.22,-1737.6,0.0,28591.49,168774.41999999998,168774.41999999998,109383.42,ALIMENTACIO PONT MAJOR SL_resum
2021-01-01,26296.49,27942.676666666666,94538.98,12020.240000000002,11706.14,264428.63,0.0,34015.2,10613.85,2926.58,13540.43,36890.75,70905.95,132403.95899999997,90445.31,0.0,1469.44,1469.44,387976.36,364.85,387976.36,0.0,0.0,74989.68000000001,0.0,74989.68000000001,264428.63,4.0,-19561.99,34004.52,23633.03,120383.72,120621.15,0.0,10828.21,26296.49,10828.21,0.0,1457.14,1092.29,2926.58,123547.729,1092.29,-1469.44,0.0,23022.72,169528.66,169528.66,103985.74,ALIMENTACIO PONT MAJOR SL_resum
2022-01-01,17863.74,21035.86,85546.89,12020.240000000002,-18585.72,273568.76,0.0,922.72,10613.85,-29312.57,-18698.72,36890.75,16777.609999999997,103204.39,86020.93,0.0,0.0,1345.435,368609.65,364.85,368609.65,0.0,113.0,64375.83,0.0,64375.83,273568.76,1.0,-27718.68,34004.52,47733.42,91184.15,124353.459,0.0,7818.73,17863.74,28854.59,0.0,-29199.57,-29199.57,-29312.57,95040.89,-29199.57,113.0,0.0,46578.7,149922.72,149922.72,67435.209,ALIMENTACIO PONT MAJOR SL_resum
2023-01-01,10486.05,46491.83,132029.799,12020.240000000002,23202.95,250273.81,0.0,27549.84,10190.61,15416.73,25607.34,32390.75,13448.759,116216.73,64864.310000000005,0.0,2404.3900000000003,1221.43,364802.31,364.85,364802.31,0.0,0.0,54185.22,0.0,54185.22,250273.81,3.0,-24056.85,34004.52,72089.20999999999,104196.489,99111.77,0.0,13020.41,10486.05,59512.24,0.0,13012.34,13012.34,15416.73,114528.5,13012.34,-2404.3900000000003,0.0,70934.48999999999,186215.02,186215.02,89288.68900000001,ALIMENTACIO PONT MAJOR SL_resum
