Año,Acreedores a L. P.,Acreedores comerciales,Activo circulante,Capital suscrito,Cash flow,Consumo de mercaderías y de materias,Deudas financieras,Deudores,Dotaciones para amortiz. de inmovil.,EBIT,EBITDA,Existencias,Fondo de maniobra,Fondos propios,Gastos de personal,Gastos extraordinarios,Gastos financieros,Gastos financieros y gastos asimilados,Importe neto Cifra de Ventas,Impuestos sobre sociedades,Ingresos de explotación,Ingresos extraordinarios,Ingresos financieros,Inmovilizado,Inmovilizado inmaterial,Inmovilizado material,Materiales,Número empleados,Otros Conceptos de Explotación,Otros activos fijos,Otros activos líquidos,Otros fondos propios,Otros gastos de explotación,Otros pasivos fijos,Otros pasivos líquidos,Pasivo fijo,Pasivo líquido,Provisiones,Result. ordinarios antes Impuestos,Resultado Actividades Ordinarias,Resultado Explotación,Resultado bruto,Resultado del Ejercicio,Resultado financiero,Resultados actividades extraordinarias,Tesorería,Total activo,Total pasivo y capital propio,Valor agregado,Empresa
1999-01-01,87151.0,52634.0,244749.88,87146.76,74686.63,141425.41,13537.54,145737.41999999998,59404.11,23598.1,83002.209,97350.68,243088.1,343318.53,238534.46,0.0,4593.31,4593.31,639469.43,5085.9,652308.88,265.77,1097.87,493328.05,12070.32,392636.35,160124.07,14.0,-236032.16,88621.38,1661.779,256171.77,716699.97,2819.03,307608.39,87151.0,307608.39,0.0,20102.65,15016.75,23598.1,619555.15,15282.52,-3495.44,265.77,1661.77,738077.93,738077.93,322900.3,ARGILES COLADES SA_resum
2000-01-01,200510.42,52634.0,264700.968,87146.76,115296.81,141425.41,13537.54,159352.25,81963.33,13356.83,95320.16,103574.56,262926.81,376652.01,255709.54,0.0,10985.94,10985.94,726346.16,12571.97,739528.65,42179.03,1355.53,620355.71,1202.02,531285.04,182631.99,14.0,-236032.16,87868.649,1774.157,289505.25,716699.97,2819.03,307894.25,200510.42,307894.25,0.0,3726.43,-8845.539,13356.83,619555.15,33333.48,-9630.41,42179.03,1774.15,885056.6799999999,885056.6799999999,394564.26,ARGILES COLADES SA_resum
2001-01-01,218322.6,52634.0,314117.68,87146.76,184331.62,141425.41,13537.54,188487.74,86587.05,160927.12,247514.169,13092.62,201580.36,474396.58,289767.53,8901.93,11470.740000000002,11470.740000000002,952869.14,46225.7,1070841.02,0.0,3415.82,702457.23,74781.05,525861.54,305734.81,16.0,-236032.16,101814.639,112537.32,387249.82,716699.97,2819.03,323855.73000000004,218322.6,323855.73000000004,0.0,152872.21000000002,106646.51,160927.12,619555.15,97744.57,-8054.91,-8901.93,103648.09,1016574.91,1016574.91,531795.59,ARGILES COLADES SA_resum
2002-01-01,157743.57,52634.0,420786.8,87146.76,280191.62,141425.41,13537.54,205155.86,100248.16,276739.19,376987.35,5920.04,211075.9,657953.3300000001,324049.08,0.0,9172.07,9172.07,1085628.1,90384.54,1275164.84,0.34,2760.54,785778.56,69452.43,614511.5,196461.94,16.0,-236032.16,101814.63,209710.9,570806.57,716699.97,2819.03,390868.46,157743.57,390868.46,0.0,270327.66,179943.12,276739.19,619555.15,179943.46,-6411.53,0.34,204214.4,1206565.36,1206565.36,703797.31,ARGILES COLADES SA_resum
2003-01-01,111635.01,52634.0,517124.75,87146.76,289230.96,141425.41,13537.54,248832.12,104629.82,249769.83,354399.65,6940.34,255772.46,842554.47,355267.92000000004,0.0,-23937.789,88308.22,1183220.47,92784.16,1330546.43,300.0,3377.68,852107.48,56614.8,750083.03,189976.92,17.0,-236032.16,45409.649,261352.289,755407.71,716699.97,2819.03,415042.75,111635.01,415042.75,0.0,277085.3,184301.139,249769.83,619555.15,184601.14,27315.47,300.0,258473.729,1369232.23,1369232.23,825591.26,ARGILES COLADES SA_resum
2004-01-01,65526.45,52634.0,487130.25,87146.76,222058.7,141425.41,13537.54,177831.37,105518.95,170643.47999999998,276162.43000000005,12190.5,190021.87,959094.22,369409.85,0.0,4688.55,4688.55,1008963.6,55776.87,1187963.85,1000.0,5361.6900000000005,904385.24,43777.18,829144.39,168662.88999999998,17.0,-236032.16,31463.669,297108.38,871947.4600000001,716699.97,2819.03,366894.82,65526.45,366894.82,0.0,171316.62,115539.75,170643.47999999998,619555.15,116539.75,673.14,1000.0,296037.66,1391515.49,1391515.49,651933.97,ARGILES COLADES SA_resum
2005-01-01,45676.92,52634.0,331662.86,87146.76,154453.94,141425.41,13537.54,156152.05,65959.6,118661.35,184620.95,42099.41,198251.46,1047588.56,331514.05,901.52,3274.2,3274.2,678321.65,37060.15,870863.76,6621.84,4447.02,1030832.5,29248.37,970120.46,130195.17,15.0,-236032.16,31463.67,133411.39899999998,960441.8,716699.97,2819.03,269229.88,45676.92,269229.88,0.0,119834.17,82774.019,118661.35,619555.15,88494.34,1172.82,5720.320000000001,133276.88999999998,1362495.36,1362495.36,526302.339,ARGILES COLADES SA_resum
2006-01-01,45676.92,52634.0,527845.37,87146.76,214840.71,141425.41,13537.54,231418.34,127223.16,124529.63,251752.79,20041.72,251460.06,1135206.11,312249.39,134.01899999999998,2420.66,2420.66,896127.8200000001,38103.880000000005,1108458.25,0.0,3746.48,1015595.77,0.0,984132.1,219847.7,14.0,-236032.16,31463.67,276385.31,1048059.35,716699.97,2819.03,362558.11,45676.92,362558.11,0.0,125855.45,87751.57,124529.63,619555.15,87617.55,1325.82,-134.01899999999998,276385.31,1543441.14,1543441.14,567614.64,ARGILES COLADES SA_resum
2007-01-01,45676.92,52634.0,806919.13,87146.76,200956.72,141425.41,13537.54,187033.76,149812.28,50942.11,200754.39,390198.48,577232.24,1186350.55,301277.02,3000.0,2740.62,2740.62,779494.38,7214.85,997906.82,6500.0,6657.8,921150.84,0.0,889687.1699999999,153413.26,13.0,-236032.16,31463.669,229686.89,1099203.79,716699.97,2819.03,496042.5,45676.92,496042.5,0.0,54859.28999999999,47644.44,50942.11,619555.15,51144.44,3917.18,3500.0,229686.89,1728069.97,1728069.97,512189.209,ARGILES COLADES SA_resum
2008-01-01,415921.78,52634.0,730828.4,87146.76,26978.28,141425.41,13537.54,76819.93999999999,113287.29,-97144.82,16142.469,649637.06,673823.0,1100041.54,367380.52,0.0,8493.53,8493.53,540543.99,-10876.58,760980.56,0.0,8452.76,866247.4,0.0,828086.7799999999,141425.41,12.0,-236032.16,38160.62,4371.4,1012894.78,716699.97,2819.03,12121.91,418740.81,78293.45,0.0,-97185.59,-86309.01,-97144.82,619555.15,-86309.01,-40.77,0.0,410.64,1597075.8,1597075.8,391975.75,ARGILES COLADES SA_resum
2009-01-01,535486.48,230505.69,1199966.64,87146.76,154558.36,108075.19,10093.37,81779.48,105873.83,61694.56,167568.38999999998,1112272.51,963546.3,1148726.07,240807.13,0.0,17265.57,17265.57,495671.01,-2819.03,696397.87,0.0,1436.51,761382.31,0.0,724081.43,108075.19,8.0,-179947.16,37300.880000000005,5914.650000000001,1061579.31,526628.12,0.0,36537.34,535486.48,277136.4,0.0,45865.5,48684.53,61694.56,588322.6789999999,48684.53,-15829.06,0.0,406.83,1961348.95,1961348.95,409812.03,ARGILES COLADES SA_resum
2010-01-01,669057.59,90276.93,1295093.99,87146.76,147521.3,61983.36,15108.36,101912.49,112639.23,51009.22,163648.44999999998,1187075.1900000002,1198710.75,1183608.14,282985.07,0.0,13388.29,13388.29,485412.45,4193.51,704840.3,0.0,1454.65,697010.22,0.0,657581.73,61983.36,9.0,-196223.419,39428.49,6106.31,1096461.38,591847.72,0.0,34053.189999999995,669057.59,139438.47999999998,0.0,39075.58,34882.07,51009.22,642856.9400000001,34882.07,-11933.64,0.0,675.64,1992104.21,1992104.21,448088.17,ARGILES COLADES SA_resum
2011-01-01,653172.02,82741.04,1381868.03,87146.76,118639.72,78167.53,12737.63,122518.31,102674.23,34221.59,136895.81999999998,1255500.43,1295277.7,1199573.63,303960.88,0.0,15017.81,15017.81,487480.89,4191.95,660744.92,0.0,953.66,597139.56,0.0,558578.92,78167.53,10.0,-141720.69,38560.64,3849.29,1112426.87,548355.8,0.0,30783.27,653172.02,126261.94,0.0,20157.44,15965.489,34221.59,582577.39,15965.489,-14064.15,0.0,1439.51,1979007.59,1979007.59,441810.36,ARGILES COLADES SA_resum
2012-01-01,739044.11,75728.45,1562736.27,87146.76,102526.62900000002,86306.61,9282.25,235865.51,89162.26,32765.83,121928.09,1310210.14,1470347.2,1212938.0,315956.43000000005,0.0,15446.68,13161.85,514750.18,4454.79,679510.3300000001,0.0,500.01,515495.97,0.0,480076.02,86306.61,10.0,-155319.2,35419.950000000004,16660.62,1125791.24,560437.89,0.0,41239.43,739044.11,126250.13,0.0,17819.16,13364.369,32765.83,593203.72,13364.369,-14946.67,0.0,11574.94,2078232.24,2078232.24,436099.699,ARGILES COLADES SA_resum
2013-01-01,655394.48,85739.35,1548744.49,87146.76,100895.81,123848.49,10258.54,210951.72,75996.8,39975.64,115972.44,1331082.44,1456294.809,1237837.01,319080.82,0.0,10747.72,10747.72,572171.13,4722.4,744677.06,0.0,393.49,484040.67,0.0,449366.29,123848.49,10.0,-185775.31,34674.380000000005,6710.33,1150690.25,580852.93,0.0,43555.78,655394.48,139553.67,0.0,29621.41,24899.01,39975.64,620828.57,24899.01,-10354.23,0.0,1805.0,2032785.16,2032785.16,435446.749,ARGILES COLADES SA_resum
2014-01-01,533407.47,80082.55,1515689.14,87146.76,84406.87000000001,195953.98,11641.08,201497.42,56223.98,55777.76,112001.74,1308463.87,1429878.74,1266019.9,300887.36,0.0,19807.44,10004.77,675799.73,7873.59,826612.57,0.0,86.16,415689.94,0.0,412565.81,195953.98,9.0,-217769.49,3124.13,5727.849,1178873.14,574880.8300000001,0.0,40228.08,533407.47,131951.709,0.0,36056.48,28182.89,55777.76,630658.59,28182.89,-19721.28,0.0,778.65,1931379.08,1931379.08,403172.589,ARGILES COLADES SA_resum
2015-01-01,344679.32,98531.84,1368610.52,87146.76,66066.29,284121.65,11375.36,198835.86,38122.91,44422.07,82544.98,1164410.98,1264714.999,1293963.28,301230.77,0.0,7896.08,7896.08,839566.52,8609.92,871208.56,0.0,27.31,416688.64,0.0,413701.78,284121.65,9.0,-203311.16,2986.86,5363.68,1206816.519,542664.8400000001,0.0,36749.36,344679.32,146656.56,0.0,36553.3,27943.38,44422.07,587086.91,27943.38,-7868.769,0.0,250.59,1785299.16,1785299.16,383803.06,ARGILES COLADES SA_resum
2016-01-01,348416.06,84471.62000000001,1421178.2,87146.76,47778.67,81528.20999999999,25845.63,175473.96,25771.480000000003,34817.47,60588.95,1241001.45,1332003.79,1315970.47,313384.17,0.0,6501.07,6501.07,661088.63,6576.57,691928.48,0.0,267.36,391972.36,0.0,388987.3,81528.20999999999,10.0,-236427.15,2985.06,4702.79,1228823.71,575582.7989999999,1529.47,36917.310000000005,349945.53,147234.56,0.0,28583.76,22007.19,34817.47,610400.2699999999,22007.19,-6233.71,0.0,1343.2,1813150.56,1813150.56,374240.48,ARGILES COLADES SA_resum
2017-01-01,220683.95,149405.1,1390604.4,87146.76,53868.15,323205.13,30416.170000000002,263210.81,22994.75,46262.25,69257.0,1121267.58,1235073.29,1346843.87,293972.19,0.0,5760.22,5760.22,858310.19,9721.17,888863.059,0.0,92.54,379997.6,0.0,377012.54,323205.13,10.0,-202428.74,2985.06,6126.009,1259697.1090000002,519395.68,2501.59,51167.49,223185.54,200572.59,0.0,40594.57,30873.4,46262.25,565657.929,30873.4,-5667.68,0.0,1538.53,1770602.0,1770602.0,363321.73,ARGILES COLADES SA_resum
2018-01-01,187391.97,92276.63,1313737.36,87146.76,62663.91,195512.01,34986.71,241178.05,24533.72,54631.78999999999,79165.51,1066220.26,1215121.6800000002,1384974.06,340881.75,0.0,4684.67,4684.67,828222.56,11867.57,859197.41,0.0,50.64,411637.98,0.0,408652.92,195512.01,11.0,-243638.14,2985.06,6339.05,1297827.3,609053.61,3688.35,57044.33,191080.32,149320.96,0.0,49997.76,38130.19,54631.78999999999,663685.4,38130.19,-4634.03,0.0,980.67,1725375.34,1725375.34,420097.899,ARGILES COLADES SA_resum
2019-01-01,319645.19,77573.75,1348913.84,87146.76,69685.22,213634.27,39557.25,270159.7,35598.18,52278.47,87876.65000000001,1072430.26,1265016.21,1419061.1,355053.48000000004,0.0,7870.41,7870.41,879504.93,10370.49,912276.58,0.0,49.47,567818.65,0.0,564823.9400000001,213634.27,12.0,-255712.18,2994.71,6323.88,1331914.34,646363.8400000001,4725.4,56169.8,324370.59,173300.8,0.0,44457.53,34087.04,52278.47,698642.31,34087.04,-7820.94,0.0,288.51,1916732.49,1916732.49,442979.6,ARGILES COLADES SA_resum
2020-01-01,463292.74,96474.05,1556776.07,87146.76,73706.70999999999,210005.39,29469.24,263130.72900000005,47539.41,44547.12,92086.53,1060379.86,1227036.539,1445228.4,371301.14,0.0,10407.18,10407.18,872285.01,8131.120000000001,902653.61,0.0,158.48000000000002,561239.59,0.0,558244.88,210005.39,13.0,-229260.55,2994.71,233265.48,1358081.64,648101.1,4666.7,78884.52900000001,467959.44,204827.82,0.0,34298.42,26167.3,44547.12,692648.22,26167.3,-10248.7,0.0,227386.78,2118015.66,2118015.66,463546.149,ARGILES COLADES SA_resum
2021-01-01,386642.52,98275.04,1280229.16,87146.76,77551.69,278802.06,75816.70999999999,160279.56,48302.21,53062.66,101364.87,1051927.1690000002,1113931.6890000002,1474477.88,478323.82,0.0,14783.08,14783.08,1114232.54,9075.5,1135035.1900000002,0.0,45.4,862391.1699999999,0.0,859396.4600000001,278802.06,14.0,-276544.44,2994.71,68022.43,1387331.1190000002,803170.47,4916.59,102491.589,391559.11,276583.34,0.0,38324.98,29249.480000000003,53062.66,856233.129,29249.480000000003,-14737.68,0.0,63318.86,2142620.33,2142620.33,579734.09,ARGILES COLADES SA_resum
2022-01-01,349170.56,432138.83,1531356.45,96883.15,87817.12000000001,304319.61,77471.95999999999,304185.73000000004,50880.51,66351.07,117231.58,1118970.13,991017.029,1651414.49,511381.83,0.0,18117.92,18117.92,1494715.27,11619.89,1526581.45,0.0,323.35,1077011.6900000002,0.0,1074016.98,304319.61,14.0,-593648.429,2994.71,108200.59,1554531.34,1155910.77,5106.46,93065.84,354277.02,602676.63,0.0,48556.5,36936.61,66351.07,1222261.8390000002,36936.61,-17794.57,0.0,80461.9,2608368.14,2608368.14,628936.76,ARGILES COLADES SA_resum
2023-01-01,767594.3300000001,340773.8,1584652.53,96883.15,68058.519,144013.67,113383.96,246055.27,43253.67,64891.87,108145.54,1297493.13,1202774.5990000002,1676219.34,616405.04,0.0,33291.75,33291.75,1214586.73,7236.72,1238830.78,0.0,441.45,1418023.61,0.0,1407078.9,144013.67,13.0,-370266.529,10944.71,41104.13,1579336.1900000002,1029925.24,4652.17,100052.54,772246.5,554210.3,0.0,32041.57,24804.85,64891.87,1094817.11,24804.85,-32850.3,0.0,16844.38,3002676.14,3002676.14,724992.03,ARGILES COLADES SA_resum
