Año,Acreedores a L. P.,Acreedores comerciales,Activo circulante,Capital suscrito,Cash flow,Consumo de mercaderías y de materias,Deudas financieras,Deudores,Dotaciones para amortiz. de inmovil.,EBIT,EBITDA,Existencias,Fondo de maniobra,Fondos propios,Gastos de personal,Gastos extraordinarios,Gastos financieros,Gastos financieros y gastos asimilados,Importe neto Cifra de Ventas,Impuestos sobre sociedades,Ingresos de explotación,Ingresos extraordinarios,Ingresos financieros,Inmovilizado,Inmovilizado inmaterial,Inmovilizado material,Materiales,Número empleados,Otros Conceptos de Explotación,Otros activos fijos,Otros activos líquidos,Otros fondos propios,Otros gastos de explotación,Otros pasivos fijos,Otros pasivos líquidos,Pasivo fijo,Pasivo líquido,Provisiones,Result. ordinarios antes Impuestos,Resultado Actividades Ordinarias,Resultado Explotación,Resultado bruto,Resultado del Ejercicio,Resultado financiero,Resultados actividades extraordinarias,Tesorería,Total activo,Total pasivo y capital propio,Valor agregado,Empresa
1999-01-01,125113.58,175518.64,268613.21,60101.21,78403.61,348997.16,191873.43,179526.09,57309.66,36977.71,94287.37,36098.43,215624.52,153951.93,225247.76,0.0,11956.96,11956.96,631615.72,3926.8,631615.72,0.0,0.3,199640.16,125379.16,71436.23999999999,238200.89,14.0,-136175.25,2824.759,52988.69,93850.72,732940.24,0.0,189187.86,125113.58,189187.86,0.0,25020.75,21093.95,36977.71,775481.16,21093.95,-11956.96,0.0,41755.350000000006,468253.37,468253.37,319535.13,ARTS GRAFIQUES CANTALOZELLA SA_resum
2000-01-01,95103.34,175518.64,281781.0,60101.21,84474.709,348997.16,191873.43,190901.6,65160.84,39452.53,104613.37,50621.99,241523.59,173265.8,247397.4,0.0,13052.17,13052.17,670328.15,7086.5,670328.15,0.0,0.3,208776.73,112285.69,80899.95999999999,242499.84,11.0,-136175.25,15591.08,40257.41,113164.59,732940.24,0.0,222188.59,95103.34,222188.59,0.0,26400.36,19313.86,39452.53,775481.16,19313.87,-13052.17,0.0,30586.61,490557.73,490557.73,352010.77900000004,ARTS GRAFIQUES CANTALOZELLA SA_resum
2001-01-01,167401.9,175518.64,311872.49000000005,60120.0,105669.989,348997.16,191873.43,217942.86,83280.51,43793.1,127073.609,43168.18,261111.039,195655.28,262658.72900000005,0.0,15980.08,15980.08,736005.62,5423.54,736005.62,0.0,0.3,201957.48,135771.47999999998,61418.18,255943.66,13.0,-136175.25,4767.820000000001,50761.45,135535.28,732940.24,0.0,150772.79,167401.9,150772.79,0.0,27813.02,22389.480000000003,43793.1,775481.16,22389.480000000003,-15980.08,0.0,36644.96,513829.97,513829.97,389732.339,ARTS GRAFIQUES CANTALOZELLA SA_resum
2002-01-01,86707.33,175518.64,352151.25,60120.0,115534.31,348997.16,191873.43,256426.65,76615.08,54905.19,131520.27000000002,19428.08,275854.73000000004,234574.51,295105.56,0.0,9331.84,9331.84,875237.16,7690.63,875237.16,1036.21,0.3,193033.66,112991.27,73199.04,314062.25,12.0,-136175.25,6843.35,76296.519,174454.51,732940.24,0.0,223903.07,86707.33,223903.07,0.0,45573.65,37883.02,54905.19,775481.16,38919.23,-9331.54,1036.21,64985.380000000005,545184.91,545184.91,427662.34,ARTS GRAFIQUES CANTALOZELLA SA_resum
2003-01-01,150928.03,175518.64,410975.58,60120.0,105562.42,348997.16,191873.43,289405.5,79590.76,47238.14,126828.9,34877.74,324283.24,260546.17,400860.46,0.0,15275.73,15275.73,987545.48,6291.27,987564.44,300.51,0.01,306712.56,231652.2,67615.98999999999,298632.02,12.0,-136175.25,7444.369000000001,86692.34,200426.17,732940.24,0.0,306213.94,150928.03,306213.94,0.0,31962.42,25671.149,47238.14,775481.16,25971.66,-15275.72,300.51,69532.26,717688.14,717688.14,527989.88,ARTS GRAFIQUES CANTALOZELLA SA_resum
2004-01-01,178091.17,175518.64,370535.41,60120.0,125084.35,348997.16,191873.43,271142.28,102076.89,24845.01,126921.9,57950.91,329093.19,283553.63,406563.63,0.0,14839.76,14839.76,928817.11,4139.109,929059.73,14265.22,2876.1,347936.42000000004,254124.58,84509.98,271688.61,13.0,-136175.25,9301.86,41442.219,223433.63,732940.24,0.0,256827.03,178091.17,256827.03,0.0,12881.35,8742.241000000002,24845.01,775481.16,23007.460000000003,-11963.66,14265.22,25802.960000000003,718471.8300000001,718471.8300000001,550626.849,ARTS GRAFIQUES CANTALOZELLA SA_resum
2005-01-01,95841.97,175518.64,463036.12,60120.0,141056.34999999998,348997.16,191873.43,298356.67,118555.75,40116.32,158672.07,56884.04,355240.70900000003,306054.23000000004,366014.32,251.25,11914.29,11914.29,957103.06,5450.45,957702.98,0.0,0.27,237149.07,160054.46,68811.73,294803.84,13.0,-136175.25,8282.88,107795.41,245934.229,732940.24,0.0,298288.99000000005,95841.97,298288.99000000005,0.0,28202.3,22751.85,40116.32,775481.16,22500.6,-11914.02,-251.25,99365.75,700185.19,700185.19,524435.41,ARTS GRAFIQUES CANTALOZELLA SA_resum
2006-01-01,123568.1,175518.64,483752.02,60120.0,130919.19,348997.16,191873.43,371866.3,114659.02,31285.58,145944.6,54473.04,426339.339,322314.4,452236.13,0.0,12091.5,12091.5,1112800.71,3938.8,1116881.38,1004.89,0.18,277481.36,184807.98,83610.93999999999,383933.8,13.0,-136175.25,9062.439,57412.68,262194.4,732940.24,0.0,315350.88,123568.1,315350.88,0.0,19194.08,15255.28,31285.58,775481.16,16260.17,-12091.5,1004.89,47274.0,761233.38,761233.38,599185.62,ARTS GRAFIQUES CANTALOZELLA SA_resum
2007-01-01,458929.84,175518.64,479776.9900000001,60120.0,162492.94,348997.16,191873.43,348221.17,118977.64,11940.78,130918.42,56613.14,404834.31,365829.7,466255.65,0.0,21317.86,21317.86,1116920.16,2509.9700000000003,1117334.3390000002,55402.350000000006,0.09,690818.2899999999,527045.15,155198.41999999998,388813.53,13.0,-136175.25,8574.720000000001,74942.68000000001,305709.7,732940.24,0.0,345835.74,458929.84,345835.74,0.0,-9377.08,-11887.05,11940.78,775481.16,43515.3,-21317.86,55402.350000000006,6267.160000000001,1170595.28,1170595.28,652576.42,ARTS GRAFIQUES CANTALOZELLA SA_resum
2008-01-01,321175.46,175518.64,441451.07,60120.0,142748.65,348997.16,191873.43,325277.97000000003,127772.71,42540.92,170313.63,56760.24,206519.569,380805.64,468992.28,0.0,24659.2,24659.2,1102656.06,2905.78,1124478.32,0.0,0.0,657414.64,40738.33,605551.25,348997.16,17.0,-136175.25,11125.06,59412.86,320685.64,732940.24,0.0,29492.54,321175.46,396884.61,0.0,17881.72,14975.94,42540.92,775481.16,14975.94,-24659.2,0.0,59412.86,1098865.71,1098865.71,639305.909,ARTS GRAFIQUES CANTALOZELLA SA_resum
2009-01-01,278406.67,90096.47,409027.06,60120.0,94395.37,331889.52,74017.4,333457.47000000003,89881.26,29490.25,119371.51,59857.34,303218.33900000004,385319.75,461036.88,0.0,23508.74,23508.74,1056012.35,1504.71,1058928.99,0.0,37.31,570383.53,41037.43,520039.83,331889.52,17.0,-146631.08,9306.27,15712.25,325199.75,697549.22,0.0,151570.3,278406.67,315684.17,0.0,6018.820000000001,4514.110000000001,29490.25,727039.47,4514.110000000001,-23471.43,0.0,15712.25,979410.59,979410.59,580445.7,ARTS GRAFIQUES CANTALOZELLA SA_resum
2010-01-01,249161.92,116277.68,481432.75,60120.0,95215.44,307049.08,224535.87,378547.93000000005,88404.42,30566.5,118970.92,88201.43999999999,350471.69,392130.77,464061.44,0.0,22433.93,22433.93,1028438.4,1321.55,1028502.609,0.0,0.0,551979.3300000001,51610.43,491062.63,335393.18,17.0,-138421.17,9306.27,14683.38,332010.77,690887.03,0.0,51305.84,249161.92,392119.39,0.0,8132.57,6811.019,30566.5,721453.529,6811.019,-22433.93,0.0,14683.38,1033412.08,1033412.08,583032.3600000001,ARTS GRAFIQUES CANTALOZELLA SA_resum
2011-01-01,376661.92,79262.28,399124.91,60120.0,49990.155,331296.04,97155.2,294673.3,45240.34,27457.11,27457.11,100371.44,315782.45900000003,398986.77,475162.02,0.0,19270.84,19270.84,936730.7,1330.27,936730.71,0.0,0.0,591265.42,52047.44,527611.7089999999,343466.04,12.0,-102815.54,11606.27,4080.17,338866.77,577977.56,0.0,38324.16,376661.92,214741.64,0.0,8186.269999999999,6856.0,27457.11,605434.669,6856.0,-19270.84,0.0,4080.17,990390.33,990390.33,502619.13,ARTS GRAFIQUES CANTALOZELLA SA_resum
2012-01-01,484610.01,65503.59,404698.42,60120.0,4764.87,255481.53,53832.86,278751.31,2076.26,32067.76,34144.02,109527.54,322775.26,401675.38,424780.18,0.0,28758.65,24455.56,828529.9400000001,620.54,828530.4400000001,0.0,0.04,632889.3400000001,58276.24,563006.8300000001,264637.63,10.0,-114124.71,11606.27,16419.57,341555.38,540981.15,0.0,31965.92,484610.01,151302.37,0.0,3309.15,2688.61,32067.76,573048.909,2688.61,-28758.61,0.0,16419.57,1037587.76,1037587.76,454621.15,ARTS GRAFIQUES CANTALOZELLA SA_resum
2013-01-01,483711.05,71178.34,369320.52,60120.0,-29011.399,217979.53,57932.47,214461.59,3076.1,-16079.26,-13003.16,127437.74,270720.99000000005,369587.88,372724.88,0.0,26704.08,26704.08,693614.69,-10695.84,693614.69,0.0,0.0,654874.43,66065.84,565198.48,235889.73,10.0,-115913.44,23610.11,27421.19,309467.88,491714.42,0.0,41785.21,483711.05,170896.02,0.0,-42783.34,-32087.499,-16079.26,475635.159,-32087.499,-26704.08,0.0,27421.19,1024194.95,1024194.95,359721.72000000003,ARTS GRAFIQUES CANTALOZELLA SA_resum
2014-01-01,493793.52,63676.74,373179.12,60120.0,54087.09,239951.42,52397.91666666667,207851.21,46536.02,9255.13,55791.149,124064.46,268238.93000000005,377138.95,326447.2,0.0,19980.93,19980.93,733396.07,2517.03,733752.13,0.0,20793.9,605821.38,58645.07,584728.3,239951.42,8.0,-111562.36,21093.08,41263.45,317018.95,484545.58,0.0,44391.28999999999,493793.52,108068.03,0.0,10068.1,7551.07,9255.13,493800.709,7551.07,812.97,0.0,41263.45,979000.5,979000.5,403032.25,ARTS GRAFIQUES CANTALOZELLA SA_resum
2015-01-01,474501.28,55105.350000000006,306628.69,60120.0,22241.99,249987.15,46863.363333333335,182453.24,18666.61,34526.89,53193.5,110616.46,237964.35,380714.33,346557.0,0.0,29759.71,16779.38,751726.1699999999,1191.8,751924.1699999999,0.0,0.0,635089.91,51224.3,563264.3300000001,249987.15,8.0,-102186.52,20601.28,13558.99,320594.33,467410.13,0.0,31397.64,474501.28,86502.98999999999,0.0,4767.18,3575.38,34526.89,501937.02,3575.38,-29759.71,0.0,13558.99,941718.6,941718.6,386770.17,ARTS GRAFIQUES CANTALOZELLA SA_resum
2016-01-01,351660.3,65926.36,294595.85,60120.0,63550.98,259489.81,41328.810000000005,179755.76,53598.97,39175.05,92774.02,106193.3,220022.7,390666.34,307399.92000000004,0.0,25905.7,15483.09,770124.57,3317.34,770224.57,0.0,0.0,586277.3,45640.08,573798.61,259489.81,7.0,-110560.82,12478.69,8646.79,330546.34,471559.709,0.0,31291.34,351660.3,138546.51,0.0,13269.35,9952.01,39175.05,510734.759,9952.01,-25905.7,0.0,8646.79,880873.15,880873.15,389751.33,ARTS GRAFIQUES CANTALOZELLA SA_resum
2017-01-01,308062.33,76960.62000000001,283630.59,60120.0,47954.89,231922.3,32310.65,172782.13,44007.98,19901.14,63909.12,105887.3,201708.81,394613.25,326515.6,0.0,14638.59,10872.29,717045.4,1315.64,720807.2,0.0,0.0,564256.88,40055.86,553093.8300000001,234870.3,7.0,-98460.18,11163.05,4961.160000000001,334493.25,468983.759,0.0,35940.619999999995,308062.33,145211.88999999998,0.0,5262.55,3946.91,19901.14,488884.9,3946.91,-14638.59,0.0,4961.160000000001,847887.47,847887.47,386658.41900000005,ARTS GRAFIQUES CANTALOZELLA SA_resum
2018-01-01,255359.4,60880.53,260324.53,60120.0,48040.62,247278.61,34515.83,142966.9,43143.47,15146.1,58289.57,108438.3,190524.67,399510.4,353019.91000000003,0.0,8616.56,8616.56,756483.25,1632.39,765969.8,0.0,0.0,524166.37,34471.64,511850.36,249829.61,7.0,-107381.71,12316.01,8919.33,339390.4,503545.089,0.0,34224.74,255359.4,129621.1,0.0,6529.54,4897.150000000001,15146.1,518691.19,4897.150000000001,-8616.56,0.0,8919.33,784490.9,784490.9,411309.4790000001,ARTS GRAFIQUES CANTALOZELLA SA_resum
2019-01-01,243045.98,56438.08,238768.04,60120.0,3366.639,198226.11,51322.350000000006,107635.42,21240.1,-10553.51,10686.589,130828.9,182026.24,381636.94,287691.96,0.0,7319.95,7319.95,588294.57,1632.39,589638.69,0.0,0.0,520362.12,28887.420000000002,514046.11,220616.71,6.0,-93034.03,6316.01,303.72,321516.94,401966.089,0.0,26686.81,243045.98,134447.24000000002,0.0,-17873.460000000003,-17873.460000000003,-10553.51,391412.579,-17873.460000000003,-7319.95,0.0,303.72,759130.16,759130.16,298378.55,ARTS GRAFIQUES CANTALOZELLA SA_resum
2020-01-01,314228.19,46178.34,239620.91,60120.0,-19834.84,130645.55,24364.44,110522.21,19915.960000000003,-33877.82,-13961.86,129098.7,193442.57,341886.14,178312.46,0.0,5897.14,5897.14,368456.87,1632.39,380405.48,0.0,24.16,504975.62,23303.2,475356.41,130645.55,5.0,-85409.33,6316.01,967.42,281766.14,283637.75,0.0,17939.420000000002,314228.19,88482.2,0.0,-39750.8,-39750.8,-33877.82,249759.93,-39750.8,-5872.98,0.0,967.42,744596.53,744596.53,164374.759,ARTS GRAFIQUES CANTALOZELLA SA_resum
2021-01-01,259642.17,49972.73,234039.82,60120.0,-5528.29,147868.75,42507.52,101822.05,59825.87,-59569.06,256.81,130586.65,182435.97,276531.98000000004,196523.25,0.0,5785.1,5785.1,435290.18,1632.39,442442.68,0.0,0.0,458356.84,23702.86,428337.97,149356.7,5.0,-97793.87,6316.01,1631.12,216411.98,354142.99000000005,0.0,63742.259,259642.17,156222.51,0.0,-65354.16,-65354.16,-59569.06,294573.93000000005,-65354.16,-5785.1,0.0,1631.12,692396.66,692396.66,196780.06,ARTS GRAFIQUES CANTALOZELLA SA_resum
2022-01-01,308111.09,47902.74,216161.46,60120.0,387.739,178041.26,108910.16,78775.48999999999,62873.380000000005,-55391.97,7481.409,137286.65,168159.4,214046.34,243214.47,0.0,7093.67,7093.67,516819.86,1632.39,519147.459,0.0,0.0,479901.52,23702.86,449883.67,184741.26,4.0,-90410.32,6314.99,99.32,153926.34,396498.17,0.0,17092.649999999998,308111.09,173905.55,0.0,-62485.64,-62485.64,-55391.97,341106.199,-62485.64,-7093.67,0.0,99.32,696062.98,696062.98,250695.88,ARTS GRAFIQUES CANTALOZELLA SA_resum
2023-01-01,256455.12,43591.89,214906.93,60120.0,23723.34,207601.88,77576.54,82342.2,69093.57,-33320.64,35772.93,132564.73,171315.039,168676.11000000002,211015.08,0.0,12049.59,12049.59,547763.6699999999,1632.39,552620.53,0.0,0.0,416357.95,26852.86,383190.1,207601.88,6.0,-98230.64,6314.99,99.32,108556.109,378339.29,0.0,84965.22,256455.12,206133.65,0.0,-45370.23,-45370.23,-33320.64,345018.65,-45370.23,-12049.59,0.0,99.32,631264.88,631264.88,246788.009,ARTS GRAFIQUES CANTALOZELLA SA_resum
