Año,Acreedores a L. P.,Acreedores comerciales,Activo circulante,Capital suscrito,Cash flow,Consumo de mercaderías y de materias,Deudas financieras,Deudores,Dotaciones para amortiz. de inmovil.,EBIT,EBITDA,Existencias,Fondo de maniobra,Fondos propios,Gastos de personal,Gastos extraordinarios,Gastos financieros,Gastos financieros y gastos asimilados,Importe neto Cifra de Ventas,Impuestos sobre sociedades,Ingresos de explotación,Ingresos extraordinarios,Ingresos financieros,Inmovilizado,Inmovilizado inmaterial,Inmovilizado material,Materiales,Número empleados,Otros Conceptos de Explotación,Otros activos fijos,Otros activos líquidos,Otros fondos propios,Otros gastos de explotación,Otros pasivos fijos,Otros pasivos líquidos,Pasivo fijo,Pasivo líquido,Provisiones,Result. ordinarios antes Impuestos,Resultado Actividades Ordinarias,Resultado Explotación,Resultado bruto,Resultado del Ejercicio,Resultado financiero,Resultados actividades extraordinarias,Tesorería,Total activo,Total pasivo y capital propio,Valor agregado,Empresa
1999-01-01,262792.15,0.0,129953.48,51086.03,-3421.62,0.0,0.0,102242.76,36618.74,-41414.72,-4795.98,0.0,102242.76,-33082.26899999999,255631.47,5173.1900000000005,8557.97,8557.97,467688.62,-15086.67,467976.05,0.0,18.84,328940.28,2201.71,323594.09,0.0,15.0,-895649.11,3144.4790000000003,27710.72,-84168.299,1670751.579,174321.06,229183.88,262792.15,229183.88,174321.06,-49953.84,-34867.17,-41414.72,1751409.57,-40040.36,-8539.130000000001,-5173.1900000000005,6682.35,458893.76,458893.76,245681.15,ASATRA-NORTE SL_resum
2000-01-01,181385.49,0.0,130340.44,51086.03,58544.17,0.0,0.0,118682.66,45023.380000000005,35815.23,80838.61,0.0,118682.66,-19561.480000000003,261332.26,13349.48,6311.99,6311.99,516516.39,7533.64,524044.72,4041.29,859.38,348888.85,1214.93,343797.25,0.0,18.0,-895649.11,3876.669,11657.779,-70647.51,1670751.579,174321.06,317405.29000000004,181385.49,317405.29000000004,174321.06,30362.62,22828.980000000003,35815.23,1751409.57,13520.79,-5452.610000000001,-9308.189,7422.76,479229.29,479229.29,333722.06,ASATRA-NORTE SL_resum
2001-01-01,226253.5,0.0,205005.53,51086.03,88704.26,0.0,0.0,154919.05,44735.42,239383.81,284119.23000000004,0.0,154919.05,24407.36,275258.14,179096.01,4677.34,4677.34,748911.51,11807.5,763182.3300000001,45.98,119.9,422231.09,568.56,417640.95,0.0,17.0,-895649.11,4021.58,50086.48,-26678.67,1670751.579,174321.06,202254.7,400574.56,202254.7,174321.06,234826.37,223018.87,239383.81,1751409.57,43968.84,-4557.44,-179050.03,48443.45,627236.62,627236.62,380447.24,ASATRA-NORTE SL_resum
2002-01-01,166740.52,0.0,203705.87,51086.03,77276.69,0.0,0.0,172198.41,38349.91,375437.32,413787.23,0.0,172198.41,63334.14,301370.06,306569.52900000004,12376.27,12374.91,913604.64,20112.980000000003,947493.99,1880.5,667.74,407932.05,1168.96,401961.71,0.0,15.0,-895649.11,4801.379,31507.459,12248.11,1670751.579,325021.98000000004,56541.28,491762.5,56541.28,325021.98000000004,363728.79,343615.81,375437.32,1751409.57,38926.78,-11708.53,-304689.02900000004,31272.05,611637.92,611637.92,411134.639,ASATRA-NORTE SL_resum
2003-01-01,397547.1,0.0,392779.1,51086.03,70947.59,0.0,0.0,289091.67,36905.380000000005,484885.02,521790.4,0.0,289091.67,97376.35,410141.93000000005,437086.4,4861.57,4861.54,1168291.04,19820.35,1242687.58,9962.43,963.08,401277.58,810.01,382280.37,0.0,20.0,-895649.11,18187.2,103687.43,46290.32,1670751.579,230089.92,69043.31,627637.02,69043.31,230089.92,480986.53,461166.18,484885.02,1751409.57,34042.21,-3898.49,-427123.97,103687.43,794056.6799999999,794056.6799999999,505771.41,ASATRA-NORTE SL_resum
2004-01-01,410943.58,0.0,429126.16,51086.03,76534.12000000001,0.0,0.0,379607.04,35728.840000000004,560809.41,596538.25,0.0,379607.04,138181.63,588174.7699999999,497414.279,3000.08,3000.08,1508007.31,23201.62,1557258.86,1509.4,2102.4500000000003,414921.59,540.01,393703.28,0.0,26.0,-895649.11,20678.299,49519.119,87095.6,1670751.579,165442.74000000002,129479.8,576386.3200000001,129479.8,165442.74000000002,559911.7799999999,536710.16,560809.41,1751409.57,40805.28,-897.63,-495904.879,49519.12,844047.75,844047.75,690910.59,ASATRA-NORTE SL_resum
2005-01-01,390581.51,0.0,356286.75,51086.03,95806.99,0.0,0.0,347945.78,45410.73,632173.6699999999,677584.4,0.0,347945.78,188577.89,627058.48,557433.4500000001,4681.52,4678.96,1620860.09,26999.29,1710035.37,3816.25,3520.6,549774.2899999999,23654.17,511839.14,0.0,25.0,-895649.11,14280.979,8340.969,137491.86,1670751.579,200188.14,126713.5,590769.65,126713.5,200188.14,631012.75,604013.4600000001,632173.6699999999,1751409.57,50396.26,-1160.92,-553617.2,8340.967999999999,906061.04,906061.04,754543.72,ASATRA-NORTE SL_resum
2006-01-01,385544.73,0.0,442290.73,51086.03,114174.6,0.0,0.0,370948.29,55678.68,655448.7699999999,711127.4500000001,0.0,370948.29,247073.81,604593.65,574831.4400000001,3383.23,3378.52,1719909.95,31305.61,1785118.8390000002,9661.97,2905.46,528265.49,17520.09,504010.42,0.0,23.0,-895649.11,6734.978999999999,71342.43999999999,195987.78,1670751.579,185546.72,152390.96,571091.4500000001,152390.96,185546.72,654971.0,623665.39,655448.7699999999,1751409.57,58495.92,-477.77,-565169.47,71342.43999999999,970556.22,970556.22,753452.38,ASATRA-NORTE SL_resum
2007-01-01,336337.78,0.0,526061.7699999999,51086.03,148511.3,0.0,0.0,457887.57,55148.72,769442.43,824591.15,0.0,457887.57,340436.39,596541.56,649203.97,3031.61,3027.1,1805185.11,37056.49,1883658.29,13105.93,106.289,579273.8400000001,21429.58,551040.05,0.0,23.0,-895649.11,6804.209,68174.2,289350.36,1670751.579,252063.28,176498.16,588401.06,176498.16,252063.28,766517.11,729460.62,769442.43,1751409.57,93362.58,-2925.32,-636098.04,68174.2,1105335.61,1105335.61,785136.4500000001,ASATRA-NORTE SL_resum
2008-01-01,331638.13,1951.51,391382.51,51086.03,115170.98,0.0,0.0,274522.6,61582.02,80657.98999999999,142240.01,0.0,272571.08900000004,394025.35,713520.4500000001,0.0,5038.33,5038.33,1710240.33,22377.56,1751409.57,0.0,346.86,537030.7,27098.07,502895.16,0.0,26.0,-895649.11,7037.469999999999,116859.91,342939.32,1670751.579,92745.75,108052.47,424383.88,110003.98,92745.75,75966.52,53588.96,80657.98999999999,1751409.57,53588.96,-4691.469999999999,0.0,1847.57,928413.21,928413.21,856107.3200000001,ASATRA-NORTE SL_resum
2009-01-01,277762.81,1483.57,373140.02,51086.03,99045.12,0.0,0.0,328962.05,69323.08,48388.17,117711.25,0.0,327478.48000000004,423747.39,755258.6,0.0,3905.33,3891.3,1583863.0,15779.03,1604129.99,0.0,1018.23,444012.16,20782.82,416011.5,0.0,28.0,-731160.14,7217.84,44177.97,372661.36,1555741.819,44197.1,69961.31,321959.91000000003,71444.88,44197.1,45501.07,29722.04,48388.17,1604129.99,29722.04,-2887.1,0.0,20459.78,817152.1799999999,817152.1799999999,873974.049,ASATRA-NORTE SL_resum
2010-01-01,218087.62,3688.23,403745.13,51086.03,68853.58,0.0,0.0,349885.93000000005,55974.47,28205.51,84179.98,0.0,346197.7,436626.5,592030.02,0.0,3893.21,3873.68,1383191.41,13002.56,1401755.88,0.0,1569.37,401863.96,19292.21,372167.43000000005,0.0,22.0,-725545.879,10404.32,53859.2,385540.47,1373550.37,39147.04,108059.7,257234.66,111747.93,39147.04,25881.67,12879.109,28205.51,1401755.88,12879.109,-2323.84,0.0,39071.99,805609.09,805609.09,677759.8400000001,ASATRA-NORTE SL_resum
2011-01-01,180715.19,5668.650000000001,399753.12,51086.03,66608.269,0.0,0.0,304643.09,50906.77,28465.5,79372.269,0.0,298974.44,452328.0,477249.67,0.0,3835.59,3835.59,1300624.02,10139.85,1323167.43,0.0,1211.44,416110.35,12246.47,395497.72,0.0,18.0,-766545.49,8366.16,95110.03,401241.97,1294701.93,25241.93,151909.699,205957.12,157578.34999999998,25241.93,25841.35,15701.499,28465.5,1323167.43,15701.499,-2624.15,0.0,74005.79,815863.47,815863.47,557833.379,ASATRA-NORTE SL_resum
2012-01-01,114716.02,9421.35,372949.14,51086.03,61392.61,0.0,0.0,305228.85,48303.68,24183.72,72487.4,0.0,295807.5,465416.93000000005,458355.45,0.0,1618.14,1618.14,1285219.63,10135.09,1306931.809,0.0,658.4399999999999,420907.33,5713.23,407433.05,0.0,17.0,-776088.9600000001,7761.05,67720.29,414330.899,1282748.0890000002,22901.18,181400.99,137617.2,190822.34,22901.18,23224.02,13088.93,24183.72,1306931.809,13088.93,-959.7,0.0,47047.08,793856.47,793856.47,531501.2899999999,ASATRA-NORTE SL_resum
2013-01-01,101047.29,4169.609,467134.42,51086.03,104435.01,0.0,0.0,329845.15,61583.91,64272.28999999999,125856.2,0.0,325675.541,508268.03,439792.35,0.0,1796.66,1796.66,1318852.57,20236.07,1340842.88,0.0,611.54,377603.31,1747.96,369874.04,0.0,16.0,-775194.3300000001,5981.31,137289.27000000002,457182.0,1276570.5890000002,20050.78,211202.02,121098.07,215371.63,20050.78,63087.17,42851.1,64272.28999999999,1340842.88,42851.1,-1185.12,0.0,137289.27000000002,844737.73,844737.73,566260.09,ASATRA-NORTE SL_resum
2014-01-01,325102.05,592.16,554260.08,51086.03,129415.739,0.0,0.0,344059.97000000003,63205.56,96885.23,160090.789,0.0,343467.81,321313.65,592588.9400000001,0.0,3335.14,3327.8,1281325.43,27506.08,1307459.5890000002,0.0,166.17,383718.79,3945.46,377103.67,0.0,20.0,-554779.859,2669.66,210200.11,270227.619,1210574.36,16598.980000000003,274372.03,341701.03,274964.19,16598.980000000003,93716.26,66210.17900000002,96885.23,1307459.5890000002,66210.17900000002,-3168.9700000000003,0.0,210200.11,937978.87,937978.87,752838.56,ASATRA-NORTE SL_resum
2015-01-01,165870.12,0.0,428756.66,51086.03,134963.4,0.0,0.0,262199.3,62225.14,114025.54,176250.68,0.0,262199.3,394051.91,578072.42,0.0,11609.61,11609.61,1363878.93,29765.51,1396070.0890000002,0.0,87.84,350306.2,2399.8500000000004,347611.09,0.0,18.5,-641746.99,295.26,166557.36,342965.88,1282044.55,94119.17,125021.659,259989.29,125021.66,15088.73,102503.77,72738.26,114025.54,1396070.0890000002,72738.26,-11521.77,0.0,166557.36,779062.8600000001,779062.8600000001,754410.9400000001,ASATRA-NORTE SL_resum
2016-01-01,146332.07,378.51,394537.93000000005,51086.03,129527.08,0.0,0.0,286229.1,66040.22,97012.53,163052.75,0.0,285850.58900000004,457538.77,538505.59,0.0,6784.01,6784.01,1334926.56,26773.94,1377660.6,0.0,32.28,342405.58,1217.79,320892.53,0.0,17.0,-676102.26,20295.26,108308.83,406452.74,1280648.069,13417.98,119276.18,159750.05,119654.69,13417.98,90260.8,63486.86,97012.53,1377660.6,63486.86,-6751.73,0.0,108308.83,736943.51,736943.51,701590.62,ASATRA-NORTE SL_resum
2017-01-01,72637.8,0.0,393284.74,51086.03,115082.769,0.0,0.0,244747.29,72281.23,64815.17,137096.4,0.0,244747.29,500340.31,566446.8200000001,0.0,2128.88,2128.88,1248560.58,19884.75,1293387.63,0.0,0.0,283063.83,35.730000000000004,266532.84,0.0,17.0,-589844.41,16495.258,148537.44999999998,449254.279,1228572.46,9487.48,93882.98,82125.28,93882.98,9487.48,62686.28999999999,42801.54,64815.17,1293387.63,42801.54,-2128.88,0.0,148537.44999999998,676348.57,676348.57,703543.22,ASATRA-NORTE SL_resum
2018-01-01,72637.8,0.0,457215.31,51086.03,159961.898,300.0,0.0,258285.85,65415.45,131642.579,197058.028,0.0,258285.85,563165.4400000001,512570.14,0.0,0.0,1117.4850000000001,1145711.9,37096.13,1190802.9,0.0,0.0,286952.49000000005,572.08,270457.23000000004,300.0,14.0,-480874.73,16495.258,198929.46,512079.41,1058860.319,6746.98,101617.58,79384.78,101617.58,6746.98,131642.579,94546.449,131642.579,1190502.9,94546.449,0.0,0.0,198929.46,744167.8,744167.8,709628.169,ASATRA-NORTE SL_resum
2019-01-01,72625.43999999999,0.0,464392.11,51086.03,33519.57,348.87,0.0,271458.24,59294.54,-28085.27,31209.27,0.0,271458.24,537390.47,521975.39,0.0,106.09,106.09,781122.3300000001,-2416.3900000000003,821784.059,0.0,0.0,240269.36,1108.43,221357.71,348.87,14.0,-268250.52900000004,18911.648,192933.87,486304.4390000001,849520.4600000001,4941.23,89704.33,77566.67000000001,89704.33,4941.23,-28191.36,-25774.97,-28085.27,821435.19,-25774.97,-106.09,0.0,192883.87,704661.47,704661.47,553184.66,ASATRA-NORTE SL_resum
2020-01-01,263134.57,414.75,711551.4,51086.03,63197.759,2686.96,0.0,295154.5,53230.39,19273.19,72503.58,0.0,294739.75,547357.8400000001,375342.13,0.0,1956.75,1956.75,728748.92,7349.07,766463.62,0.0,0.0,186905.02,1644.78,168764.97999999998,2686.96,12.0,-315930.95,16495.258,416396.9,496271.809,744503.47,0.0,87549.26,263134.57,87964.01,4941.23,17316.440000000002,9967.369,19273.19,763776.66,9967.369,-1956.75,0.0,416346.9,898456.42,898456.42,447845.71,ASATRA-NORTE SL_resum
2021-01-01,231469.93,0.0,767984.54,51086.03,75875.90999999999,27.44,31764.64,159875.72,39028.43,52587.72,91616.15,20875.92,180751.64,561539.3200000001,427461.0,0.0,2850.0,2850.0,883662.65,12890.240000000002,920862.65,0.0,0.0,147142.62,1059.1,139588.26,27.44,10.0,-401758.06,6495.26,587232.9,510453.29,868247.49,0.0,90353.27,231469.93,122117.91,4941.23,49737.72,36847.48,52587.72,920835.21,36847.48,-2850.0,0.0,586942.9,915127.16,915127.16,519077.149,ASATRA-NORTE SL_resum
2022-01-01,184018.54,8404.46,518962.86,51086.03,124074.36,27156.5,48043.27,199770.5,40918.54,107894.01,148812.55,20875.92,212241.96,622029.14,447351.76,0.0,3295.16,3295.16,816911.71,29234.81,882422.52,0.0,7791.78,453496.09,841.54,146159.29,27156.5,12.0,-259101.71,306495.26,298316.44,570943.11,747372.01,2100.5,107863.04,186119.04,164310.77000000002,4941.23,112390.63,83155.82,107894.01,855266.02,83155.82,4496.620000000001,0.0,290234.66,972458.95,972458.95,603956.09,ASATRA-NORTE SL_resum
2023-01-01,136467.93,3527.18,572059.7,51086.03,127137.32,8952.55,53183.1,205947.3,41873.76,107418.27,149292.03,21692.75,224112.87,690309.3,680729.39,0.0,6162.46,6162.46,992611.68,25742.25,1034050.07,0.0,9750.0,445832.96,8263.19,131074.51,8952.55,16.0,-195076.1,306495.26,344419.65,639223.269,917679.25,6220.89,128184.26,142688.81999999998,184894.54,4941.23,111005.81,85263.56,107418.27,1025097.52,85263.56,3587.54,0.0,326587.87,1017892.66,1017892.66,839771.419,ASATRA-NORTE SL_resum
