Año,Acreedores a L. P.,Acreedores comerciales,Activo circulante,Capital suscrito,Cash flow,Consumo de mercaderías y de materias,Deudas financieras,Deudores,Dotaciones para amortiz. de inmovil.,EBIT,EBITDA,Existencias,Fondo de maniobra,Fondos propios,Gastos de personal,Gastos extraordinarios,Gastos financieros,Gastos financieros y gastos asimilados,Importe neto Cifra de Ventas,Impuestos sobre sociedades,Ingresos de explotación,Ingresos extraordinarios,Ingresos financieros,Inmovilizado,Inmovilizado inmaterial,Inmovilizado material,Materiales,Número empleados,Otros Conceptos de Explotación,Otros activos fijos,Otros activos líquidos,Otros fondos propios,Otros gastos de explotación,Otros pasivos fijos,Otros pasivos líquidos,Pasivo fijo,Pasivo líquido,Provisiones,Result. ordinarios antes Impuestos,Resultado Actividades Ordinarias,Resultado Explotación,Resultado bruto,Resultado del Ejercicio,Resultado financiero,Resultados actividades extraordinarias,Tesorería,Total activo,Total pasivo y capital propio,Valor agregado,Empresa
1999-01-01,248729.77,72975.40999999999,383590.7,174293.51,96395.69,595563.1,432404.53,205044.07,92232.42,30129.960000000003,122362.38,115217.03,320261.1,174367.66,308596.8,0.0,26289.69,26289.69,832738.81,1784.25,832738.81,2107.23,0.04,452628.36,293404.23000000004,159224.13,263252.21,16.0,-272843.079,0.0,63329.6,74.149,1445942.09,98934.61,413121.63,248729.77,413121.63,0.0,3840.3,2056.05,30129.960000000003,1663985.719,4163.27,-26289.66,2107.23,38034.51,836219.06,836219.06,433066.43000000005,AUTOCARS ROCA DE SALT SL_resum
2000-01-01,190538.77,72975.40999999999,354728.14,174293.51,114852.25,595563.1,432404.53,290985.06,111857.33,8648.46,120505.79,15368.78,306353.84,178975.23,420455.92,0.0,31478.37,31478.37,936077.86,1612.65,995579.74,27286.56,150.93,552985.8200000001,349349.03,198791.91,294788.77,19.0,-272843.079,4844.879,48374.29899999999,4681.72,1445942.09,98934.61,538199.9600000001,190538.77,538199.9600000001,0.0,-22678.980000000003,-24291.63,8648.46,1663985.719,2994.92,-31327.44,27286.56,24154.049,907713.96,907713.96,568399.19,AUTOCARS ROCA DE SALT SL_resum
2001-01-01,310128.32,72975.40999999999,335756.12,174293.51,130031.42,595563.1,432404.53,278471.99000000005,116795.49,45585.9,162381.38999999998,13825.08,292297.07,190598.51,443652.35,0.0,34785.82,34785.82,1032127.07,5343.429999999999,1101220.0890000002,7775.610000000001,3.67,682017.1,483337.22,193834.99,290554.04,20.0,-272843.079,4844.89,43459.049,16305.0,1445942.09,98934.61,517046.39,310128.32,517046.39,0.0,10803.75,5460.320000000001,45585.9,1663985.719,13235.93,-34782.15,7775.610000000001,11980.05,1017773.22,1017773.22,613813.019,AUTOCARS ROCA DE SALT SL_resum
2002-01-01,431412.77,72975.40999999999,362846.76,174293.51,182322.91,595563.1,432404.53,298892.29000000004,149667.78,57092.53,206760.31,17945.329999999998,316837.62,223253.63,502437.32,0.0,37875.66,37875.66,1196223.83,3079.94,1250856.15,16516.72,1.48,824504.38,672808.3600000001,146851.13,333219.16,22.0,-272843.079,4844.89,46009.14,48960.119,1445942.09,98934.61,532684.74,431412.77,532684.74,0.0,19218.35,16138.409,57092.53,1663985.719,32655.13,-37874.18,16516.72,13093.02,1187351.14,1187351.14,725715.8300000001,AUTOCARS ROCA DE SALT SL_resum
2003-01-01,238674.64,72975.40999999999,351326.55,174293.51,236938.469,595563.1,432404.53,274691.54,166069.86,85936.65000000001,252006.509,14811.04,289502.579,294122.24,512719.53,0.0,33836.74,33832.14,1261486.25,18881.76,1307255.63,37649.49,0.97,754458.0,455989.83,293623.28,339636.73000000004,24.0,-272843.079,4844.889,61823.97,119828.729,1445942.09,98934.61,572987.6699999999,238674.64,572987.6699999999,0.0,52100.880000000005,33219.119,85936.65000000001,1663985.719,70868.61,-33835.77,37649.49,45910.979,1105784.55,1105784.55,802371.9,AUTOCARS ROCA DE SALT SL_resum
2004-01-01,331735.31,72975.40999999999,482431.02,174293.51,233265.93,595563.1,432404.53,395328.52,173927.87999999998,111055.94,284983.82,11981.04,407309.56,353460.29000000004,605532.98,0.0,33745.96,33721.52,1492071.94,24622.79,1549540.8690000002,6631.620000000001,19.24,865677.47,498802.75,360829.83,428298.87,28.0,-272843.079,6044.889,75121.45999999999,179166.779,1445942.09,98934.61,662912.89,331735.31,662912.89,0.0,77329.22,52706.43,111055.94,1663985.719,59338.05,-33726.719999999994,6631.620000000001,51847.369,1348108.49,1348108.49,897143.22,AUTOCARS ROCA DE SALT SL_resum
2005-01-01,499685.75,72975.40999999999,506890.5,174293.51,260322.91,595563.1,432404.53,361302.78,214010.78,58351.94,272362.72000000003,11073.53,372376.31,399772.42,679318.15,0.0,38951.159,38944.810000000005,1707928.61,11329.32,1788947.38,38239.56,1.11,1088014.33,634097.56,447871.88,562836.25,29.0,-272843.079,6044.89,134514.18899999998,225478.909,1445942.09,98934.61,695446.66,499685.75,695446.66,0.0,19401.89,8072.57,58351.94,1663985.719,46312.13,-38950.05,38239.56,99734.65,1594904.83,1594904.83,989915.19,AUTOCARS ROCA DE SALT SL_resum
2006-01-01,733743.0,72975.40999999999,604870.54,174293.51,418429.62,595563.1,432404.53,325874.25,219482.99,227423.17,446906.16,9023.25,334897.5,598719.05,768771.01,0.0,41340.17,41307.71,2088068.63,70489.93999999999,2160105.82,83352.209,1.36,1358908.56,841052.7799999999,511810.89,646336.97,30.0,-272843.079,6044.89,269973.04,424425.54,1445942.09,98934.61,631317.05,733743.0,631317.05,0.0,186084.36,115594.419,227423.17,1663985.719,198946.63,-41338.810000000005,83352.209,191285.31,1963779.1,1963779.1,1298998.28,AUTOCARS ROCA DE SALT SL_resum
2007-01-01,722648.59,72975.40999999999,784786.3300000001,174293.51,460730.12,595563.1,432404.53,446340.75,239654.59,292301.18,531955.7699999999,6503.03,452843.78,819794.58,826140.57,0.0,52182.84,52182.84,2366486.54,77598.63,2366486.56,58555.78999999999,0.03,1479934.29,967051.06,506838.34,672111.4600000001,32.0,-272843.079,6044.889,331942.549,645501.07,1445942.09,98934.61,722277.4500000001,722648.59,722277.4500000001,0.0,240118.37,162519.74000000002,292301.18,1663985.719,221075.53,-52182.810000000005,58555.78999999999,239549.719,2264720.62,2264720.62,1416652.16,AUTOCARS ROCA DE SALT SL_resum
2008-01-01,604884.88,72975.40999999999,828849.4400000001,174293.51,374905.81,595563.1,432404.53,428755.73,257192.7,218043.63,475236.33,8850.53,364630.85,937507.69,915906.31,0.0,58131.27,58117.5,2250318.92,42199.5,2259548.82,0.0,0.25,1444837.37,485942.2,1438792.48,595563.1,31.0,-272843.079,6044.89,391243.18,763214.1789999999,1445942.09,98934.61,126979.69,703819.49,632359.63,0.0,159912.61000000002,117713.109,218043.63,1663985.719,117713.109,-58131.02,0.0,364841.82,2273686.81,2273686.81,1391129.1190000002,AUTOCARS ROCA DE SALT SL_resum
2009-01-01,368265.59,98892.41,943789.22,174293.51,351437.97000000003,603335.19,426430.72,535813.48,236192.93,195853.05,432045.98,7480.75,444401.819,1052752.73,949576.25,0.0,38859.52,38859.52,2293244.27,41986.39,2293244.27,0.0,237.9,1250976.47,4833.34,1240098.24,603335.19,31.0,-308286.85,6044.89,400494.9900000001,878459.22,1494056.03,119349.47,129074.77,487615.06,654397.9,0.0,157231.43,115245.04,195853.05,1689909.08,115245.04,-38621.619,0.0,368780.95,2194765.69,2194765.69,1381860.13,AUTOCARS ROCA DE SALT SL_resum
2010-01-01,337873.52,63566.06,636476.21,174293.51,189105.83,143851.33,453455.42,445271.94,222087.8,-15932.78,206155.02,30420.75,412126.63,712370.76,1072314.53,0.0,28043.18,28043.18,2159140.52,-10993.99,2169145.52,0.0,0.0,1180807.6,15487.43,1159275.28,143851.33,33.0,-746824.64,6044.89,160783.52,538077.25,2041226.969,102860.17,147157.87999999998,440733.69,664179.3600000001,0.0,-43975.96,-32981.97,-15932.78,2025294.19,-32981.97,-28043.18,0.0,130859.59,1817283.81,1817283.81,1278469.55,AUTOCARS ROCA DE SALT SL_resum
2011-01-01,155182.76,51266.44,736806.8600000001,174293.51,275706.89,135660.91,428333.78,639315.4500000001,224917.55,93345.45,318263.0,18170.75,606219.76,818244.91,1144607.06,0.0,25626.33,25626.33,2362840.84,16929.780000000002,2372410.84,0.0,0.0,974335.66,6073.08,962217.69,135660.91,24.0,-773879.8690000001,6044.89,79320.66,643951.4,2143404.48,98115.05,159999.58,253297.81,639599.8,0.0,67719.12000000001,50789.34,93345.45,2236749.929,50789.34,-25626.33,0.0,50410.08,1711142.52,1711142.52,1462870.06,AUTOCARS ROCA DE SALT SL_resum
2012-01-01,525058.2899999999,20836.480000000003,681257.99,174293.51,196884.65,80930.1,402458.55,614852.75,201231.09,26481.61,227712.7,15470.75,609487.02,813898.47,957603.6,0.0,32276.87,32276.87,2017016.79,-1448.82,2017016.79,0.0,0.0,1277698.44,4816.56,1266836.99,80930.1,27.0,-750770.39,6044.89,50934.49,639604.9600000001,1909605.08,89259.2,107445.44,614317.49,530740.47,0.0,-5795.26,-4346.44,26481.61,1936086.69,-4346.44,-32276.87,0.0,22023.91,1958956.43,1958956.43,1185316.3,AUTOCARS ROCA DE SALT SL_resum
2013-01-01,346236.22000000003,33440.61,695648.66,174293.51,230123.72,84286.87000000001,282883.6,588109.31,205250.24,57934.16,263184.4,13480.75,568149.4500000001,838771.9500000001,883162.7899999999,0.0,24769.52,24769.52,1811105.15,8291.16,1823935.01,0.0,0.0,1045216.52,3560.04,1035611.59,84286.87000000001,23.0,-593300.9500000001,6044.89,94058.6,664478.4400000001,1681713.98,71548.93,167983.87,417785.15,484308.08,0.0,33164.64,24873.480000000003,57934.16,1739648.14,24873.480000000003,-24769.52,0.0,65148.02,1740865.1800000002,1740865.1800000002,1146347.1900000002,AUTOCARS ROCA DE SALT SL_resum
2014-01-01,189092.2,87828.16,667078.66,174293.51,322495.12,104029.77,159447.06,426774.16,212737.08,163160.24000000002,375897.319,6795.75,345741.75,948529.99,824154.61,0.0,16816.18,16816.18,1989150.74,36586.02,1989150.74,0.0,0.0,917335.08,2766.715,911290.19,104029.77,22.0,-685069.039,6044.89,233508.75,774236.48,1721960.73,53949.92,145566.41,243042.12,392841.63,0.0,146344.06,109758.04,163160.24000000002,1885120.97,109758.04,-16816.18,0.0,189771.06,1584413.74,1584413.74,1200051.93,AUTOCARS ROCA DE SALT SL_resum
2015-01-01,241440.4,34707.219999999994,704939.69,174293.51,302202.13,464605.59,189890.15,326128.05,228908.18,107130.3,336038.48000000004,7395.75,298816.579,1021823.94,835949.8200000001,0.0,11826.27,11826.27,1852944.23,22010.08,1852944.23,0.0,0.0,957426.9,1973.3899999999999,951382.01,464605.59,24.0,-216350.339,6044.89,371415.889,847530.429,1281208.3390000002,36608.39,137896.49,278048.79000000004,362493.86,0.0,95304.03,73293.95,107130.3,1388338.64,73293.95,-11826.27,0.0,348340.85,1662366.59,1662366.59,1171988.3,AUTOCARS ROCA DE SALT SL_resum
2016-01-01,233410.04,11686.04,794852.5,174293.51,358754.87,473159.92,145696.919,362740.58,275669.12,117932.05,393601.17,7900.0,358954.54,1104909.6900000002,863634.75,0.0,8414.52,8414.52,1935086.39,26431.78,1938184.5,0.0,0.0,868199.6699999999,1180.0649999999996,829521.12,473159.92,15.0,-207788.66,38678.55,424211.92,930616.179,1347092.53,19979.5,147369.97999999998,253389.54,304752.94,0.0,109517.53,83085.75,117932.05,1465024.58,83085.75,-8414.52,0.0,424211.92,1663052.1700000002,1663052.1700000002,1257235.92,AUTOCARS ROCA DE SALT SL_resum
2017-01-01,234475.11,8942.84,967183.69,174293.51,415587.06,458785.47,118547.5,317247.76,314951.71,139586.81,454538.52,8600.0,316904.92000000004,1205545.04,855101.48,0.0,7391.87,7391.87,2023145.33,31559.59,2025462.34,0.0,0.0,745547.26,386.74,710965.75,458785.47,24.0,-257036.87,34194.77,641335.93,1031251.529,1427090.059,10763.740000000002,134456.72,245238.85,261947.06,0.0,132194.94,100635.35,139586.81,1566676.87,100635.35,-7391.87,0.0,641335.93,1712730.95,1712730.95,1309640.0,AUTOCARS ROCA DE SALT SL_resum
2018-01-01,236965.16,6212.820000000001,954498.47,174290.0,353497.5,400528.4,135979.47,358153.72000000003,271305.52,114276.93,385582.45,8900.0,360840.899,1287737.02,782614.8200000001,0.0,6680.29,6680.29,1786948.42,25404.66,1787690.03,0.0,0.0,819888.4600000001,217.06,785426.63,400528.4,21.0,-218964.36,34244.77,587444.75,1113447.02,1272884.7,7441.39,100051.07,244406.55,242243.36,0.0,107596.64,82191.98,114276.93,1387161.63,82191.98,-6680.29,0.0,587444.75,1774386.93,1774386.93,1168197.27,AUTOCARS ROCA DE SALT SL_resum
2019-01-01,129525.23,6196.02,939169.16,174290.0,267117.669,363059.51,109051.769,244309.27,208440.33,81096.13,289536.45900000003,8750.0,246863.25,1346414.36,764737.89,0.0,4882.51,4882.51,1693824.0,17536.280000000002,1694483.16,0.0,0.0,761022.55,47.38,727039.75,363059.51,20.0,-277149.3,33935.42,686109.89,1172124.36,1250327.52,10972.2,98032.13,140497.43,213279.92,0.0,76213.62000000001,58677.34,81096.13,1331423.65,58677.34,-4882.51,0.0,686109.89,1700191.71,1700191.71,1054274.35,AUTOCARS ROCA DE SALT SL_resum
2020-01-01,298607.57,8896.02,889132.97,174290.0,52676.309,100880.5,199613.78,242371.65,214481.05,-209544.85,4936.1990000000005,5300.0,238775.63,1184609.62,463739.95,0.0,5707.320000000001,5707.320000000001,689412.49,-53447.43,760251.07,0.0,0.0,871225.62,47.38,777539.66,100880.5,18.0,-190694.42,93685.959,641461.3200000001,1010319.62,868915.42,17275.309999999998,51356.28999999999,315882.88,259866.09,0.0,-215252.17,-161804.74000000002,-209544.85,659370.57,-161804.74000000002,-5707.320000000001,0.0,641461.3200000001,1760358.59,1760358.59,468676.149,AUTOCARS ROCA DE SALT SL_resum
2021-01-01,153243.75,7920.81,890359.92,174290.0,321005.38,216899.65,147489.33,311570.42000000004,198533.73,160855.16,359388.89,8660.0,312309.61,1307081.27,615036.59,0.0,4560.81,4560.81,1098946.47,40823.880000000005,1295828.75,0.0,7001.18,843795.4400000001,47.38,806791.93,216899.65,17.0,-104503.62,37003.51,570129.5,1132791.27,918073.94,25089.7,93330.5,178333.44999999998,248740.64,0.0,163295.53,122471.65,160855.16,1078929.1,122471.65,2440.3700000000003,0.0,570129.5,1734155.36,1734155.36,981426.66,AUTOCARS ROCA DE SALT SL_resum
2022-01-01,85967.20999999999,10995.94,1050229.37,174290.0,305687.77,422526.18,68287.82900000001,371273.05,215423.39,123444.48,338867.87,11080.0,371357.11,1397345.65,741187.98,0.0,2006.31,2006.31,1638099.66,31173.79,1734074.21,0.0,0.0,641182.23,47.38,631368.54,422526.18,20.0,-231492.18,9813.69,667876.3200000001,1223055.65,1188103.55,23938.13,104876.84,109905.34,184160.61,0.0,121438.17,90264.38,123444.48,1311548.03,90264.38,-2006.31,0.0,667876.3200000001,1691411.6,1691411.6,1080055.85,AUTOCARS ROCA DE SALT SL_resum
2023-01-01,29077.69,9914.89,1109856.07,174290.0,427408.68,376433.34,57338.29899999999,412985.59,214492.61,284246.85,498739.459,8150.0,411220.7,1610261.72,824265.0,0.0,913.34,913.34,1887119.39,70417.43999999999,1938014.779,0.0,0.0,794122.14,47.38,784308.4500000001,376433.34,22.0,-238576.98,9813.69,688720.48,1435971.72,1277334.5890000002,24723.23,172662.37999999998,53800.92,239915.57,0.0,283333.51,212916.07,284246.85,1561581.439,212916.07,-913.34,0.0,688720.48,1903978.21,1903978.21,1323004.46,AUTOCARS ROCA DE SALT SL_resum
