Año,Acreedores a L. P.,Acreedores comerciales,Activo circulante,Capital suscrito,Cash flow,Consumo de mercaderías y de materias,Deudas financieras,Deudores,Dotaciones para amortiz. de inmovil.,EBIT,EBITDA,Existencias,Fondo de maniobra,Fondos propios,Gastos de personal,Gastos extraordinarios,Gastos financieros,Gastos financieros y gastos asimilados,Importe neto Cifra de Ventas,Impuestos sobre sociedades,Ingresos de explotación,Ingresos extraordinarios,Ingresos financieros,Inmovilizado,Inmovilizado inmaterial,Inmovilizado material,Materiales,Número empleados,Otros Conceptos de Explotación,Otros activos fijos,Otros activos líquidos,Otros fondos propios,Otros gastos de explotación,Otros pasivos fijos,Otros pasivos líquidos,Pasivo fijo,Pasivo líquido,Provisiones,Result. ordinarios antes Impuestos,Resultado Actividades Ordinarias,Resultado Explotación,Resultado bruto,Resultado del Ejercicio,Resultado financiero,Resultados actividades extraordinarias,Tesorería,Total activo,Total pasivo y capital propio,Valor agregado,Empresa
1999-01-01,538024.1699999999,33860.52,314583.91000000003,180303.63,127188.15,0.0,0.0,247014.91,123790.41,37080.28,160870.69,31491.05,278505.96,263885.91900000005,101474.55,1074.36,45739.21,45739.21,782479.87,1457.38,782479.87,14588.4,68.57,986448.1,237450.57,725060.43,72326.73999999999,8.0,-299905.05,23937.099,36077.95,83582.288,401878.36,0.0,499121.93000000005,538024.1699999999,499121.93000000005,0.0,-8658.93,-10116.31,37080.28,395862.42,3397.74,-45739.21,13514.039,0.0,1301032.02,1301032.02,275859.29000000004,AUTOCARS F CANALS SA_resum
2000-01-01,570752.65,33860.52,307177.84,180303.63,116890.66,0.0,0.0,263383.53,106700.58,61857.18,168557.76,22109.22,285492.75,274076.0,101419.19,1731.1,47091.25,47091.25,773604.01,4367.18,773604.01,1453.85,68.57,879747.53,173924.81,681885.61,54773.77,7.0,-299905.05,23937.109,21685.089,93772.37,401878.36,0.0,342096.71,570752.65,342096.71,0.0,14834.5,10467.32,61857.18,395862.42,10190.08,-47022.68,-277.25,0.0,1186925.37,1186925.37,269768.28,AUTOCARS F CANALS SA_resum
2001-01-01,459273.18,33860.52,207045.18,180303.63,89775.17000000001,0.0,0.0,162299.6,83155.69,40656.06,123811.75,22109.22,184408.82,280695.48000000004,87079.8,4473.8,40918.45,40918.45,718975.69,2836.92,718975.69,14186.81,5.79,796591.8400000001,125007.11,647647.62,37337.24,6.0,-299905.05,23937.109,22636.359,100391.849,401878.36,0.0,263668.37,459273.18,263668.37,0.0,-256.6,-3093.52,40656.06,395862.42,6619.48,-40912.66,9713.009,0.0,1003637.02,1003637.02,220610.34,AUTOCARS F CANALS SA_resum
2002-01-01,373881.07,33860.52,253296.219,180303.63,83939.13,0.0,0.0,212727.64,61508.25,40968.65,102476.9,22109.22,234836.86,307149.32,95827.21,2779.54,33206.850000000006,33206.850000000006,795513.58,9613.240000000002,797854.2989999999,19351.0,7710.860000000001,745237.6,93426.24,627874.25,40697.91,6.0,-299905.05,23937.109,18459.359,126845.69,401878.36,0.0,317503.43000000005,373881.07,317503.43000000005,0.0,15472.66,5859.42,40968.65,395862.42,22430.88,-25495.99,16571.460000000003,0.0,998533.82,998533.82,222586.43,AUTOCARS F CANALS SA_resum
2003-01-01,529327.1889999999,33860.52,302545.8,180303.63,88163.58,0.0,0.0,278470.14,70057.56,49269.39,119326.95,9263.67,287733.81,325255.34,83015.98,6975.05,36856.63,36856.63,651446.47,7759.72,653649.039,16194.68,4233.35,855123.07,227851.33,603334.63,13684.18,6.0,-299905.05,23937.109,14811.989,144951.71000000002,401878.36,0.0,303086.34,529327.1889999999,303086.34,0.0,16646.109999999997,8886.39,49269.39,395862.42,18106.02,-32623.28,9219.63,0.0,1157668.87,1157668.87,215795.91,AUTOCARS F CANALS SA_resum
2004-01-01,443961.79,33860.52,184688.979,180303.63,72532.19,0.0,0.0,177166.62,74921.03,-73781.37000000001,1139.66,0.0,177166.62,298929.39,95188.44,39.5,22053.86,22053.86,541168.2899999999,3153.72,541168.2899999999,96557.97,81.64,781818.93,200191.29,581627.64,0.0,6.0,-299905.05,0.0,7522.359,118625.76,401878.36,0.0,223616.73,443961.79,223616.73,0.0,-95753.59,-98907.31,-73781.37000000001,395862.42,-2388.84,-21972.22,96518.47,0.0,966507.91,966507.91,192928.21,AUTOCARS F CANALS SA_resum
2005-01-01,417763.28,33860.52,90850.15,180303.63,27783.05,0.0,0.0,76668.95,56065.21,42393.13,98458.34,11192.0,87860.95,270647.23000000004,116586.02,67921.08,18865.36,18865.36,518808.4900000001,-12120.92,518808.4900000001,3854.54,135.69,726050.13,168414.23,557635.9,0.0,6.0,-299905.05,0.0,2989.199,90343.599,401878.36,0.0,128489.77,417763.28,128489.77,0.0,23663.460000000003,35784.380000000005,42393.13,395862.42,-28282.16,-18729.67,-64066.54,0.0,816900.2799999999,816900.2799999999,151113.51,AUTOCARS F CANALS SA_resum
2006-01-01,320220.71,33860.52,166691.08,180303.63,59018.009,0.0,0.0,152509.87999999998,56080.34,46412.15,102492.489,11192.0,163701.87999999998,273584.9,134648.13,26600.2,22328.2,22328.2,639206.89,1259.0,641020.39,6618.6,94.32,669969.7899999999,136637.17,533332.62,0.0,6.0,-299905.05,0.0,2989.2,93281.27,401878.36,0.0,242855.26,320220.71,242855.26,0.0,24178.27,22919.27,46412.15,395862.42,2937.67,-22233.88,-19981.6,0.0,836660.87,836660.87,217253.34,AUTOCARS F CANALS SA_resum
2007-01-01,314651.68,33860.52,179393.18,180303.63,22131.929,0.0,0.0,174562.44999999998,50170.09,-14872.3,35297.789,0.0,174562.44999999998,245546.74,123435.84,2469.38,25146.06,25146.06,430107.31,-14344.97,430107.31,104.47,0.14,640064.3400000001,112389.01,527675.329,0.0,6.0,-299905.05,0.0,4830.73,65243.109,401878.36,0.0,259259.1,314651.68,259259.1,0.0,-40018.22,-25673.25,-14872.3,395862.42,-28038.16,-25145.92,-2364.9100000000003,0.0,819457.52,819457.52,156368.86,AUTOCARS F CANALS SA_resum
2008-01-01,234607.7,33860.52,108827.37,180303.63,-33091.6655,0.0,42556.91,87863.55,52249.235,-6015.94,-6015.94,0.0,54003.03,204992.28,101973.31,0.0,49042.99,49042.99,395862.42,-13518.15,395862.42,0.0,986.32,655970.8500000001,1969.04,654001.81,0.0,3.0,-299905.05,5562.156666666667,20963.82,24688.65,401878.36,0.0,248780.81,234607.7,325198.24,0.0,-54072.61,-40554.46,-6015.94,395862.42,-40554.46,-48056.67,0.0,0.0,764798.22,764798.22,96943.69,AUTOCARS F CANALS SA_resum
2009-01-01,112853.62,29016.659999999996,71037.82,180303.63,-88315.26,489.3,0.0,71037.82,54328.380000000005,-124881.5,-70553.12000000001,0.0,71037.82,67475.33,75146.9,0.0,23046.7,23046.7,174113.62,-10962.063333333334,175015.6,0.0,5284.56,565186.1799999999,0.0,565186.1799999999,489.3,3.0,-169932.52,11124.313333333334,11186.585,-112828.3,299407.8,0.0,455895.05,112853.62,455895.05,0.0,-142643.64,-142643.64,-124881.5,174526.3,-142643.64,-17762.14,0.0,0.0,636224.0,636224.0,9878.339,AUTOCARS F CANALS SA_resum
2010-01-01,83030.98,24172.8,81970.18000000001,180303.63,139152.54,5530.85,0.0,80530.83,55357.78999999999,93495.37,148853.16,30.0,56388.03,146143.38999999998,65931.39,0.0,10022.42,10022.42,202502.07,-8405.976666666666,426653.6,0.0,321.8,516253.98,0.0,499567.51,5530.85,3.0,-206338.2,16686.47,1409.35,-34160.24,327627.38,11318.47,333558.52,94349.45,357731.32,0.0,83794.75,83794.75,93495.37,421122.75,83794.75,-9700.62,0.0,0.0,598224.16,598224.16,215106.35,AUTOCARS F CANALS SA_resum
2011-01-01,178638.46,11938.9,34308.64,180303.63,-38363.2,19062.44,0.0,34308.64,46344.01,-69930.14,-23586.129,0.0,22369.739,63282.92,49745.82,0.0,14847.94,14847.94,158892.24000000002,-5849.889999999999,394296.65,0.0,70.86999999999999,435579.15,0.0,435579.15,19062.44,3.0,-349074.51900000003,8993.235,7445.210000000001,-117020.709,445164.35,0.0,216027.51,178638.46,227966.41,0.0,-84707.20999999999,-84707.20999999999,-69930.14,375234.21,-84707.20999999999,-14777.07,0.0,0.0,469887.79,469887.79,26230.559,AUTOCARS F CANALS SA_resum
2012-01-01,80245.43,8903.2,15529.29,180303.63,166999.83,245.88,0.0,15529.29,21354.97,165642.91999999998,186997.89,0.0,6626.09,208927.78,66254.73999999999,0.0,20009.06,20009.06,128339.99,-3293.8033333333333,342138.04,0.0,11.0,404464.44,0.0,403164.44,245.88,3.0,-88639.53,1300.0,13481.070000000002,28624.149,176249.24000000002,0.0,121917.32,80245.43,130820.52,0.0,145644.86,145644.86,165642.91999999998,341892.16,145644.86,-19998.06,0.0,0.0,419993.73,419993.73,253263.629,AUTOCARS F CANALS SA_resum
2013-01-01,100309.56,3237.92,26655.55,180303.63,62457.289,622.53,126114.98,7138.620000000001,13834.02,65809.17900000002,79643.19900000001,0.0,3900.7,288222.05,62880.9,0.0,17185.91,17185.91,128339.99,-737.7166666666672,239061.92,0.0,0.0,531154.73,0.0,406974.77,622.53,2.0,-95915.29,124179.96,19516.93,107918.42,172630.21000000002,0.0,39925.77,100309.56,169278.67,0.0,48623.27,48623.27,65809.17900000002,238439.39,48623.27,-17185.91,0.0,19516.93,557810.2799999999,557810.2799999999,142524.1,AUTOCARS F CANALS SA_resum
2014-01-01,290200.58,416.97,162.52,180303.63,33322.15,0.0,6651.89,162.52,11833.2,39236.68,51069.880000000005,0.0,-254.45,309711.0,60984.67,0.0,15970.26,15970.26,128339.99,1818.37,238425.64,0.0,40.9,608715.06,0.0,443551.26,0.0,2.0,-126371.09,165163.8,9859.7,129407.37,199188.96,0.0,1897.14,290200.58,8966.0,0.0,23307.32,21488.95,39236.68,238425.64,21488.95,-15929.36,0.0,0.0,608877.58,608877.58,112095.449,AUTOCARS F CANALS SA_resum
2015-01-01,238058.62,2069.679,364.99,180303.63,30291.07,0.0,19796.23,162.52,12714.17,33698.11,46412.28,0.0,-1907.159,327287.9,50639.64,0.0,10263.37,10263.37,128339.99,5858.969999999999,239555.81,0.0,1.13,616475.25,0.0,432434.08,0.0,2.0,-142503.88999999998,184041.17,202.47,146984.27000000002,205857.7,0.0,29627.81,238058.62,51493.72,0.0,23435.87,17576.898999999998,33698.11,239555.81,17576.898999999998,-10262.240000000002,0.0,202.47,616840.24,616840.24,97053.049,AUTOCARS F CANALS SA_resum
2016-01-01,176406.09,215.14,624.9499999999999,180303.63,26542.06,0.0,24548.39,123.85,12735.35,29572.02,42307.37,0.0,-91.289,341094.61,57491.99,0.0,11407.12,11407.12,128339.99,4602.24,238609.4,0.0,244.05,591482.9400000001,0.0,419698.73,0.0,2.0,-138810.04,171784.21000000002,501.1,160790.979,209037.38,0.0,49843.66,176406.09,74607.19,0.0,18408.95,13806.71,29572.02,238609.4,13806.71,-11163.07,0.0,501.1,592107.89,592107.89,100043.41,AUTOCARS F CANALS SA_resum
2017-01-01,133030.29,1329.39,5126.74,180303.63,33860.53,0.0,10084.51,2253.67,12735.35,33940.93,46676.28,0.0,924.28,362219.79,63947.28,0.0,5774.03,5774.03,128339.99,7041.72,238891.49,0.0,0.0,601833.6799999999,0.0,406963.38,0.0,2.0,-128267.93,194870.3,2873.07,181916.16,204950.56,0.0,100296.44,133030.29,111710.34,0.0,28166.9,21125.18,33940.93,238891.49,21125.18,-5774.03,0.0,2873.07,606960.42,606960.42,110623.56,AUTOCARS F CANALS SA_resum
2018-01-01,36757.46,701.695,7866.75,180303.63,24702.239,1381.6699999999998,0.0,5325.99,12559.63,18918.7,31478.33,0.0,5325.99,374362.4,59122.380000000005,0.0,2728.56,2728.56,128339.99,4047.53,241519.32,0.0,0.0,584298.4600000001,0.0,394403.75,1381.6699999999998,2.0,-149536.94,189894.71,2540.76,194058.77,221218.95,0.0,181045.35,36757.46,181045.35,0.0,16190.14,12142.609,18918.7,240137.65,12142.609,-2728.56,0.0,40.42,592165.21,592165.21,90600.709,AUTOCARS F CANALS SA_resum
2019-01-01,68997.035,74.0,214144.76,180303.63,29489.92,0.0,0.0,195425.09,12333.99,23778.79,36112.78,0.0,195351.09,391518.33,69607.86,0.0,904.21,904.21,128339.99,5718.650000000001,244417.56,0.0,0.0,383369.76,0.0,382069.76,0.0,2.0,-138696.919,1300.0,18719.67,211214.699,220638.769,0.0,205922.19,68997.035,205996.19,0.0,22874.58,17155.93,23778.79,244417.56,17155.93,-904.21,0.0,590.61,597514.52,597514.52,105720.64,AUTOCARS F CANALS SA_resum
2020-01-01,101236.61,1045.98,97940.9,180303.63,18937.31,0.0,0.0,2073.56,4047.58,19859.37,23906.949,0.0,1027.579,406408.06,66945.759,0.0,6.4,6.4,128339.99,4963.24,246372.84,0.0,0.0,676450.91,0.0,378022.18,0.0,2.0,-155520.13,298428.73000000004,95867.34,226104.43,226513.469,0.0,265701.159,101236.61,266747.14,0.0,19852.97,14889.73,19859.37,246372.84,14889.73,-6.4,0.0,95867.34,774391.81,774391.81,90852.709,AUTOCARS F CANALS SA_resum
2021-01-01,101236.61,29.110000000000003,41820.27,180303.63,17226.378999999997,0.0,0.0,4439.360000000001,3381.75,18567.51,21949.26,0.0,4410.25,420252.69,105211.49,0.0,108.0,108.0,128339.99,4614.88,246372.84,0.0,0.0,653126.04,0.0,374640.43000000005,0.0,2.0,-119212.09,278485.61,37380.91,239949.06,227805.33,0.0,173427.9,101236.61,173457.01,0.0,18459.51,13844.629,18567.51,246372.84,13844.629,-108.0,0.0,37380.91,694946.31,694946.31,127160.75,AUTOCARS F CANALS SA_resum
2022-01-01,101236.61,1410.13,63636.74,180303.63,31757.01,0.0,0.0,4439.360000000001,3508.29,37826.65,41334.94,0.0,-1410.13,448501.41,100977.96,0.0,161.69,161.69,128339.99,9416.240000000002,262957.21,0.0,0.0,647303.92,0.0,373772.55,0.0,2.0,-120644.31,273531.37,63636.74,268197.78,225130.56,0.0,159792.51,101236.61,161202.64,0.0,37664.96,28248.72,37826.65,262957.21,28248.72,-161.69,0.0,63636.74,710940.66,710940.66,142312.9,AUTOCARS F CANALS SA_resum
2023-01-01,101236.61,111.19,59780.75,180303.63,53876.7,0.0,0.0,4439.360000000001,3984.56,64860.99,68845.55,0.0,-111.19,498393.55,102186.8,0.0,66.0,66.0,128339.99,14902.85,277359.25,0.0,0.0,660927.51,0.0,369787.9900000001,0.0,1.0,-106326.9,291139.52,59780.75,318089.92000000004,212498.26,0.0,120966.91,101236.61,121078.1,0.0,64794.99,49892.14,64860.99,277359.25,49892.14,-66.0,0.0,59780.75,720708.26,720708.26,171032.34999999998,AUTOCARS F CANALS SA_resum
