Año,Acreedores a L. P.,Acreedores comerciales,Activo circulante,Capital suscrito,Cash flow,Consumo de mercaderías y de materias,Deudas financieras,Deudores,Dotaciones para amortiz. de inmovil.,EBIT,EBITDA,Existencias,Fondo de maniobra,Fondos propios,Gastos de personal,Gastos extraordinarios,Gastos financieros,Gastos financieros y gastos asimilados,Importe neto Cifra de Ventas,Impuestos sobre sociedades,Ingresos de explotación,Ingresos extraordinarios,Ingresos financieros,Inmovilizado,Inmovilizado inmaterial,Inmovilizado material,Materiales,Número empleados,Otros Conceptos de Explotación,Otros activos fijos,Otros activos líquidos,Otros fondos propios,Otros gastos de explotación,Otros pasivos fijos,Otros pasivos líquidos,Pasivo fijo,Pasivo líquido,Provisiones,Result. ordinarios antes Impuestos,Resultado Actividades Ordinarias,Resultado Explotación,Resultado bruto,Resultado del Ejercicio,Resultado financiero,Resultados actividades extraordinarias,Tesorería,Total activo,Total pasivo y capital propio,Valor agregado,Empresa
1999-01-01,17678.17,169320.88999999998,358723.19,6010.120000000001,39895.61,1262359.91,3742.07,158499.96,239.06,59230.76,59469.82,84249.97,242749.93,45666.67,146979.87999999998,0.0,2578.55,2578.55,834795.54,16995.67,834795.54,0.0,35.63,35316.11,956.25,34359.86,592025.92,8.0,-110830.55,0.0,115973.259,39656.549,818569.64,7949.96,348372.62,17678.17,348372.62,0.0,56652.22,39656.55,59230.76,937650.73,39656.55,-2578.55,0.0,115973.25,394039.29,394039.29,206449.71,BAGUE-PELACH SL_resum
2000-01-01,17678.17,169320.88999999998,399486.06,6010.120000000001,63390.2,1262359.91,3742.07,183951.91,15047.18,74531.70999999999,89578.89,109657.15,293609.06,94009.69,231820.23,490.49,5320.71,5320.71,1151908.36,20718.44,1152389.1700000002,305.31,35.63,40949.850000000006,17668.23,23281.63,767459.41,13.0,-110830.55,-0.01,105877.0,87999.57,818569.64,7949.96,328748.04,17678.17,328748.04,0.0,69246.63,48528.19,74531.70999999999,937650.73,48343.02,-5285.08,-185.18,104298.0,440435.9,440435.9,321249.58,BAGUE-PELACH SL_resum
2001-01-01,37939.8,169320.88999999998,481608.43000000005,6010.120000000001,88324.51,1262359.91,3742.07,244202.73,25812.39,93004.74,118817.13,144734.7,388937.43000000005,156521.8,294961.26,0.0,4130.49,4120.06,1230900.06,26790.91,1231888.21,395.73,33.05,61003.55,37360.1,23643.45,741438.6799999999,16.0,-110830.55,0.0,92670.999,150511.68,818569.64,7949.96,348150.38,37939.8,348150.38,0.0,88907.3,62116.39,93004.74,937650.73,62512.12,-4097.438999999999,395.73,90285.87,542611.98,542611.98,414196.74,BAGUE-PELACH SL_resum
2002-01-01,28862.91,169320.88999999998,707909.8200000001,6010.120000000001,90688.079,1262359.91,3742.07,532900.87,22247.82,100673.6,122921.42,138510.77000000002,671411.64,224962.04,352925.93000000005,0.0,4277.37,4277.37,1637188.37,29493.89,1638508.37,1526.24,11.68,60452.71,36088.04,22466.460000000003,1063176.8990000002,18.0,-110830.55,1898.209,36498.179,218951.92,818569.64,7949.96,514537.58,28862.91,514537.58,0.0,96407.91,66914.02,100673.6,937650.73,68440.26,-4265.6900000000005,1526.24,35231.71,768362.53,768362.53,477385.269,BAGUE-PELACH SL_resum
2003-01-01,21640.8,169320.88999999998,641531.2789999999,6010.120000000001,101835.709,1262359.91,3742.07,406261.24,18049.73,123522.23,141571.96,139761.15,546022.39,308748.02,374980.77,0.0,2419.68,2419.68,1808920.28,37382.19,1810240.28,0.0,65.61999999999999,64444.61,39214.310000000005,23332.09,1201554.11,17.0,-110830.55,1898.21,95508.889,302737.9,818569.64,7949.96,375587.07,21640.8,375587.07,0.0,121168.17,83785.98,123522.23,937650.73,83785.98,-2354.06,0.0,94590.07,705975.89,705975.89,516618.35,BAGUE-PELACH SL_resum
2004-01-01,39721.01,169320.88999999998,724204.62,6010.120000000001,159918.93,1262359.91,3742.07,310750.68,23493.32,201666.43,225159.75,114578.75,425329.43000000005,445173.63,416736.31,0.0,2410.8500000000004,2410.8500000000004,2053076.8,65323.08,2054396.8,1862.07,631.04,86975.52,63058.8,22018.51,1238431.92,18.0,-110830.55,1898.21,298875.19,439163.51,818569.64,7949.96,326285.5,39721.01,326285.5,0.0,199886.62,134563.539,201666.43,937650.73,136425.61000000002,-1779.81,1862.07,297878.01,811180.14,811180.14,644389.169,BAGUE-PELACH SL_resum
2005-01-01,28079.05,169320.88999999998,664274.059,6010.120000000001,107878.57,1262359.91,3742.07,352925.28,25295.93,117760.49,143056.41999999998,77668.40999999999,430593.69,474815.09,574358.14,0.0,1900.71,1900.71,1665804.6900000002,35392.57,1682124.6900000002,0.0,2115.4300000000003,72714.07,54310.18,16505.68,863267.49,18.0,-110830.55,1898.21,233680.369,468804.97,818569.64,7949.96,234093.99,28079.05,234093.99,0.0,117975.21,82582.64,117760.49,937650.73,82582.64,214.72,0.0,233617.55,736988.13,736988.13,719529.99,BAGUE-PELACH SL_resum
2006-01-01,9272.69,169320.88999999998,795992.1799999999,6010.120000000001,126802.33,1262359.91,3742.07,195781.04,20060.49,155172.3,175232.789,65823.86,261604.9,581556.93,459870.79,0.0,2194.62,2194.62,1919772.73,47735.8,1921092.73,5.53,1494.43,59813.34,38398.53,19516.6,1151347.21,16.0,-110830.55,1898.209,534387.2799999999,575546.81,818569.64,7949.96,264975.9,9272.69,264975.9,0.0,154472.11000000002,106736.309,155172.3,937650.73,106741.84,-700.19,5.53,534324.65,855805.52,855805.52,636603.539,BAGUE-PELACH SL_resum
2007-01-01,9397.81,169320.88999999998,962469.059,6010.120000000001,187843.59,1262359.91,3742.07,191382.38,17780.73,227176.64,244957.37,37781.49,229163.87,751619.7899999999,488270.25,0.0,2572.66,2572.66,1969876.77,62421.7,1971199.55,2103.36,5777.22,55651.99,36473.08,17280.7,1114319.2,19.0,-110830.55,1898.209,733305.19,745609.6699999999,818569.64,7949.96,257103.45,9397.81,257103.45,0.0,230381.2,167959.5,227176.64,937650.73,170062.86,3204.56,2103.36,733002.7,1018121.05,1018121.05,741108.2,BAGUE-PELACH SL_resum
2008-01-01,9965.946,169320.88999999998,1206231.1,6010.120000000001,118738.34,1262359.91,3742.07,392415.67,19363.66,119081.09,138444.75,155695.79,378790.569,850994.47,688375.43,0.0,1717.09,1717.09,2193730.08,34318.719999999994,2200010.64,0.0,16329.4,54667.310000000005,0.0,52769.1,1262359.91,19.0,-110830.55,1898.21,658119.64,844984.3500000001,818569.64,7949.96,228891.02,7949.96,401953.98,0.0,133693.4,99374.68,119081.09,937650.73,99374.68,14612.31,0.0,483003.93000000005,1260898.41,1260898.41,843149.58,BAGUE-PELACH SL_resum
2009-01-01,10534.082,163714.77000000002,1193959.89,6010.120000000001,112959.77,921649.27,672.3,382842.74,18328.33,93540.59,111868.92,176359.21000000002,395487.179,945625.91,616215.5,0.0,2334.9500000000003,2334.9500000000003,1737765.31,21967.869999999995,1741482.37,0.0,3425.8,50120.15,0.0,48221.94,921649.27,19.0,-91748.68,1898.21,634757.9400000001,939615.79,726292.509,7949.96,126117.1,7949.96,290504.17,0.0,94631.44,94631.44,93540.59,819833.1,94631.44,1090.85,0.0,634142.9400000001,1244080.04,1244080.04,731510.2189999999,BAGUE-PELACH SL_resum
2010-01-01,11102.218,124594.84,1164904.65,6010.120000000001,43503.13,947747.71,1378.2433333333333,414549.67,16387.04,38274.69,54661.73,168660.94999999998,458615.78,948670.36,524684.76,0.0,2189.29,2189.29,1647188.97,9617.02,1647188.97,0.0,647.71,50628.99,0.0,47865.1,947747.71,17.0,-120094.77,2763.8900000000003,581694.03,942660.24,661166.57,9394.6,132873.84,9394.6,257468.68,0.0,36733.11,27116.09,38274.69,699441.26,27116.09,-1541.58,0.0,581079.03,1215533.64,1215533.64,579994.2,BAGUE-PELACH SL_resum
2011-01-01,11670.354,162530.81,1193319.07,6010.120000000001,36495.880000000005,824461.03,2084.1866666666665,371957.02,12563.91,32001.08,44564.99,134030.19,343456.4,972602.33,481971.28,0.0,645.9,645.9,1482051.88,7977.320000000001,1483111.72,0.0,554.11,41814.6,0.0,39050.71,824461.03,17.0,-132114.41999999998,2763.8900000000003,687331.8600000001,966592.21,626649.61,9234.62,90765.91,9234.62,253296.72,0.0,31909.29,23931.97,32001.08,658650.69,23931.97,-91.789,0.0,686716.8600000001,1235133.6700000002,1235133.6700000002,527090.38,BAGUE-PELACH SL_resum
2012-01-01,12238.49,148408.06,1241110.1700000002,6010.120000000001,35999.25,1064359.57,2790.13,428496.89,12087.58,31525.54,43613.12,77397.57,357486.4,996514.0,529197.839,0.0,2010.79,2010.79,1934778.76,7970.56,1934901.58,0.0,2367.48,48165.53,0.0,43738.19,1064359.57,16.0,-297731.05,4427.34,735215.71,990503.88,839016.4680000001,10326.07,118998.95,22564.56,270197.14,0.0,31882.23,23911.67,31525.54,870542.01,23911.67,356.69,0.0,698985.71,1289275.7,1289275.7,575178.439,BAGUE-PELACH SL_resum
2013-01-01,17442.72,140435.34,1380572.95,6010.120000000001,36400.06,872362.9400000001,5174.18,635216.54,14529.98,28742.4,43272.380000000005,58258.99,553040.19,1018384.08,495336.3,0.0,1707.98,1707.98,1540069.01,5327.34,1540069.01,0.0,163.0,50142.8,0.0,43928.32,872362.9400000001,16.0,-129097.39,6214.48,687097.42,1012373.96,638963.669,11466.43,237813.0,28909.15,383422.52,0.0,27197.42,21870.079,28742.4,667706.07,21870.079,-1544.98,0.0,687097.42,1430715.75,1430715.75,538771.6789999999,BAGUE-PELACH SL_resum
2014-01-01,10942.75,127290.67,1604350.52,6010.120000000001,84472.27900000001,791965.57,6496.01,580051.56,12713.39,96633.92,109347.31,32493.17,485254.06,1090142.97,526516.3600000001,0.0,1090.63,1090.63,1617069.91,23784.4,1617069.91,0.0,0.0,41743.37,0.0,34364.93,791965.57,11.0,-189240.669,7378.44,991805.79,1084132.8490000002,728470.42,12568.05,398653.44,23510.8,532440.12,0.0,95543.29,71758.88900000001,96633.92,825104.3400000001,71758.88900000001,-1090.63,0.0,991805.79,1646093.89,1646093.89,635863.669,BAGUE-PELACH SL_resum
2015-01-01,32324.22,321381.83,1510932.89,6010.120000000001,63721.76899999999,803011.73,12044.75,298032.52,12328.36,69534.7,81863.06,235422.91,212073.6,1141536.38,505912.37,0.0,1186.13,1186.13,1532946.94,17131.129999999997,1532946.94,0.0,175.97,70641.54,0.0,61919.44,803011.73,16.0,-142159.78,8722.1,977477.46,1135526.26,660400.509,13713.19,60574.06,46037.41,394000.64,0.0,68524.54,51393.409,69534.7,729935.21,51393.409,-1010.16,0.0,977477.46,1581574.43,1581574.43,587951.4,BAGUE-PELACH SL_resum
2016-01-01,46647.810000000005,183306.75,1530897.57,6010.120000000001,92612.719,1657229.87,19651.1,228377.38,14905.95,102985.85,117891.8,167210.18,212280.81,1219243.15,692329.21,0.0,1221.36,1221.36,2624930.63,24189.15,2624930.63,0.0,131.43,98077.42,0.0,88330.29,1657229.87,18.0,-157479.75,9747.13,1135310.01,1213233.03,864714.909,15484.97,144641.21000000002,62132.78,347599.06,0.0,101895.92,77706.769,102985.85,967700.759,77706.769,-1089.929,0.0,1135310.01,1628974.99,1628974.99,810352.439,BAGUE-PELACH SL_resum
2017-01-01,49624.67,201018.77,1570915.36,6010.120000000001,62940.05,1109974.53,19211.81,245680.08,19642.28,62366.6,82008.88,213510.1,258171.41,1262540.92,651361.53,0.0,1607.66,1607.66,2038810.27,17464.34,2038810.27,0.0,3.17,108589.1,0.0,97839.51,1109974.53,15.0,-195465.33,10749.59,1111725.1800000002,1256530.8,866469.14,17631.89,129476.4,67256.56,349706.98000000004,0.0,60762.11,43297.77,62366.6,928835.74,43297.77,-1604.49,0.0,1108462.52,1679504.46,1679504.46,733373.58,BAGUE-PELACH SL_resum
2018-01-01,51179.67,268254.468,1692731.71,6010.120000000001,86452.95,1365106.41,55731.78999999999,297878.43000000005,20742.15,90117.67,110859.82,361498.32,391122.282,1328251.72,722176.24,0.0,3108.1,3108.1,2362363.06,21298.77,2362450.93,0.0,0.0,116888.52,0.0,104547.9,1365106.41,23.0,-164308.46,12340.62,1033354.96,1322241.6,907226.85,19818.04,86384.54,70997.70999999999,410370.8,0.0,87009.57,65710.8,90117.67,997344.52,65710.8,-3108.1,0.0,1030092.3,1809620.23,1809620.23,833036.06,BAGUE-PELACH SL_resum
2019-01-01,27505.23,194762.02,1638453.33,6010.120000000001,88608.39,1411851.89,21106.44,283867.75,19981.99,91191.72,111173.71,220506.53,309612.26,1396878.12,779833.06,0.0,2701.09,2701.09,2522083.11,20685.1,2522824.2800000003,0.0,820.87,101814.88,0.0,88733.48999999999,1411851.89,24.0,-219965.62,13081.39,1134079.049,1390868.0,1019780.67,22556.81,77459.59,50062.04,293328.05,0.0,89311.5,68626.4,91191.72,1110972.39,68626.4,-1880.22,0.0,1130816.39,1740268.21,1740268.21,891827.64,BAGUE-PELACH SL_resum
2020-01-01,29555.4,105665.16,1594136.03,6010.120000000001,73387.55,785779.4600000001,15534.43,325159.53,19525.27,68253.39,87778.66,67109.85,286604.22000000003,1450740.4,673752.8500000001,0.0,1114.42,1114.42,1752737.22,15666.53,1794201.32,0.0,2389.84,105841.82,0.0,91153.89,785779.4600000001,22.0,-246890.35,14687.93,1201866.65,1444730.28,940168.47,24811.72,73670.73999999999,54367.12,194870.33,0.0,69528.81,53862.28,68253.39,1008421.86,53862.28,1275.42,0.0,1201866.65,1699977.85,1699977.85,763921.3500000001,BAGUE-PELACH SL_resum
2021-01-01,45295.32,108848.28,1686438.32,6010.120000000001,62869.539,907544.08,18462.5,211046.72,24166.95,50743.69,74910.64,145341.2,247539.64,1489442.99,831556.61,0.0,935.65,935.65,1989188.04,11105.45,1994311.27,0.0,0.0,127793.07,0.0,113030.56,907544.08,20.0,-180299.94,14762.51,1330050.4,1483432.87,1036023.5,24543.980000000003,127638.32,69839.3,254949.1,0.0,49808.04,38702.59,50743.69,1086767.1900000002,38702.59,-935.65,0.0,1329532.64,1814231.39,1814231.39,906467.25,BAGUE-PELACH SL_resum
2022-01-01,117882.66,223995.55,1887719.4,6010.120000000001,72186.59,1608401.6800000002,21166.63,403026.45,29167.86,61550.3,90718.16,275166.7,454197.6,1532461.72,883780.6699999999,0.0,2101.53,2101.53,2783644.66,16669.2,2789267.63,0.0,239.16,136936.97999999998,0.0,122174.47,1608401.6800000002,20.0,-206367.12,14762.51,1209526.25,1526451.6,1119315.65,24543.980000000003,104605.84,142426.64,349768.02,0.0,59687.93,43018.72899999999,61550.3,1180865.95,43018.72899999999,-1862.37,0.0,1209008.49,2024656.38,2024656.38,974737.99,BAGUE-PELACH SL_resum
2023-01-01,86978.23999999999,283055.52,2047735.7,6010.120000000001,79198.53,1585292.37,18532.64,508808.93000000005,28261.56,78693.32,106954.88,312907.0,538660.409,1583398.6900000002,975039.7,0.0,4347.99,4347.99,2910890.8,23429.65,2914570.489,0.0,21.29,120692.08,0.0,105929.57,1585292.37,21.0,-247283.539,14762.51,1226019.77,1577388.57,1250584.8,25861.45,170601.24000000002,112839.69,472189.4,0.0,74366.62000000001,50936.969,78693.32,1329278.1190000002,50936.969,-4326.7,0.0,1226019.77,2168427.7800000003,2168427.7800000003,1082015.8690000002,BAGUE-PELACH SL_resum
