Año,Acreedores a L. P.,Acreedores comerciales,Activo circulante,Capital suscrito,Cash flow,Consumo de mercaderías y de materias,Deudas financieras,Deudores,Dotaciones para amortiz. de inmovil.,EBIT,EBITDA,Existencias,Fondo de maniobra,Fondos propios,Gastos de personal,Gastos extraordinarios,Gastos financieros,Gastos financieros y gastos asimilados,Importe neto Cifra de Ventas,Impuestos sobre sociedades,Ingresos de explotación,Ingresos extraordinarios,Ingresos financieros,Inmovilizado,Inmovilizado inmaterial,Inmovilizado material,Materiales,Número empleados,Otros Conceptos de Explotación,Otros activos fijos,Otros activos líquidos,Otros fondos propios,Otros gastos de explotación,Otros pasivos fijos,Otros pasivos líquidos,Pasivo fijo,Pasivo líquido,Provisiones,Result. ordinarios antes Impuestos,Resultado Actividades Ordinarias,Resultado Explotación,Resultado bruto,Resultado del Ejercicio,Resultado financiero,Resultados actividades extraordinarias,Tesorería,Total activo,Total pasivo y capital propio,Valor agregado,Empresa
1999-01-01,29466.63,16803.97,164435.699,35129.16,26913.28,82934.23,0.0,107113.08,10566.36,23424.24,33990.6,0.0,107113.08,70605.6,74992.63,0.0,2269.3300000000004,2136.4700000000003,407356.13,5761.6,407356.13,0.0,713.7900000000001,48415.350000000006,9455.92,34091.23,173125.88999999998,4.0,-129477.62,4868.1990000000005,57322.619,35476.44,322242.58,6620.33,112778.82,29466.63,112778.82,0.0,21868.7,16107.1,23424.24,340741.35,16346.92,-1555.54,0.0,56641.159,212851.05,212851.05,109803.98,BREDA EXPRESS SL_resum
2000-01-01,29466.63,16803.97,164435.699,35129.16,26913.28,82934.23,0.0,107113.08,10566.36,23424.24,33990.6,0.0,107113.08,70605.6,74992.63,566.65,2269.3300000000004,2136.4700000000003,407356.13,5761.6,407356.13,806.47,713.7900000000001,48415.350000000006,9455.92,34091.23,173125.88999999998,4.0,-129477.62,4868.1990000000005,57322.619,35476.44,322242.58,6620.33,112778.82,29466.63,112778.82,0.0,21868.7,16107.1,23424.24,340741.35,16346.92,-1555.54,239.82,56641.159,212851.05,212851.05,109803.98,BREDA EXPRESS SL_resum
2001-01-01,29477.6,16803.97,210385.18,35129.16,19860.007,82934.23,0.0,136101.27000000002,16708.277000000002,2998.4,19706.678,0.0,136101.27000000002,73757.34,106998.0,46.760000000000005,2054.6,2045.81,486108.12,414.78,486108.12,2204.9500000000003,464.52,68201.02,15669.17,49827.3,190926.39,4.0,-129477.62,2704.55,74283.90999999999,38628.179,322242.58,6620.33,175351.259,29477.6,175351.259,0.0,1408.32,993.54,2998.4,340741.35,3151.73,-1590.08,2158.189,74151.77,278586.2,278586.2,129318.598,BREDA EXPRESS SL_resum
2002-01-01,15629.28,16803.97,165273.84999999998,35129.16,29178.53,82934.23,0.0,103868.33,15132.82,19476.71,34609.53,0.0,103868.33,87803.05,120576.62,38.58,3734.63,3697.54,471844.36,2969.18,471844.36,967.46,343.92999999999995,53068.2,8678.2,41685.45,124190.67,4.0,-129477.62,2704.55,61405.52,52673.89,322242.58,6620.33,114909.72,15629.28,114909.72,0.0,16086.01,13116.83,19476.71,340741.35,14045.71,-3390.7,928.88,61405.52,218342.05,218342.05,156421.87,BREDA EXPRESS SL_resum
2003-01-01,32074.52,16803.97,157015.05,35129.16,30260.379,82934.23,0.0,61760.56,15252.57,21387.24,36639.810000000005,0.0,61760.56,102810.86,133254.81,19.18,2497.05,2497.05,363375.04,6128.969999999999,363375.04,2066.04,199.73,82646.73999999999,43788.3,36153.89,81676.42,1.0,-129477.62,2704.55,95254.489,67681.7,322242.58,6620.33,104776.41,32074.52,104776.41,0.0,19089.92,12960.949,21387.24,340741.35,15007.81,-2297.32,2046.86,94040.049,239661.79,239661.79,172141.21000000002,BREDA EXPRESS SL_resum
2004-01-01,124755.98,16803.97,191852.64,35129.16,52880.84,82934.23,0.0,114112.94,27295.39,13105.69,40401.08,0.0,114112.94,128396.31,125468.96,125.01,4318.620000000001,4318.620000000001,590782.21,4050.3,590782.21,20928.739,44.95,169032.08,144534.94999999998,21792.58,276443.75,4.0,-129477.62,2704.549,77739.7,93267.15,322242.58,6620.33,107732.43,124755.98,107732.43,0.0,8832.02,4781.72,13105.69,340741.35,25585.45,-4273.67,20803.73,68889.22,360884.72,360884.72,186718.72,BREDA EXPRESS SL_resum
2005-01-01,86209.08,16803.97,168951.71000000002,35129.16,42713.77,82934.23,0.0,94544.01,37289.25,12629.25,49918.5,21325.63,115869.64,133820.82899999997,133154.79,470.06,7884.110000000001,7884.110000000001,554136.47,2324.8,554136.47,3473.99,0.25,131742.82899999997,115776.0,13262.28,238782.91,3.0,-129477.62,2704.548,53082.069,98691.669,322242.58,6620.33,80664.63,86209.08,80664.63,0.0,4745.39,2420.59,12629.25,340741.35,5424.52,-7883.860000000001,3003.9300000000003,47215.04,300694.54,300694.54,186077.47,BREDA EXPRESS SL_resum
2006-01-01,60919.86,16803.97,151672.16,35129.16,33528.54,82934.23,0.0,99041.36,32621.55,12544.21,45165.759,16000.0,115041.36,134727.81999999998,132157.109,3554.44,7694.07,7694.07,471634.54,388.71,474129.54,0.0,25.2,115653.25,87316.05,25632.65,139143.61000000002,4.0,-129477.62,2704.549,36630.8,99598.66,322242.58,6620.33,71677.73,60919.86,71677.73,0.0,4850.14,4461.429999999999,12544.21,340741.35,906.99,-7694.07,-3554.44,33103.809,267325.40900000004,267325.40900000004,173768.42899999995,BREDA EXPRESS SL_resum
2007-01-01,36280.7,16803.97,133661.119,35129.16,33624.17,82934.23,0.0,88147.45,28636.6,12517.07,41153.67,0.0,88147.45,139715.38999999998,136625.7,0.0,6573.13,6573.13,486293.36,1151.86,488656.029,145.34,50.15,87805.40999999999,59482.350000000006,25618.51,107023.53,6.0,-129477.62,2704.55,45513.669,104586.23,322242.58,6620.33,45470.44,36280.7,45470.44,0.0,5994.09,4842.23,12517.07,340741.35,4987.57,-6522.98,145.34,43468.82,221466.53,221466.53,177974.86,BREDA EXPRESS SL_resum
2008-01-01,14412.14,16803.97,142792.12,35129.16,21728.42,82934.23,18503.28,128277.49,12543.52,18498.77,31042.29,5476.150000000001,116949.67,146855.44,180221.44,0.0,6252.24,6252.24,421373.86,3061.63,423675.579,0.0,0.0,87514.57,174.39,84635.63,82934.23,2.0,-129477.62,2704.55,9038.48,111726.28,322242.58,6620.33,27111.53,21032.47,62418.78,0.0,12246.53,9184.9,18498.77,340741.35,9184.9,-6252.24,0.0,7375.69,230306.69,230306.69,211263.729,BREDA EXPRESS SL_resum
2009-01-01,57260.87,69347.59,196477.09,35129.16,39106.78999999999,148179.88999999998,50997.77,154228.53,28253.71,21584.84,49838.55,0.0,84880.93999999999,157708.52,116256.52,0.0,9070.47,9070.47,496225.18,1661.29,496225.18,0.0,0.0,176373.0,99.63,173568.81999999998,148179.88999999998,2.0,-181950.22,2704.55,42248.56,122579.36,326460.45,5556.63,31978.71,62817.5,152324.07,0.0,12514.37,10853.08,21584.84,348045.29000000004,10853.08,-9070.47,0.0,28177.75,372850.09,372850.09,166095.07,BREDA EXPRESS SL_resum
2010-01-01,80875.08,48751.92,272696.03,35129.16,55820.14,228419.52,105000.0,192852.05,32523.4,34169.3,66692.7,0.0,144100.13,181005.26,149176.36,0.0,3114.99,3114.99,661256.74,7765.58,663551.74,0.0,8.01,212079.26,24.87,209349.84,228419.52,3.0,-219263.16,2704.55,79843.98,145876.1,400962.92,10323.97,58819.06,91199.05,212570.98,0.0,31062.32,23296.739,34169.3,435132.22,23296.739,-3106.9790000000003,0.0,62987.27,484775.29,484775.29,215877.069,BREDA EXPRESS SL_resum
2011-01-01,65199.13,10230.84,188280.39,35129.16,51950.95,255641.13,60000.0,114981.31,32473.51,27887.8,60361.310000000005,0.0,104750.47,200482.7,208391.61,0.0,1917.88,1917.88,850130.89,6492.48,852363.4,0.0,0.0,235533.13,17094.2,215734.38,255641.13,5.0,-327969.35,2704.55,73299.08,165353.54,568834.47,14581.6,73319.25,79780.73,143550.09,0.0,25969.92,19477.44,27887.8,596722.2699999999,19477.44,-1917.88,0.0,35750.3,423813.52,423813.52,268752.92000000004,BREDA EXPRESS SL_resum
2012-01-01,34190.43,4000.44,228419.94,35129.16,40380.08,212785.61,125000.0,128305.24,32448.64,12073.78,44522.42,0.0,124304.8,208414.14,203798.18,0.0,1607.61,1607.61,754153.4500000001,2643.82,759725.8600000001,0.0,109.09,240078.84,17094.2,216285.74,212785.61,7.0,-298619.65,6698.9,100114.7,173284.97999999998,534866.47,13883.88,83009.89,48074.310000000005,212010.33,0.0,10575.26,7931.44,12073.78,546940.25,7931.44,-1498.52,0.0,61176.43,468498.78,468498.78,248429.69,BREDA EXPRESS SL_resum
2013-01-01,57385.07,5932.57,225277.23,35129.16,40456.78,148095.789,106035.0,122707.72,32448.64,11646.25,44094.89,15337.64,132112.789,216422.28,223216.96,0.0,1693.1699999999998,1693.1699999999998,633109.03,2002.03,637607.22,0.0,57.09,247272.75,17094.2,225019.99,158433.43,6.0,-222199.58,5158.56,87231.87000000001,181293.12,477865.18,13679.39,73095.67000000001,71064.45999999999,185063.24,0.0,10010.17,8008.14,11646.25,489511.43000000005,8008.14,-1636.08,0.0,51574.37,472549.98,472549.98,267368.94,BREDA EXPRESS SL_resum
2014-01-01,31249.460000000003,9964.3,294360.49000000005,35129.16,42871.51,242780.88,106035.0,160886.91,33109.8,15383.56,48493.36,6274.67,157197.28,226183.99,241524.38,0.0,2575.4500000000003,2575.4500000000003,771824.8,3253.9100000000003,776638.16,0.0,207.51,192800.83,17094.2,174542.41999999998,242780.88,7.0,-243839.54,1164.21,127198.91,191054.83,518473.72,13015.57,100713.0,44265.03,216712.3,0.0,13015.62,9761.71,15383.56,533857.2799999999,9761.71,-2367.9390000000003,0.0,74471.19,487161.32,487161.32,290225.25,BREDA EXPRESS SL_resum
2015-01-01,53531.97,12055.16,182483.76,35129.16,55462.44,266000.27,0.0,157563.9,42521.62,19090.25,61611.87,6274.67,151783.41,239124.81,242962.54,0.0,2326.75,2326.75,794125.3300000001,4313.610000000001,801691.8400000001,0.0,490.93,231660.74,17094.2,210322.33,266000.27,7.0,-231117.16,4244.21,18645.19,203995.65,516601.32,13015.57,96416.99,66547.539,108472.15,0.0,17254.43,12940.82,19090.25,535691.569,12940.82,-1835.82,0.0,4967.0,414144.5,414144.5,305065.34,BREDA EXPRESS SL_resum
2016-01-01,26312.34,14229.37,344112.58,35129.16,38331.78,316756.67,0.0,207531.84,14391.43,37922.22,52313.65,3271.3100000000004,196573.78,263065.159,242760.8,0.0,6015.7,2106.9500000000003,829694.8600000001,7979.87,833555.54,0.0,13.7,209189.31,12649.71,195375.39,316756.67,8.0,-221724.42,1164.21,133309.43,227936.0,478876.649,14289.39,235405.63,40601.73,249635.0,0.0,31920.22,23940.35,37922.22,516798.87,23940.35,-6002.0,0.0,104870.72,553301.89,553301.89,291179.4,BREDA EXPRESS SL_resum
2017-01-01,22554.63,11910.48,466195.63,35129.16,77953.55,418700.39,0.0,283271.14,43792.3,46741.01,90533.31,0.0,271360.66,297226.41000000003,280925.89,0.0,2001.61,1998.05,1042523.3,10589.07,1042811.25,0.0,10.92,153790.02,8205.218,144420.59,418700.39,9.0,-252651.66,1164.21,182924.49,262097.25,577369.8500000001,4459.04,283835.08900000004,27013.67,295745.57,0.0,44750.32,34161.25,46741.01,624110.8600000001,34161.25,-1990.689,0.0,151732.19,619985.65,619985.65,371466.56,BREDA EXPRESS SL_resum
2018-01-01,12717.41,20967.09,381668.84,35129.16,79111.65000000001,285756.15,0.0,274908.35,32820.98,61930.87,94751.85,0.0,253941.259,343517.08,269333.38,0.0,1268.89,1268.89,912077.31,14371.31,924192.31,0.0,0.0,151692.53,8205.218,142323.1,285756.15,12.0,-274350.93000000005,1164.21,106760.489,308387.92000000004,576505.2899999999,3270.04,152889.75,15987.45,173856.84,0.0,60661.98,46290.67,61930.87,638436.16,46290.67,-1268.89,0.0,74602.98,533361.37,533361.37,364085.23,BREDA EXPRESS SL_resum
2019-01-01,13594.41,9043.65,372537.04,35129.16,56831.27,170101.47,0.0,218693.71,32919.98,33004.23,65924.20999999999,0.0,209650.06,367428.37,217456.37,0.0,1122.51,1122.51,661221.66,7970.429999999999,688519.7799999999,0.0,0.0,121272.55,8205.218,111903.12,170101.47,10.333333333333334,-235037.73,1164.21,153843.33,332299.20900000003,485414.079,3270.04,100473.12,16864.45,109516.77,0.0,31881.72,23911.29,33004.23,518418.31,23911.29,-1122.51,0.0,98133.56,493809.59,493809.59,283380.58,BREDA EXPRESS SL_resum
2020-01-01,78486.47,3176.1,389282.05,19821.38,34160.09,75940.86,0.0,206440.25,22319.960000000003,16326.39,38646.350000000006,0.0,203264.15,319268.5,149055.9,0.0,1048.8,1048.8,474658.38,3437.46,474658.38,0.0,0.0,118422.84,16105.22,101153.41,75940.86,8.666666666666666,-211015.27,1164.21,182841.8,299447.12,382391.13,2575.9300000000003,104197.89,81062.4,107373.99,0.0,15277.59,11840.13,16326.39,398717.52,11840.13,-1048.8,0.0,126289.26,507704.89,507704.89,187702.249,BREDA EXPRESS SL_resum
2021-01-01,108410.81,5577.6900000000005,380377.95,19052.09,37650.82,59351.22,48750.0,222255.01,22762.56,21583.12,44345.68,11816.56,228493.88,333387.47000000003,196617.26,0.0,2136.99,2136.99,493097.24,4568.06,493097.24,0.0,10.19,168483.97,16105.22,151214.54,59351.22,7.0,-192783.08,1164.21,146306.379,314335.38,412162.9,5899.78,46836.17,114310.59,101163.86,0.0,19456.32,14888.259,21583.12,433746.02,14888.259,-2126.799,0.0,82832.82,548861.92,548861.92,240973.13,BREDA EXPRESS SL_resum
2022-01-01,98986.06,1119.92,458676.39,19821.38,89627.54,148223.01,48750.0,270670.35,44161.97,62383.92,106545.89,2970.8700000000003,272521.3,378853.04,224539.67,0.0,2263.12,2263.12,690077.69,14659.19,696439.669,0.0,3.96,148357.24000000002,14525.22,113200.81,148223.01,8.0,-217131.1,20631.21,185035.169,359031.66,485832.74,4592.320000000001,74732.29,103578.38,124602.21,0.0,60124.76,45465.57,62383.92,548216.659,45465.57,-2259.16,0.0,129352.83,607033.63,607033.63,331089.52,BREDA EXPRESS SL_resum
2023-01-01,91061.2,1119.92,478075.27,19821.38,87191.73,125294.86,55357.34,272577.9,37621.45,65813.19,103434.64,33605.759999999995,306183.66,428423.32,269587.22000000003,0.0,2794.26,2794.26,676287.12,13448.65,676487.12,0.0,0.0,141449.94,9726.44,111092.29,125294.86,6.0,-178170.4,20631.21,171891.61000000002,408601.9390000001,485379.07,3308.05,41375.3,94369.25,96732.64,0.0,63018.93,49570.28,65813.19,551192.26,49570.28,-2794.26,0.0,115902.47,619525.21,619525.21,373021.86,BREDA EXPRESS SL_resum
