Año,Acreedores a L. P.,Acreedores comerciales,Activo circulante,Capital suscrito,Cash flow,Consumo de mercaderías y de materias,Deudas financieras,Deudores,Dotaciones para amortiz. de inmovil.,EBIT,EBITDA,Existencias,Fondo de maniobra,Fondos propios,Gastos de personal,Gastos extraordinarios,Gastos financieros,Gastos financieros y gastos asimilados,Importe neto Cifra de Ventas,Impuestos sobre sociedades,Ingresos de explotación,Ingresos extraordinarios,Ingresos financieros,Inmovilizado,Inmovilizado inmaterial,Inmovilizado material,Materiales,Número empleados,Otros Conceptos de Explotación,Otros activos fijos,Otros activos líquidos,Otros fondos propios,Otros gastos de explotación,Otros pasivos fijos,Otros pasivos líquidos,Pasivo fijo,Pasivo líquido,Provisiones,Result. ordinarios antes Impuestos,Resultado Actividades Ordinarias,Resultado Explotación,Resultado bruto,Resultado del Ejercicio,Resultado financiero,Resultados actividades extraordinarias,Tesorería,Total activo,Total pasivo y capital propio,Valor agregado,Empresa
1999-01-01,127016.16,727204.0,999554.14,180303.63,45943.75,2962375.0,0.0,432343.45,13537.92,50363.32,63901.24,552977.7799999999,985321.23,414073.23,135311.4,0.0,33188.738999999994,33115.78,1904655.79,17449.29,1929496.7,413.17,32267.39,134968.16,2742.32,127335.3,1609076.9,7.0,-526871.01,7632.860000000001,14232.909,233769.599,1295363.6,0.0,593432.91,127016.16,593432.91,0.0,49441.96,31992.67,50363.32,1519097.1790000002,32405.83,-921.36,413.17,14232.92,1134522.3,1134522.3,231820.22,CABER FERRETERIA SOCIEDAD ANONIMA_resum
2000-01-01,100877.66,727204.0,1084710.8,180303.63,51382.21,2962375.0,0.0,467833.83,14030.38,58449.57,72479.95,601029.2699999999,1068863.1,451425.06,192276.44,0.0,36066.33,36066.33,2180456.05,20766.56,2206982.15,0.0,35735.15,125208.33,2742.32,117575.48,1808888.32,9.0,-526871.01,7632.85,15847.7,271121.43000000005,1295363.6,0.0,657616.42,100877.66,657616.42,0.0,58118.39,37351.83,58449.57,1519097.1790000002,37351.83,-331.18,0.0,15847.7,1209919.14,1209919.14,300491.54,CABER FERRETERIA SOCIEDAD ANONIMA_resum
2001-01-01,159657.08666666667,727204.0,1216711.58,180303.63,43614.41,2962375.0,0.0,473700.89,8609.369999999999,57650.71,66260.08,723372.87,1197073.76,486430.1,228212.54,0.0,35158.310000000005,35016.06,2395026.17,19779.39,2422348.03,0.0,32292.03,122210.62,2742.32,111835.45,1988088.82,12.0,-526871.01,7632.849,19637.82,306126.47000000003,1295363.6,0.0,852492.1,159657.08666666667,852492.1,0.0,54784.43,35005.04,57650.71,1519097.1790000002,35005.04,-2866.28,0.0,19637.82,1338922.2,1338922.2,326622.4,CABER FERRETERIA SOCIEDAD ANONIMA_resum
2002-01-01,218436.51333333334,727204.0,1320485.41,180303.63,61090.02,2962375.0,0.0,579966.0,10488.7,76369.26,86857.959,733624.56,1313590.56,537031.4400000001,218330.89,2337.19,31766.0,31766.0,2718759.62,21798.71,2746901.08,3.55,30130.41,156878.66,10566.78,149245.81,2254337.05,12.0,-526871.01,7632.85,6894.849,356727.809,1295363.6,0.0,940332.63,218436.51333333334,940332.63,0.0,74733.67000000001,52934.96,76369.26,1519097.1790000002,50601.32,-1635.59,-2333.64,6894.85,1477364.07,1477364.07,332985.62,CABER FERRETERIA SOCIEDAD ANONIMA_resum
2003-01-01,277215.94,727204.0,1380015.8,180300.0,110289.28,2962375.0,0.0,771484.9,50500.51,112370.75,162871.26,590342.3600000001,1361827.26,596820.21,241240.34,2676.9300000000003,36538.84,36538.84,3281251.66,25914.68,3312867.89,5.83,12542.64,443951.53,18391.24,417927.44,2696475.37,11.0,-526871.01,7632.85,18188.54,416520.209,1295363.6,0.0,949931.18,277215.94,949931.18,0.0,88374.55,62459.87,112370.75,1519097.1790000002,59788.77,-23996.2,-2671.1,18188.54,1823967.33,1823967.33,413983.14,CABER FERRETERIA SOCIEDAD ANONIMA_resum
2004-01-01,237118.49,727204.0,1372273.76,180300.0,141914.86,2962375.0,0.0,734171.5,124989.12,50943.13,175932.25,620207.49,1354378.99,613745.9500000001,318234.67,0.0,35939.619999999995,35939.619999999995,3320350.74,8194.62,3359443.75,3689.1,6427.75,749417.6,18246.31,723538.4400000001,2565541.38,12.0,-526871.01,7632.849,17894.77,433445.949,1295363.6,0.0,1270826.92,237118.49,1270826.92,0.0,21431.26,13236.639,50943.13,1519097.1790000002,16925.74,-29511.87,3689.1,17894.77,2121691.359,2121691.359,504283.769,CABER FERRETERIA SOCIEDAD ANONIMA_resum
2005-01-01,304949.68,727204.0,1657333.6900000002,180300.0,147335.46,2962375.0,0.0,770436.8500000001,141780.37999999998,39862.28,181642.66,821008.99,1591445.8390000002,619301.03,390278.28,0.0,40895.880000000005,40895.880000000005,3842910.23,1440.02,3880440.42,123.81,7904.89,1054760.59,15083.86,1024745.9,2932336.64,13.0,-526871.01,14930.83,65887.849,439001.03,1295363.6,0.0,1787843.57,304949.68,1787843.57,0.0,6871.29,5431.27,39862.28,1519097.1790000002,5555.08,-32990.989,123.81,65887.85,2712094.2800000003,2712094.2800000003,579949.64,CABER FERRETERIA SOCIEDAD ANONIMA_resum
2006-01-01,239183.805,727204.0,1693912.98,180300.0,176993.3,2962375.0,0.0,903124.17,136914.0,170958.2,307872.2,785521.99,1688646.16,659380.3300000001,455195.44,68021.83,53323.32,53323.32,4521054.649999999,17176.85,4561580.53,0.0,7643.1,1063488.57,16043.52,1032514.22,3387024.47,18.0,-526871.01,14930.83,5266.819,479080.329,1295363.6,0.0,2098021.22,239183.805,2098021.22,0.0,125277.98,108101.13,170958.2,1519097.1790000002,40079.3,-45680.22,-68021.83,5266.820000000001,2757401.55,2757401.55,702688.91,CABER FERRETERIA SOCIEDAD ANONIMA_resum
2007-01-01,173417.93,727204.0,1023238.05,180300.0,322540.699,2962375.0,0.0,57688.91,140393.36,312614.9,453008.26,788642.42,846331.3300000001,841527.6699999999,506905.15,3753.52,71933.89,71933.89,4860118.609999999,69477.25,4903114.13,2305.3500000000004,12391.75,1056047.22,12862.8,1028253.59,3503837.75,19.0,-526871.01,14930.829,176906.72,661227.6699999999,1295363.6,0.0,1064339.6690000002,173417.93,1064339.6690000002,0.0,253072.76,183595.51,312614.9,1519097.1790000002,182147.34,-59542.14,-1448.1699999999998,176906.72,2079285.27,2079285.27,970856.99,CABER FERRETERIA SOCIEDAD ANONIMA_resum
2008-01-01,234472.57,727204.0,1002473.72,180300.0,270383.63,2962375.0,0.0,126703.56,147294.94,223733.58,371028.52,785434.64,184934.199,964612.73,621197.65,0.0,66677.67000000001,66677.67000000001,4428729.18,44166.41,4481472.18,0.0,10199.19,1101197.05,11973.41,1044992.81,2962375.0,19.0,-526871.01,44230.83,90335.52,784312.73,1295363.6,0.0,177381.47,234472.57,904585.47,0.0,167255.1,123088.69,223733.58,1519097.1790000002,123088.69,-56478.479,0.0,90335.52,2103670.77,2103670.77,1002425.36,CABER FERRETERIA SOCIEDAD ANONIMA_resum
2009-01-01,731529.74,582624.92,1217088.92,180300.0,25685.08,2014884.63,0.0,373503.0,137998.2,-74847.6,63150.6,812378.57,603256.649,852299.61,576613.4,0.0,47303.06,47303.06,3132128.96,38100.28857142857,3185513.4,0.0,9837.54,1039534.2,11447.92,970855.45,2014884.63,18.0,-530864.7699999999,57230.83,31207.35,671999.61,1245476.3690000002,0.0,90168.85,731529.74,672793.7699999999,0.0,-112313.12,-112313.12,-74847.6,1170628.77,-112313.12,-37465.52,0.0,31207.35,2256623.12,2256623.12,649601.54,CABER FERRETERIA SOCIEDAD ANONIMA_resum
2010-01-01,463687.53,544600.08,1323458.1900000002,484345.9,156229.89899999998,1766496.08,0.0,297233.56,131944.98899999997,50027.67,181972.659,994533.57,747167.049,1180630.42,537439.64,0.0,30724.72,30724.72,2918996.23,32034.167142857143,2962685.489,0.0,4981.96,948960.84,10705.94,881024.07,1766496.08,18.0,-476777.11,57230.83,31691.06,696284.52,1146161.739,0.0,83501.0,463687.53,628101.08,0.0,24284.91,24284.91,50027.67,1196189.409,24284.91,-25742.76,0.0,31691.06,2272419.03,2272419.03,724394.259,CABER FERRETERIA SOCIEDAD ANONIMA_resum
2011-01-01,586215.5,280416.48000000004,1365672.32,517641.3,133181.4,1585975.8,0.0,122914.98,131106.25,22745.73,153851.97999999998,1207211.66,1049710.1590000002,1241318.77,480126.78,0.0,25848.8,25848.8,2630250.25,25968.045714285716,2671077.86,0.0,5178.22,817854.59,10431.31,750192.4500000001,1585975.8,16.0,-451123.3,57230.83,35545.68,723677.47,1062356.33,0.0,75576.16,586215.5,355992.64,0.0,2075.15,2075.15,22745.73,1085102.059,2075.15,-20670.579,0.0,35545.68,2183526.91,2183526.91,639156.98,CABER FERRETERIA SOCIEDAD ANONIMA_resum
2012-01-01,716080.58,244127.67,1521706.3,517641.3,120166.769,1582647.05,0.0,132795.28,113719.51,31946.45,145665.96,1383211.66,1271879.27,1247766.03,473510.98,0.0,25499.19,25499.19,2597268.62,19901.924285714285,2644901.99,0.0,0.0,760396.4500000001,-4860.635,703165.62,1582647.05,15.0,-443078.0,57230.83,5699.360000000001,730124.73,1030308.49,0.0,74128.47,716080.58,318256.14,0.0,6447.26,6447.26,31946.45,1062254.94,6447.26,-25499.19,0.0,5699.360000000001,2282102.75,2282102.75,619176.9400000001,CABER FERRETERIA SOCIEDAD ANONIMA_resum
2013-01-01,939023.54,225049.96,1865325.41,517641.3,104682.02,1171760.77,0.0,176515.54,92598.13,33135.66,125733.79,1682698.26,1634163.84,1259849.92,496316.39,0.0,25510.11,25510.11,2217800.05,13835.802857142855,2269741.219,0.0,4458.34,661842.9500000001,-20152.58,631264.7,1171760.77,13.0,-475930.269,50730.83,6111.610000000001,742208.62,1064844.789,0.0,103244.94,939023.54,328294.9,0.0,12083.89,12083.89,33135.66,1097980.449,12083.89,-21051.77,0.0,6111.610000000001,2527168.36,2527168.36,626508.52,CABER FERRETERIA SOCIEDAD ANONIMA_resum
2014-01-01,527334.31,419853.32,2161949.01,517641.3,99454.25,1575098.59,236438.95,422992.74,77428.28,61276.07,138704.34999999998,1738956.27,1742095.6890000002,1281875.89,485722.89,0.0,41624.49,41624.49,2561111.09,7769.681428571428,2612349.67,0.0,2374.3900000000003,584414.6699999999,-11269.920166666669,533683.839,1575098.59,13.0,-412823.84,50730.83,10043.516666666666,764234.59,975975.01,0.0,280861.20900000003,527334.31,937153.48,0.0,22025.97,22025.97,61276.07,1037251.079,22025.97,-39250.1,0.0,10043.516666666666,2746363.68,2746363.68,626801.63,CABER FERRETERIA SOCIEDAD ANONIMA_resum
2015-01-01,422758.09,438540.24,1890106.08,517641.3,114641.41,1768798.51,201.92,225676.11,63025.56,71976.22,135001.78,1664429.97,1451565.84,1333491.74,499325.39,0.0,20912.05,20912.05,2750148.25,1703.56,2800649.33,0.0,2255.24,529889.11,-2387.2603333333354,479158.28,1768798.51,14.0,-397523.65,50730.83,13975.423333333332,815850.4400000001,959874.6,0.0,225003.199,422758.09,663745.3600000001,0.0,53319.41,51615.850000000006,71976.22,1031850.82,51615.850000000006,-18656.809,0.0,13975.423333333332,2419995.19,2419995.19,636582.41,CABER FERRETERIA SOCIEDAD ANONIMA_resum
2016-01-01,332612.17,447415.94,1864710.62,517641.3,177907.64,1992259.39,201.92,209582.04,61595.84,162094.47,223690.31,1637221.25,1399387.35,1449803.54,525495.6799999999,0.0,11465.4,11465.4,3086009.24,37373.7,3135829.0,0.0,3056.4300000000003,540891.89,6495.3994999999995,490161.06,1992259.39,15.0,-394383.62,50730.83,17907.329999999998,932162.24,981475.14,0.0,175568.94,332612.17,623186.8,0.0,153685.5,116311.8,162094.47,1143569.61,116311.8,-8408.97,0.0,17907.329999999998,2405602.51,2405602.51,752242.42,CABER FERRETERIA SOCIEDAD ANONIMA_resum
2017-01-01,229652.49,503907.75,2054222.45,517641.3,197579.209,2294383.22,126044.59,321484.93000000005,57649.2,194298.53,251947.729,1658808.38,1476385.559,1589733.55,556402.8,0.0,9997.12,9997.12,3463386.89,46455.28999999999,3513620.34,0.0,2083.889,543869.1699999999,15378.05933333333,493138.34,2294383.22,16.0,-410886.589,50730.83,73929.14,1072092.25,1024938.59,0.0,148753.24000000002,229652.49,778705.58,0.0,186385.3,139930.009,194298.53,1219237.12,139930.009,-7913.231,0.0,28929.14,2598091.62,2598091.62,810434.42,CABER FERRETERIA SOCIEDAD ANONIMA_resum
2018-01-01,125817.95,519035.3,2088715.37,517641.3,230651.02,2551674.27,5029.49,209834.08,54667.75,243948.34,298616.08900000004,1664965.66,1355764.44,1765716.82,590108.24,0.0,11982.02,11982.02,3862559.52,58661.09,3916024.68,0.0,2678.04,506403.61,24260.719166666662,455672.78,2551674.27,17.0,-475626.08,50730.83,213915.63,1248075.52,1120402.07,0.0,179519.419,125817.95,703584.21,0.0,234644.36,175983.27000000002,243948.34,1364350.41,175983.27000000002,-9303.98,0.0,213915.63,2595118.98,2595118.98,891402.37,CABER FERRETERIA SOCIEDAD ANONIMA_resum
2019-01-01,21047.57,494727.4900000001,2426558.32,517641.3,277764.89,2503255.65,155498.05,377557.0,47676.74,316637.18,364313.92,1578851.33,1461680.84,1995804.97,654782.93,0.0,9852.98,9852.98,3952546.15,76696.05,4009005.54,0.0,0.0,492401.87,33143.379,408527.66,2503255.65,19.0,-486653.04,50730.83,470149.9900000001,1478163.6700000002,1189112.71,0.0,251882.11,21047.57,902107.65,0.0,306784.2,230088.15,316637.18,1505749.89,230088.15,-9852.98,0.0,470149.9900000001,2918960.19,2918960.19,1019096.85,CABER FERRETERIA SOCIEDAD ANONIMA_resum
2020-01-01,22.86,611931.11,2698967.69,517641.3,383435.35,2386731.97,201.92,275605.08,66089.97,428406.91,494496.88,1512464.56,1176138.53,2313150.35,673141.4400000001,0.0,7706.76,7706.76,3996806.19,105979.45,4049726.78,0.0,2624.68,513914.88,19283.38,437900.67,2386731.97,19.0,-495356.4900000001,56730.83,910898.05,1795509.05,1234587.9,0.0,287576.33,22.86,899709.3600000001,0.0,423324.83,317345.38,428406.91,1662994.809,317345.38,-5082.08,0.0,910898.05,3212882.57,3212882.57,1170263.0,CABER FERRETERIA SOCIEDAD ANONIMA_resum
2021-01-01,22.86,713774.09,2944418.19,517641.3,426233.32,2702256.15,201.92,352345.82,72209.54,476224.17,548433.71,1723476.36,1362048.09,2667219.89,729949.89,0.0,6997.51,6997.51,4463274.48,117486.6,4516056.42,0.0,2283.72,621947.3,5423.38,559793.09,2702256.15,19.0,-535416.6699999999,56730.83,868596.01,2149578.59,1337576.1,0.0,185169.59,22.86,899145.6,0.0,471510.38,354023.78,476224.17,1813800.27,354023.78,-4713.79,0.0,868596.01,3566365.49,3566365.49,1280667.32,CABER FERRETERIA SOCIEDAD ANONIMA_resum
2022-01-01,22.86,710649.8600000001,2959567.76,517641.3,236572.229,2995886.95,310963.82,397239.33,97342.52,161592.81999999998,258935.34,2498296.61,2184886.08,2606449.6,1125649.11,0.0,10717.1,10717.1,5033394.06,46409.9,5087743.618999999,0.0,34763.89,769943.2799999999,-8325.0,730037.4500000001,2995886.95,26.0,-707272.22,48230.83,64031.82,2088808.3,1930263.85,0.0,101447.759,22.86,1123061.44,0.0,185639.61,139229.71000000002,161592.81999999998,2091856.669,139229.71000000002,24046.79,0.0,64031.82,3729511.04,3729511.04,1419348.34,CABER FERRETERIA SOCIEDAD ANONIMA_resum
2023-01-01,22.86,1071507.6490000002,3428652.89,517641.3,371303.11,3874336.86,201.92,382369.21,103968.46,392837.0,496805.46,2879652.09,2190513.65,2873784.25,1403984.07,0.0,37682.880000000005,37682.880000000005,6404377.63,88294.89,6461682.54,0.0,475.42,676438.0,-24102.93,652310.1,3874336.86,29.0,-686556.15,48230.83,166631.59,2356142.95,2194508.68,0.0,159597.07,22.86,1231306.64,0.0,355629.54,267334.649,392837.0,2587345.68,267334.649,-37207.46,0.0,166631.59,4105090.89,4105090.89,1901264.95,CABER FERRETERIA SOCIEDAD ANONIMA_resum
