Año,Acreedores a L. P.,Acreedores comerciales,Activo circulante,Capital suscrito,Cash flow,Consumo de mercaderías y de materias,Deudas financieras,Deudores,Dotaciones para amortiz. de inmovil.,EBIT,EBITDA,Existencias,Fondo de maniobra,Fondos propios,Gastos de personal,Gastos extraordinarios,Gastos financieros,Gastos financieros y gastos asimilados,Importe neto Cifra de Ventas,Impuestos sobre sociedades,Ingresos de explotación,Ingresos extraordinarios,Ingresos financieros,Inmovilizado,Inmovilizado inmaterial,Inmovilizado material,Materiales,Número empleados,Otros Conceptos de Explotación,Otros activos fijos,Otros activos líquidos,Otros fondos propios,Otros gastos de explotación,Otros pasivos fijos,Otros pasivos líquidos,Pasivo fijo,Pasivo líquido,Provisiones,Result. ordinarios antes Impuestos,Resultado Actividades Ordinarias,Resultado Explotación,Resultado bruto,Resultado del Ejercicio,Resultado financiero,Resultados actividades extraordinarias,Tesorería,Total activo,Total pasivo y capital propio,Valor agregado,Empresa
1999-01-01,82137.95999999999,131077.239,145150.18,3005.06,18258.49,638701.87,0.0,80707.98,16861.59,31170.3,48031.89,49833.76,130541.739,11135.17,23362.53,22224.960000000003,6999.8,6999.8,601776.8,598.6700000000001,601776.8,0.0,50.03,13675.04,13140.72,2514.05,436216.91,1.0,-83123.83,534.3199999999999,14608.439,8130.110000000001,92034.4,0.0,65552.09,82137.95999999999,65552.09,0.0,24220.54,23621.87,31170.3,119106.109,1396.9,-6949.77,-22224.960000000003,13661.17,158825.23,158825.23,49219.49,CAN MASO-COMERCIAL DE ALIMENTACION SL_resum
2000-01-01,74914.13,131077.239,187246.33,3005.06,11599.25,638701.87,0.0,82548.69,10419.54,23952.79,34372.33,84391.95999999999,166940.65,12314.88,47233.44,16422.2,5845.29,5845.29,586124.57,505.59,586124.57,0.0,25.025000000000002,22695.4,19968.27,2514.05,405932.58,1.0,-83123.83,213.08,20305.68,9309.82,92034.4,0.0,122712.73,74914.13,122712.73,0.0,18107.5,17601.91,23952.79,119106.109,1179.71,-5845.29,-16422.2,21832.533333333333,209941.74,209941.74,65183.57,CAN MASO-COMERCIAL DE ALIMENTACION SL_resum
2001-01-01,59737.68,131077.239,180219.94,3005.06,10421.939,638701.87,0.0,86075.8,9108.81,8311.09,17419.9,92979.71,179055.51,13628.01,40188.72,0.0,6435.22,6435.22,569491.02,562.76,569491.02,0.0,0.02,16151.32,14018.07,1920.16,415367.15,1.0,-83123.83,213.089,1164.429,10622.95,92034.4,0.0,123005.57,59737.68,123005.57,0.0,1875.89,1313.13,8311.09,119106.109,1313.13,-6435.2,0.0,30003.896666666667,196371.26,196371.26,57608.64,CAN MASO-COMERCIAL DE ALIMENTACION SL_resum
2002-01-01,49685.43,131077.239,216878.78,3005.06,9945.76,638701.87,0.0,113223.56,9531.93,10761.53,20293.460000000003,64391.96,177615.52,14041.84,27304.94,0.0,10170.48,10170.48,962913.09,177.35000000000002,962913.09,0.0,0.13,16142.2,15629.11,300.0,801084.26,1.0,-83123.83,213.09,39263.26,11036.78,92034.4,0.0,169293.71000000002,49685.43,169293.71000000002,0.0,591.1800000000001,413.829,10761.53,119106.109,413.83,-10170.35,0.0,38175.26,233020.98,233020.98,47598.53,CAN MASO-COMERCIAL DE ALIMENTACION SL_resum
2003-01-01,60467.23,131077.239,170911.58,3005.06,4444.25,638701.87,0.0,117833.02,4164.35,8159.9,12324.25,50360.25,168193.27000000002,14321.740000000002,21269.6,0.0,7762.22,7762.22,409530.04,117.81,409530.04,0.0,0.03,11976.85,11763.76,5608.33,303580.21,1.0,-83123.83,213.09,2718.3100000000004,11316.68,92034.4,0.0,108099.46,60467.23,108099.46,0.0,397.71,279.9,8159.9,119106.109,279.9,-7762.19,0.0,1828.11,182888.43,182888.43,33593.880000000005,CAN MASO-COMERCIAL DE ALIMENTACION SL_resum
2004-01-01,68699.13,131077.239,158071.13,3005.06,6174.049,638701.87,0.0,121173.97,5190.820000000001,5762.3,10953.119,30523.25,151697.22,15304.97,28904.67,0.01,4374.78,4374.78,483786.52,421.39,484070.95,0.7200000000000001,16.39,6960.63,6747.54,10916.66,410809.09,2.0,-83123.83,213.09,6373.91,12299.91,92034.4,0.0,81027.66,68699.13,81027.66,0.0,1403.91,982.52,5762.3,119106.109,983.23,-4358.39,0.7100000000000001,5618.22,165031.76,165031.76,39874.89,CAN MASO-COMERCIAL DE ALIMENTACION SL_resum
2005-01-01,60384.74,131077.239,147007.6,3005.06,8642.2,638701.87,0.0,41085.51,8082.469999999999,17949.23,26031.7,18693.25,59778.76,15864.7,25661.69,4748.25,12601.49,12601.49,561556.64,239.89,561556.64,200.0,0.13,16224.99,6396.05,16224.99,449757.88,2.0,-83123.83,0.0,87228.84,12859.64,92034.4,0.0,86983.15000000001,60384.74,86983.15000000001,0.0,5347.87,5107.98,17949.23,119106.109,559.73,-12601.36,-4548.25,87228.84,163232.59,163232.59,47145.27,CAN MASO-COMERCIAL DE ALIMENTACION SL_resum
2006-01-01,357600.0,131077.239,464399.93000000005,3005.06,3370.8190000000004,638701.87,0.0,177263.55,2888.18,20350.31,23238.49,45731.76,222995.31,16347.34,28701.43,3005.3300000000004,17134.89,17134.89,625097.8400000001,206.85,625097.8400000001,436.31,43.09,13336.81,6044.5599999999995,13336.81,515739.77,2.0,-83123.83,0.0,241404.62,13342.28,92034.4,0.0,103789.4,357600.0,103789.4,0.0,3258.51,3051.66,20350.31,119106.109,482.64,-17091.8,-2569.02,241404.62,477736.74,477736.74,49413.99,CAN MASO-COMERCIAL DE ALIMENTACION SL_resum
2007-01-01,360000.0,131077.239,479326.37,3005.06,4493.04,638701.87,0.0,106042.03,3029.44,34877.4,37906.84,149493.25,255535.28,17810.940000000002,23493.03,6261.120000000001,27439.26,27439.26,699500.15,487.87,699500.15,743.4399999999999,31.01,13448.52,5693.07,13448.52,430269.17,2.0,-83123.83,0.0,223791.09,14805.88,92034.4,0.0,114963.95,360000.0,114963.95,0.0,7469.150000000001,6981.28,34877.4,119106.109,1463.6,-27408.25,-5517.68,223791.09,492774.89,492774.89,55913.2,CAN MASO-COMERCIAL DE ALIMENTACION SL_resum
2008-01-01,360000.0,131077.239,502879.96,3005.06,4835.120000000001,638701.87,0.0,86771.87000000001,3525.54,27071.71,30597.25,114527.77,70222.401,19120.52,5385.03,0.0,25331.86,25331.86,757807.98,436.53,757807.98,0.0,6.26,10839.36,5341.58,10839.36,638701.87,1.0,-83123.83,3.848,301580.32,16115.46,92034.4,0.0,3521.56,360000.0,134598.8,0.0,1746.11,1309.58,27071.71,119106.109,1309.58,-25325.6,0.0,11580.32,513719.32,513719.32,35988.54,CAN MASO-COMERCIAL DE ALIMENTACION SL_resum
2009-01-01,353180.99000000005,111049.39,481217.27,3005.06,4495.639,662318.91,0.0,98286.05,3664.02,29352.41,33016.43,87980.51,75217.17000000001,19952.14,5086.2,0.0,28302.34,28302.34,821744.38,277.21,821762.65,0.0,58.760000000000005,8801.75,4990.09,8801.75,662318.91,1.0,-121341.11,7.696,294950.71,16947.078999999998,130091.33,0.0,5836.5,353180.99000000005,116885.89,0.0,1108.83,831.619,29352.41,159443.74000000002,831.619,-28243.58,0.0,5041.44,490019.02,490019.02,38161.39,CAN MASO-COMERCIAL DE ALIMENTACION SL_resum
2010-01-01,341685.41000000003,115248.87,474163.03,3005.06,5975.83,686171.63,0.0,84432.15000000001,3981.91,22124.37,26106.28,72318.69,41501.97,21946.06,25688.2,0.0,19468.89,19468.89,836439.81,664.64,837296.48,0.0,3.08,11923.79,4638.6,11923.79,686171.63,2.0,-99330.37,11.544,317412.19,18941.0,129000.48,0.0,7206.48,341685.41000000003,122455.35,0.0,2658.56,1993.92,22124.37,151124.84999999998,1993.92,-19465.809,0.0,9794.0,486086.82,486086.82,51797.56,CAN MASO-COMERCIAL DE ALIMENTACION SL_resum
2011-01-01,329288.1,154923.86,514401.75,3005.06,6947.92,790229.14,0.0,81965.5,3943.65,25185.55,29129.2,118713.36,45755.0,24950.33,26501.04,0.0,21182.02,21182.02,1006038.44,1001.43,1006178.259,0.0,2.17,7838.469999999999,4287.11,7838.469999999999,790229.14,2.0,-160318.87999999998,15.392,313722.89,21945.27,190763.57,0.0,13077.93,329288.1,168001.79,0.0,4005.7,3004.27,25185.55,215949.119,3004.27,-21179.85,0.0,14345.56,522240.22,522240.22,55632.41,CAN MASO-COMERCIAL DE ALIMENTACION SL_resum
2012-01-01,341672.66,138840.24000000002,506951.24,3005.06,5351.360000000001,859243.97,0.0,80815.31,2452.22,25888.5,28340.72,136325.29,78300.36,27849.47,26501.04,0.0,22023.18,22023.18,1088885.52,966.38,1089542.32,0.0,0.2,15850.25,3935.62,11914.63,859243.97,2.0,-175456.59,19.24,289810.64,24844.41,204409.85,0.0,14439.12,341672.66,153279.36,0.0,3865.52,2899.14,25888.5,230298.35,2899.14,-22022.980000000003,0.0,8298.43,522801.4900000001,522801.4900000001,54841.96,CAN MASO-COMERCIAL DE ALIMENTACION SL_resum
2013-01-01,320725.64,143041.49,501492.82,3005.06,9912.96,857318.2899999999,1985.94,76754.29,4222.55,32949.42,37171.97,108326.63,42039.429,33539.879,30789.32,0.0,25362.22,25362.22,1043981.93,1896.8,1043982.37,0.0,0.01,11627.7,2874.3700000000003,8753.33,857318.2899999999,2.0,-118702.79,23.088,316411.9,30534.82,153714.659,0.0,13827.57,320725.64,158855.0,0.0,7587.21,5690.41,32949.42,186664.079,5690.41,-25362.21,0.0,27894.5,513120.52,513120.52,67961.3,CAN MASO-COMERCIAL DE ALIMENTACION SL_resum
2014-01-01,301972.97000000003,145667.54,504094.61,3005.06,7071.01,855665.23,11673.67,45959.810000000005,4111.49,17752.649999999998,21864.14,110366.21,10658.48,36499.4,33329.8,0.0,13809.31,13809.31,1028010.26,986.51,1028045.8,0.0,2.69,7901.21,1813.12,6088.09,857665.23,2.0,-117186.63,26.936,347768.58900000004,33494.339,154627.919,0.0,16182.240000000002,301972.97000000003,173523.44999999998,0.0,3946.03,2959.52,17752.649999999998,172380.57,2959.52,-13806.619,0.0,27726.42,511995.82,511995.82,55196.63,CAN MASO-COMERCIAL DE ALIMENTACION SL_resum
2015-01-01,272030.8,147480.33,472091.19,3005.06,8853.57,900976.48,20939.460000000003,42080.1,5104.6,17991.27,23095.87,82156.20999999999,-23244.019,40248.37,32465.22,0.0,13031.72,13031.72,1078712.79,1249.66,1078713.52,0.0,39.08,21954.19,751.87,21202.32,900976.48,2.5,-122175.95,30.784,347854.88,37243.309,159745.77000000002,0.0,13346.42,272030.8,181766.21,0.0,4998.63,3748.97,17991.27,177737.04,3748.97,-12992.64,0.0,14164.15,494045.38,494045.38,55600.17,CAN MASO-COMERCIAL DE ALIMENTACION SL_resum
2016-01-01,246444.67,234158.83,540012.4,3005.06,9819.7,938203.01,22388.78,82601.40999999999,6084.110000000001,15702.26,21786.37,95356.21,-56201.209,43983.96,64872.56,0.0,11360.22,11360.22,1143814.27,1282.51,1143844.02,0.0,676.06,32059.34,874.0775,32059.34,938203.01,3.0,-118982.08,34.632,362054.779,40978.899,189938.749,0.0,25095.5,246444.67,281643.11,0.0,5018.1,3735.59,15702.26,205641.01,3735.59,-10684.16,0.0,28129.85,572071.74,572071.74,87334.98999999999,CAN MASO-COMERCIAL DE ALIMENTACION SL_resum
2017-01-01,229370.02,219312.38,495532.26,3005.06,11728.96,1514319.61,20504.47,44969.18,8323.42,15081.93,23405.35,105386.21,-68956.989,47389.5,127320.6,0.0,11195.78,11195.78,1803243.95,1187.0,1803247.95,0.0,706.39,41732.49,996.2850000000001,41694.01,1514319.61,4.0,-138202.38999999998,38.48,345176.87,44384.44,273846.41000000003,0.0,20688.38,229370.02,260505.23,0.0,4592.54,3405.54,15081.93,288928.33900000004,3405.54,-10489.39,0.0,33174.92,537264.75,537264.75,151432.34,CAN MASO-COMERCIAL DE ALIMENTACION SL_resum
2018-01-01,254649.69,232354.38,562715.9500000001,3005.06,18179.47,1299599.94,83805.08,87325.18000000001,13914.14,17227.88,31142.02,115586.21,-29442.989,51654.83,126154.41,0.0,12083.31,12083.31,1612656.15,1422.43,1612796.549,0.0,543.19,86114.73999999999,1118.4925,84022.54,1299599.94,5.0,-155900.18,2092.199,359804.56,48649.77,295968.73000000004,0.0,26366.71,254649.69,342526.17,0.0,5687.76,4265.33,17227.88,313196.609,4265.33,-11540.119,0.0,20314.15,648830.69,648830.69,157839.62,CAN MASO-COMERCIAL DE ALIMENTACION SL_resum
2019-01-01,212915.7,224211.12,584981.06,3005.06,22982.16,1599691.48,135570.919,157496.3,17625.27,22177.480000000003,39802.75,119047.21,52332.39,57011.72,151193.49,0.0,15245.89,15245.89,2000490.21,1785.63,2002505.08,0.0,210.93,76004.95999999999,1240.7,72672.06,1599691.48,5.0,-211817.36,2092.199,308437.55,54006.659,380636.12,0.0,31276.56,212915.7,391058.6,0.0,7142.52,5356.89,22177.480000000003,402813.6,5356.89,-15034.96,0.0,13046.19,660986.02,660986.02,191207.169,CAN MASO-COMERCIAL DE ALIMENTACION SL_resum
2020-01-01,289606.75,219655.04,617255.4,3005.06,28401.92,1480825.59,83390.17000000001,164541.34,18967.27,28021.49,46988.76,118597.57,63483.87,66446.369,123031.31,0.0,15465.46,15465.46,1840391.99,3144.88,1840391.99,0.0,23.5,73606.69,1453.65,70060.84,1480825.59,6.0,-189546.33,2092.199,334116.49000000005,63441.310000000005,331544.91000000003,0.0,31763.76,289606.75,334808.97000000003,0.0,12579.53,9434.65,28021.49,359566.39900000003,9434.65,-15441.96,0.0,27685.94,690862.09,690862.09,170043.569,CAN MASO-COMERCIAL DE ALIMENTACION SL_resum
2021-01-01,236016.25,336754.82,675411.39,3005.06,35741.53,1985785.73,55396.69,166292.04,20519.35,33124.07,53643.42,125174.1,-45288.679,81668.55,191924.99,0.0,12827.83,12827.83,2438964.99,5074.06,2449980.48,0.0,0.0,76833.93,10798.31,63943.42,1985785.73,7.0,-218626.34,2092.199,383945.25,78663.489,431070.68,0.0,42409.01,236016.25,434560.52,0.0,20296.24,15222.18,33124.07,464194.75,15222.18,-12827.83,0.0,69316.73,752245.3200000001,752245.3200000001,245568.409,CAN MASO-COMERCIAL DE ALIMENTACION SL_resum
2022-01-01,210158.08,668184.99,933126.73,3005.06,47877.18,3010168.26,128554.48,258978.15,32473.91,32436.25,64910.16,301940.18,-107266.66,97071.82,276263.92000000004,0.0,13629.51,13629.51,3650566.98,5881.22,3653154.94,0.0,2477.75,239185.7,24163.81,110999.58,3010168.26,9.0,-301812.6,104022.31,372208.399,94066.76,610550.429,0.0,68343.06,210158.08,865082.53,0.0,21284.49,15403.27,32436.25,642986.6799999999,15403.27,-11151.76,0.0,55922.55,1172312.43,1172312.43,343651.829,CAN MASO-COMERCIAL DE ALIMENTACION SL_resum
2023-01-01,157990.25,614677.55,1066471.08,3005.06,69156.18000000001,3439795.04,177704.09,305652.65,30693.25,74803.39,105496.64,399337.21,90312.31,135534.75,311024.62,0.0,25497.1,25497.1,4294267.149999999,13244.37,4294909.29,0.0,2401.01,109838.31,17529.309999999998,88216.8,3439795.04,10.0,-438592.9900000001,4092.2,361481.22,132529.69,780310.8600000001,0.0,90402.75,157990.25,882784.39,0.0,51707.3,38462.93,74803.39,855114.25,38462.93,-23096.089,0.0,49766.4,1176309.39,1176309.39,418922.269,CAN MASO-COMERCIAL DE ALIMENTACION SL_resum
