Año,Acreedores a L. P.,Acreedores comerciales,Activo circulante,Capital suscrito,Cash flow,Consumo de mercaderías y de materias,Deudas financieras,Deudores,Dotaciones para amortiz. de inmovil.,EBIT,EBITDA,Existencias,Fondo de maniobra,Fondos propios,Gastos de personal,Gastos extraordinarios,Gastos financieros,Gastos financieros y gastos asimilados,Importe neto Cifra de Ventas,Impuestos sobre sociedades,Ingresos de explotación,Ingresos extraordinarios,Ingresos financieros,Inmovilizado,Inmovilizado inmaterial,Inmovilizado material,Materiales,Número empleados,Otros Conceptos de Explotación,Otros activos fijos,Otros activos líquidos,Otros fondos propios,Otros gastos de explotación,Otros pasivos fijos,Otros pasivos líquidos,Pasivo fijo,Pasivo líquido,Provisiones,Result. ordinarios antes Impuestos,Resultado Actividades Ordinarias,Resultado Explotación,Resultado bruto,Resultado del Ejercicio,Resultado financiero,Resultados actividades extraordinarias,Tesorería,Total activo,Total pasivo y capital propio,Valor agregado,Empresa
1999-01-01,328977.67,867913.49,321615.73000000004,60101.21,122697.12,1864326.86,0.0,266218.09,104850.34,43240.8,148091.14,6010.120000000001,266218.09,50336.04,262032.44,0.0,33276.33,33276.33,1113459.37,8944.59,1114295.35,15411.9,1415.01,395954.18,330397.77,20045.13,321883.84,12.0,-278405.13,45511.279,55397.639,-9765.169,763321.2,0.0,338256.199,328977.67,338256.199,0.0,11379.47,2434.8790000000004,43240.8,800323.9789999999,17846.780000000002,-31861.32,15411.9,25914.59,717569.91,717569.91,426950.48,CARGO TP ADVANCE SL._resum
2000-01-01,320517.46,867913.49,409083.41,60101.21,155898.78,1864326.86,0.0,327499.78,121086.58,70767.1,191853.68,6010.120000000001,327499.78,85148.23999999999,307921.29000000004,0.0,29607.079,29561.12,1418047.54,11728.47,1418883.52,4105.75,1274.91,417969.9900000001,348961.19,23681.28,392472.01,12.0,-278405.13,45327.519,81583.63,25047.03,763321.2,0.0,421387.69,320517.46,421387.69,0.0,42434.93,30706.460000000003,70767.1,800323.9789999999,34812.2,-28332.17,4105.75,47027.349,827053.39,827053.39,505109.66,CARGO TP ADVANCE SL._resum
2001-01-01,341571.4,867913.49,527365.76,60101.21,221378.789,1864326.86,0.0,371997.14,193610.61,19549.78,213160.389,6010.120000000001,378007.26,112916.42,358748.96,3664.22,32411.33,32405.99,1693556.95,6726.44,1693556.95,49608.12,1412.27,438950.43000000005,365257.18,26444.68,775793.03,12.4,-278405.13,47248.57,149358.5,52815.21,763321.2,0.0,511828.37,341571.4,511828.37,0.0,-11449.28,-18175.72,19549.78,800323.9789999999,27768.18,-30999.06,45943.9,107269.73,966316.19,966316.19,619260.1789999999,CARGO TP ADVANCE SL._resum
2002-01-01,589915.43,867913.49,599067.98,60101.21,256771.729,1864326.86,0.0,425978.55,193168.55,34300.36,227468.909,7653.177500000001,425978.55,176519.58,330288.85,0.0,31935.54,31935.45,1774838.73,6522.46,1774838.73,66668.209,1092.61,484988.06,380418.5,21963.76,795956.61,12.8,-278405.13,82605.8,173089.43,116418.37,763321.2,0.0,317621.03,589915.43,317621.03,0.0,3457.4300000000003,-3065.03,34300.36,800323.9789999999,63603.18,-30842.93,66668.209,130881.84,1084056.04,1084056.04,625518.49,CARGO TP ADVANCE SL._resum
2003-01-01,517314.8,867913.49,673374.02,60101.21,228142.78,1864326.86,0.0,476683.63,191256.6,10657.240000000002,201913.84,9296.235,476683.63,213405.76,365884.23,18207.88,28135.489,28135.3,2018290.49,4667.969999999999,2018290.49,76181.54,1058.74,407239.94,327201.07,8550.06,959052.9,13.2,-278405.13,71488.81,196690.39,153304.55,763321.2,0.0,349893.4,517314.8,349893.4,0.0,-16419.508,-21087.478000000003,10657.240000000002,800323.9789999999,36886.18,-27076.75,57973.66,168828.53,1080613.96,1080613.96,626830.2799999999,CARGO TP ADVANCE SL._resum
2004-01-01,342677.95,867913.49,687391.039,60101.21,140126.67,1864326.86,0.0,514528.63,100027.46,-71286.75,28740.71,10939.2925,514528.63,253504.97,332805.38,7426.0,15458.6,15458.59,2125046.779,-10237.789999999999,2125046.779,133065.08,1205.48,301018.24,253213.02,403.79,1324704.05,13.6,-278405.13,47401.43,172862.409,193403.76,763321.2,0.0,392226.36,342677.95,392226.36,0.0,-85539.87000000001,-85539.87000000001,-71286.75,800323.9789999999,40099.21,-14253.12,125639.08,157383.84,988409.28,988409.28,488390.64,CARGO TP ADVANCE SL._resum
2005-01-01,195493.71,867913.49,773390.3400000001,60101.21,-19377.649,1864326.86,0.0,599346.72,40569.05,-79025.73999999999,-38456.69,12582.35,611929.07,193558.27,332710.3,140.84,11036.53,11036.41,2365250.14,-25143.55,2365250.14,3947.74,1165.12,240147.66,213047.76,6587.969999999999,1684478.51,14.0,-278405.13,27099.899,161461.27000000002,133457.06,763321.2,0.0,624486.02,195493.71,624486.02,0.0,-88897.15000000001,-63753.599,-79025.73999999999,800323.9789999999,-59946.7,-9871.41,3806.899,154651.63,1013538.0,1013538.0,299225.509,CARGO TP ADVANCE SL._resum
2006-01-01,178106.53,867913.49,760265.81,60101.21,29676.039,1864326.86,0.0,551315.61,42545.59,-21410.42,21135.17,18262.38,569577.99,180688.72,390826.32,89.55,7446.53,7437.48,2420174.2800000003,-5515.52,2420174.2800000003,10343.38,218.049,324001.16,232436.92,12772.15,1728286.57,14.0,-278405.13,78792.089,190687.82,120587.51,763321.2,0.0,725471.72,178106.53,725471.72,0.0,-28638.9,-23123.38,-21410.42,800323.9789999999,-12869.55,-7228.48,10253.83,181249.32,1084266.97,1084266.97,422424.319,CARGO TP ADVANCE SL._resum
2007-01-01,137907.88999999998,867913.49,765643.48,60101.21,94810.48,1864326.86,0.0,652844.2899999999,70130.09,10208.79,80338.88,46582.93,699427.22,205369.11,436747.87,0.0,8949.929,8948.47,2604400.18,14120.67,2611739.17,37511.8,30.4,325518.67,217201.77,35070.09,1837688.53,14.0,-278405.13,73246.81,66216.259,145267.9,763321.2,0.0,747885.15,137907.88999999998,747885.15,0.0,1289.26,-12831.41,10208.79,800323.9789999999,24680.39,-8919.53,37511.8,59417.07,1091162.15,1091162.15,554627.49,CARGO TP ADVANCE SL._resum
2008-01-01,43689.95,867913.49,925803.2,60101.21,110695.16,1864326.86,0.0,818945.8200000001,86446.98999999999,37002.78,123449.77,37907.18,-11060.489,229617.29,398469.08,0.0,4672.23,4672.23,2657501.19,8082.73,2664650.84,0.0,0.35,227586.52,114090.94,165824.87,1864326.86,13.0,-278405.13,61761.65,68950.2,169516.08,763321.2,0.0,12168.99,43689.95,880082.48,0.0,32330.9,24248.17,37002.78,800323.9789999999,24248.17,-4671.879,0.0,68950.13,1153389.72,1153389.72,521919.2,CARGO TP ADVANCE SL._resum
2009-01-01,22482.21,824556.52,942262.02,60101.21,84030.61,1620445.38,0.0,574309.02,46720.3,48946.43,95666.73,37907.18,-212340.319,266927.59900000005,373268.51,0.0,1426.62,1426.62,2339781.22,10210.5,2339781.22,0.0,1.0,187670.51,10980.11,122465.17,1620445.38,12.0,-250400.6,54225.23,330045.82,206826.39,670389.41,0.0,15966.2,22482.21,840522.72,0.0,47520.810000000005,37310.310000000005,48946.43,719335.8400000001,37310.310000000005,-1425.62,0.0,330045.75,1129932.53,1129932.53,468936.24,CARGO TP ADVANCE SL._resum
2010-01-01,426385.71,682949.76,818746.8300000001,60101.21,132235.33,1719604.98,0.0,673247.9,84943.43999999999,54372.02,139315.46,1107.1799999999998,-8594.679,314219.49000000005,396363.39,0.0,7956.160000000001,7956.160000000001,2411107.26,-876.03,2411107.26,0.0,0.0,626363.62,7350.110000000001,559151.73,1719604.98,12.0,-155823.43,59861.78,144391.75,254118.28,637130.259,0.0,21555.49,426385.71,704505.25,0.0,46415.86,47291.89,54372.02,691502.2789999999,47291.89,-7956.160000000001,0.0,144152.71000000002,1445110.45,1445110.45,535678.8500000001,CARGO TP ADVANCE SL._resum
2011-01-01,982904.61,624081.5,957185.2,60101.21,166037.879,1579521.54,0.0,711446.88,148632.61000000002,55601.69,204234.3,1107.1799999999998,88472.56,331624.76,500561.21,0.0,45112.78,45112.78,2519481.07,-2110.82,2524831.07,0.0,4805.54,1056071.57,3720.11,1044468.86,1579521.54,16.0,-240514.02,7882.6,244631.14,271523.55,889707.8400000001,0.0,74645.9,982904.61,698727.4,0.0,15294.45,17405.27,55601.69,945309.529,17405.27,-40307.24,0.0,244392.1,2013256.77,2013256.77,709601.05,CARGO TP ADVANCE SL._resum
2012-01-01,814872.7699999999,545561.16,711834.25,60101.21,54773.599,1529586.25,0.0,649428.8200000001,76749.45,26778.08,103527.53,1107.1799999999998,104974.839,309648.91000000003,563325.1,0.0,56088.0,56088.0,2446646.25,-7325.28,2446646.25,0.0,8.79,991637.19,90.11,971349.41,1529586.25,18.0,-250207.37,20197.67,61298.25,249547.699,890281.919,0.0,33388.6,814872.7699999999,578949.76,0.0,-29301.13,-21975.85,26778.08,917060.0,-21975.85,-56079.21,0.0,61298.25,1703471.44,1703471.44,666861.419,CARGO TP ADVANCE SL._resum
2013-01-01,640208.08,464489.63,608920.57,60101.21,119377.16,1504809.0,0.0,589805.7699999999,103002.4,60052.17,163054.57,1107.1799999999998,126423.32,326023.67,494038.94,0.0,46575.94,46575.94,2361225.17,5338.120000000001,2370127.77,0.0,8236.65,883296.6699999999,527.2554545454545,868437.12,1504809.0,16.0,-208225.26,14859.55,18007.62,265922.45900000003,805266.6,0.0,61495.86,640208.08,525985.49,0.0,21712.88,16374.76,60052.17,865318.7699999999,16374.76,-38339.28999999999,0.0,17912.49,1492217.24,1492217.24,665330.159,CARGO TP ADVANCE SL._resum
2014-01-01,482688.82,356926.28,542621.8600000001,60101.21,199293.919,1170339.45,0.0,541514.6799999999,182568.78,62052.04,244620.82,1107.1799999999998,185695.58,342748.81,487336.08,0.0,39760.86,39760.86,2116498.47,5575.05,2116498.47,0.0,9.01,722008.69,964.4009090909092,709365.7,1170339.45,17.0,-214202.12,12642.99,58431.035,282647.6,884106.98,0.0,82266.64,482688.82,439192.92,0.0,22300.19,16725.14,62052.04,946159.02,16725.14,-39751.850000000006,0.0,58383.47,1264630.55,1264630.55,731965.91,CARGO TP ADVANCE SL._resum
2015-01-01,321229.29000000004,426559.5,631232.26,60101.21,230251.81,1369734.49,0.0,531270.63,204045.82,50567.22,254613.04,1107.1799999999998,105818.31,368954.8,507869.64,0.0,27890.21,27890.21,2315471.2800000003,8420.28,2315471.2800000003,0.0,11949.26,537856.7799999999,1401.5463636363636,522131.76,1369734.49,18.0,-183254.11,15725.02,98854.45,308853.58900000004,895169.57,0.0,52345.45,321229.29000000004,478904.95,0.0,34626.27,26205.989,50567.22,945736.789,26205.989,-15940.949,0.0,98854.45,1169089.04,1169089.04,774431.9400000001,CARGO TP ADVANCE SL._resum
2016-01-01,568838.52,382516.22,937192.35,60101.21,195339.27,1151487.53,9351.99,557704.13,170445.3,46217.57,216662.87,1107.1799999999998,176295.09,393848.77,542395.49,0.0,13780.28,13749.2,2054746.99,7543.320000000001,2054746.99,0.0,0.0,482394.26,1838.6918181818182,463074.46,1151487.53,18.0,-144201.099,19319.8,378381.04,333747.56,857041.889,0.0,65031.11,568838.52,456899.32,0.0,32437.29,24893.97,46217.57,903259.46,24893.97,-13780.28,0.0,378381.04,1419586.61,1419586.61,759027.2799999999,CARGO TP ADVANCE SL._resum
2017-01-01,795931.7899999999,299085.92000000004,925860.62,60101.21,236319.01,1189171.14,6676.4,498203.78,218636.56,33764.32,252400.88,1347.1799999999998,200465.04,411531.22,522580.58,0.0,18956.67,18955.63,2117700.96,5139.820000000001,2117700.96,0.0,8014.620000000001,640025.54,2275.837272727273,626075.69,1189171.14,18.0,-153548.36,13949.85,426309.66,351430.01,894765.5,0.0,52660.83,795931.7899999999,358423.15,0.0,22822.27,17682.45,33764.32,928529.82,17682.45,-10942.05,0.0,426309.66,1565886.16,1565886.16,782995.039,CARGO TP ADVANCE SL._resum
2018-01-01,699535.61,316946.91000000003,878366.61,60101.21,169531.03,1213135.55,6676.660000000001,455584.82,166816.52,17989.27,184805.789,317.18,138955.09,414245.73,573768.26,0.0,14404.61,14404.61,2159378.52,904.84,2159378.52,0.0,34.690000000000005,615909.02,2712.9827272727275,601959.1699999999,1213135.55,18.0,-187668.919,13949.85,422464.61,354144.52,928253.7,0.0,56870.72,699535.61,380494.29,0.0,3619.35,2714.509,17989.27,946242.97,2714.509,-14369.92,0.0,422464.61,1494275.63,1494275.63,758608.74,CARGO TP ADVANCE SL._resum
2019-01-01,763668.4400000001,260578.21,642858.8400000001,60101.21,108685.97,1131166.03,6676.72,452099.91,103878.23,21132.49,125010.72,416.0,191937.699,419053.47,593841.08,0.0,14722.18,14722.17,2069220.67,1602.57,2069220.67,0.0,0.0,877365.6,3150.1281818181824,863415.75,1131166.03,19.0,-219202.84,13949.85,190342.93,358952.26,916922.149,0.0,70247.599,763668.4400000001,337502.53,0.0,6410.31,4807.74,21132.49,938054.639,4807.74,-14722.18,0.0,190342.93,1520224.44,1520224.44,718851.7899999999,CARGO TP ADVANCE SL._resum
2020-01-01,569396.8500000001,262977.09,448423.95,60101.21,31337.03,971343.48,4681.89,439649.97,93121.69,-67674.07,25447.618999999995,317.18,176990.05899999998,357268.81,595281.49,0.0,14713.63,14706.27,1809860.88,-20594.8,1813060.88,0.0,8.239999999999998,807588.71,3587.273636363637,773044.06,971343.48,19.0,-220988.289,34544.65,8456.8,297167.6,909391.469,0.0,61688.02,569396.8500000001,329347.0,0.0,-82379.45999999999,-61784.66,-67674.07,841717.399,-61784.66,-14705.39,0.0,8456.8,1256012.66,1256012.66,620729.99,CARGO TP ADVANCE SL._resum
2021-01-01,645965.02,344331.39,511752.61,60101.21,164143.11000000002,1259067.52,6688.42,511435.43000000005,159263.61000000002,24405.44,183669.05,317.18,167421.219,362148.31,584568.0,0.0,17462.99,17462.86,2191963.33,2068.73,2193333.33,0.0,5.78,980599.79,4024.419090909091,948123.87,1259067.52,20.0,-166028.76,32475.92,8585.873333333333,302047.1,909860.37,0.0,133219.26,645965.02,484239.07,0.0,6948.23,4879.5,24405.44,934265.81,4879.5,-17457.21,0.0,8585.873333333333,1492352.4,1492352.4,768242.7,CARGO TP ADVANCE SL._resum
2022-01-01,563336.57,215472.3,467417.72,60101.21,266228.26,1077236.41,10155.57,467100.54,222125.71,78712.65000000001,300838.36,317.18,251945.419,406250.86,509634.41,0.0,19909.25,19909.25,2065094.74,14700.85,2065094.74,0.0,0.0,824823.74,4461.564545454546,807377.31,1077236.41,16.0,-177385.56,17446.43,8714.946666666667,346149.649,909145.679,0.0,97026.16,563336.57,322654.03,0.0,58803.4,44102.55,78712.65000000001,987858.33,44102.55,-19909.25,0.0,8714.946666666667,1292241.46,1292241.46,810472.769,CARGO TP ADVANCE SL._resum
2023-01-01,452863.3,185062.57,405994.27,60101.21,217823.28,894243.2,0.0,397150.25,205065.6,35830.1,240895.7,317.18,212087.68,419008.54,541224.7699999999,0.0,23121.9,23121.9,1821278.42,14700.85,1879625.48,0.0,49.48,717673.4500000001,4898.71,698299.6699999999,894243.2,17.0,-203261.81,14475.07,8844.02,358907.33,949552.179,0.0,66733.31,452863.3,251795.88,0.0,12757.68,12757.68,35830.1,985382.28,12757.68,-23072.42,0.0,8844.02,1123667.72,1123667.72,782169.9500000001,CARGO TP ADVANCE SL._resum
