Año,Acreedores a L. P.,Acreedores comerciales,Activo circulante,Capital suscrito,Cash flow,Consumo de mercaderías y de materias,Deudas financieras,Deudores,Dotaciones para amortiz. de inmovil.,EBIT,EBITDA,Existencias,Fondo de maniobra,Fondos propios,Gastos de personal,Gastos extraordinarios,Gastos financieros,Gastos financieros y gastos asimilados,Importe neto Cifra de Ventas,Impuestos sobre sociedades,Ingresos de explotación,Ingresos extraordinarios,Ingresos financieros,Inmovilizado,Inmovilizado inmaterial,Inmovilizado material,Materiales,Número empleados,Otros Conceptos de Explotación,Otros activos fijos,Otros activos líquidos,Otros fondos propios,Otros gastos de explotación,Otros pasivos fijos,Otros pasivos líquidos,Pasivo fijo,Pasivo líquido,Provisiones,Result. ordinarios antes Impuestos,Resultado Actividades Ordinarias,Resultado Explotación,Resultado bruto,Resultado del Ejercicio,Resultado financiero,Resultados actividades extraordinarias,Tesorería,Total activo,Total pasivo y capital propio,Valor agregado,Empresa
1999-01-01,34077.39,143006.22,262752.44,60101.21,33607.42,1511749.77,90000.0,104053.63,29157.89,10091.21,39249.1,38297.48,142351.11000000002,163134.79,195190.19,0.0,5235.51,5235.51,897656.64,1077.84,897656.64,671.6700000000001,5.07,70374.56,489.87,63874.57,522814.2,18.0,-294128.57,6010.120000000001,120401.329,103033.58,656471.6089999999,0.0,169992.21000000002,34077.39,169992.21000000002,0.0,4855.7,3777.859,10091.21,675413.6,4449.53,-5235.51,671.6700000000001,120401.34,333127.01,333127.01,235110.96,CARNICAS J SITJA SOCIEDAD ANONIMA_resum
2000-01-01,34077.39,143006.22,276145.72000000003,60101.21,37166.0,1511749.77,90000.0,128976.66,31554.52,11061.17,42615.69,24933.59,153910.25,168746.28,187828.56,0.0,5995.679,4749.44,1124479.24,1359.3,1124479.24,1900.23,5.07,104931.38,279.51,98641.74,719802.3600000001,19.0,-294128.57,6010.13,122235.469,108645.07,656471.6089999999,0.0,178253.43,34077.39,178253.43,0.0,5070.56,3711.26,11061.17,675413.6,5611.48,-5990.610000000001,1900.23,122235.47,381077.1,381077.1,231103.3,CARNICAS J SITJA SOCIEDAD ANONIMA_resum
2001-01-01,26504.63,143006.22,281224.4,60120.0,31014.839,1511749.77,90000.0,161001.81999999998,25304.76,19168.22,44472.979,23975.34,184977.16,174456.36,215098.09,6010.120000000001,6064.88,6064.88,1204187.83,1383.1899999999998,1204187.83,0.0,0.05,77725.27,1881.01,75844.26,758552.76,19.0,-294128.57,0.0,96247.24,114336.359,656471.6089999999,0.0,157988.68,26504.63,157988.68,0.0,13103.39,11720.199,19168.22,675413.6,5710.08,-6064.83,-6010.120000000001,96247.24,358949.67,358949.67,253561.0,CARNICAS J SITJA SOCIEDAD ANONIMA_resum
2002-01-01,18931.87,143006.22,283717.88,60120.0,23762.33,1511749.77,90000.0,108560.48,21266.9,5500.72,26767.62,72241.76,180802.24,176951.79,269046.57,0.0,3739.82,3739.82,1069984.83,1069.47,1069984.83,1804.0,0.27499999999999997,56458.36,1449.47,55008.89,486956.03,19.0,-294128.57,0.0,102915.64,116831.79,656471.6089999999,0.0,144292.58,18931.87,144292.58,0.0,1760.9,691.43,5500.72,675413.6,2495.4300000000003,-3739.82,1804.0,102915.64,340176.24,340176.24,297618.19,CARNICAS J SITJA SOCIEDAD ANONIMA_resum
2003-01-01,18513.11,143006.22,301293.46,60120.0,22451.91,1511749.77,90000.0,106139.66,18727.0,8783.7,27510.7,101134.31,207273.97,180676.7,250584.67,0.0,4156.478999999999,4156.478999999999,951297.95,902.31,951297.95,0.0,0.49999999999999994,71949.39,1087.1,70862.29,435729.16,20.0,-294128.57,0.0,94019.49,120556.7,656471.6089999999,0.0,174053.04,18513.11,174053.04,0.0,4627.22,3724.91,8783.7,675413.6,3724.91,-4156.478999999999,0.0,94019.49,373242.85,373242.85,278095.369,CARNICAS J SITJA SOCIEDAD ANONIMA_resum
2004-01-01,8620.82,143006.22,325890.13,60120.0,25974.34,1511749.77,90000.0,137417.09,21722.06,8377.09,30099.15,99296.31,236713.4,184928.98,241543.8,0.0,3094.76,3094.76,980580.36,1030.05,980580.36,0.0,0.725,65914.93999999999,724.73,65190.21,462775.9900000001,15.0,-294128.57,0.0,89176.73,124808.98,656471.6089999999,0.0,198255.27,8620.82,198255.27,0.0,5282.33,4252.28,8377.09,675413.6,4252.28,-3094.76,0.0,89176.73,391805.07,391805.07,271642.95,CARNICAS J SITJA SOCIEDAD ANONIMA_resum
2005-01-01,2450.3900000000003,143006.22,381280.78,60120.0,29108.489,1511749.77,90000.0,103767.76,24078.32,6156.2,30234.52,128207.92,231975.68,189959.15,257072.09,0.0,4201.59,4201.59,1129747.85,1218.49,1129747.85,4293.1,0.95,65602.07,362.36,65239.71,574477.12,16.0,-294128.57,0.0,149305.1,129839.15,656471.6089999999,0.0,254473.31,2450.3900000000003,254473.31,0.0,1955.56,737.069,6156.2,675413.6,5030.17,-4200.64,4293.1,149305.1,446882.85,446882.85,291600.66,CARNICAS J SITJA SOCIEDAD ANONIMA_resum
2006-01-01,39771.07,143006.22,379825.51,60120.0,23548.399,1511749.77,90000.0,150176.93,19329.37,10402.87,29732.239,144866.84,295043.77,194178.19,260718.44,0.0,4823.81,4823.81,1399467.25,1362.6,1399467.25,0.0,2.57,89428.81,0.0,89428.81,812802.07,11.0,-294128.57,0.0,84781.73999999999,134058.19,656471.6089999999,0.0,235305.06,39771.07,235305.06,0.0,5581.63,4219.03,10402.87,675413.6,4219.03,-4821.24,0.0,84781.73999999999,469254.32,469254.32,290453.25,CARNICAS J SITJA SOCIEDAD ANONIMA_resum
2007-01-01,54565.65,143006.22,412431.61,60120.0,31290.07,1511749.77,90000.0,220874.69,23564.91,14029.76,37594.67,96870.9,317745.58900000004,201903.35,270858.6,259.63,3471.9700000000003,3471.9700000000003,1601755.41,2575.06,1601755.41,0.0,2.06,96518.16,0.0,96518.16,996423.52,12.0,-294128.57,0.0,94686.019,141783.34999999998,656471.6089999999,0.0,252480.77,54565.65,252480.77,0.0,10559.85,7984.79,14029.76,675413.6,7725.160000000001,-3469.9100000000003,-259.63,94686.02,508949.77,508949.77,308195.699,CARNICAS J SITJA SOCIEDAD ANONIMA_resum
2008-01-01,40084.86,143006.22,450015.64,60120.0,37266.27,1511749.77,90000.0,205548.35,25594.44,18941.99,44536.43,82407.66,144949.79,213575.18,336748.6,0.0,3381.74,3381.74,2187163.37,3890.61,2187163.37,0.0,2.19,85301.45999999999,0.0,85301.45999999999,1511749.77,15.0,-294128.57,0.0,162059.63,153455.18,656471.6089999999,0.0,48650.84,40084.86,281657.06,0.0,15562.44,11671.83,18941.99,675413.6,11671.83,-3379.549,0.0,162059.63,535317.1,535317.1,381287.22,CARNICAS J SITJA SOCIEDAD ANONIMA_resum
2009-01-01,25030.06,115941.95,477517.9,60120.0,31775.45,1254715.62,120000.0,159242.24000000002,22920.74,17309.66,40230.4,168339.97999999998,211640.269,222429.89,382285.95,0.0,5504.660000000001,5504.660000000001,1921393.34,2951.57,1921393.34,0.0,1.28,66773.63,0.0,66773.63,1254715.62,18.0,-244161.37,0.0,149935.68,162309.88899999997,649368.059,0.0,60889.63,25030.06,296831.58,0.0,11806.28,8854.710000000001,17309.66,666677.72,8854.710000000001,-5503.38,0.0,149935.68,544291.53,544291.53,422517.63,CARNICAS J SITJA SOCIEDAD ANONIMA_resum
2010-01-01,118530.02,79875.09,484105.21,60120.0,31359.1,926188.61,120000.0,144233.96,20986.1,21012.11,41998.21,206431.48,270790.35,232802.89,344952.1,0.0,7181.44,7181.44,1537273.6,3457.67,1543369.49,0.0,0.0,125208.52,0.0,125208.52,926188.61,14.0,-230230.57,0.0,133439.769,172682.88999999998,596168.769,0.0,58105.73,118530.02,257980.82,0.0,13830.67,10373.0,21012.11,617180.88,10373.0,-7181.44,0.0,133439.769,609313.73,609313.73,386950.309,CARNICAS J SITJA SOCIEDAD ANONIMA_resum
2011-01-01,152960.62,92755.65,547253.1799999999,60120.0,43044.03,1085351.9,180000.0,230060.16,31120.6,28988.24,60108.84,135997.66,273302.17,244726.32,306794.43000000005,0.0,13052.83,13052.83,1721139.22,4011.98,1721139.22,0.0,0.0,172083.18,0.0,172083.18,1085351.9,13.0,-268884.05,0.0,181195.36,184606.32,606799.08,0.0,48893.77,152960.62,321649.42000000004,0.0,15935.41,11923.43,28988.24,635787.3200000001,11923.43,-13052.83,0.0,181195.36,719336.3600000001,719336.3600000001,366903.269,CARNICAS J SITJA SOCIEDAD ANONIMA_resum
2012-01-01,145764.57,191892.49,508515.32,60120.0,61553.92,1253227.79,120000.0,289202.97000000003,47498.46,28556.980000000003,76055.43999999999,62619.47,159929.949,258781.78,255394.89,0.0,9816.37,9816.37,1912306.79,4685.150000000001,1912306.79,0.0,0.0,286464.03,0.0,286464.03,1253227.79,10.0,-327628.67,0.0,156692.87999999998,198661.78,630522.02,0.0,78540.51,145764.57,390433.0,0.0,18740.61,14055.46,28556.980000000003,659079.0,14055.46,-9816.37,0.0,156692.87999999998,794979.3500000001,794979.3500000001,331450.33,CARNICAS J SITJA SOCIEDAD ANONIMA_resum
2013-01-01,157205.03,91747.77,431215.28,60120.0,75314.03,998243.54,120000.0,238697.34,60921.05,27510.16,88431.20999999999,86921.64,233871.209,273174.76,249074.44,0.0,8411.05,8411.05,1745532.14,4707.660000000001,1747328.059,0.0,1.53,289942.58,0.0,289942.58,998243.54,10.0,-411578.87,0.0,105596.3,213054.76,721574.3600000001,0.0,79030.3,157205.03,290778.07,0.0,19100.64,14392.98,27510.16,749084.519,14392.98,-8409.519,0.0,105596.3,721157.8600000001,721157.8600000001,337507.18,CARNICAS J SITJA SOCIEDAD ANONIMA_resum
2014-01-01,205113.85,46462.83,493266.29,60120.0,53130.49,539518.64,120000.0,188383.15,45270.22,23312.49,68582.70999999999,235088.67,377008.9900000001,281035.03,219973.18,0.0,12832.13,12832.13,1089370.89,2620.09,1089370.89,0.0,0.0,283387.19,0.0,283387.19,539518.64,8.0,-261296.36,0.0,69794.47,220915.03,526539.76,0.0,124041.769,205113.85,290504.6,0.0,10480.36,7860.269999999999,23312.49,549852.249,7860.269999999999,-12832.13,0.0,69794.47,776653.48,776653.48,288555.89,CARNICAS J SITJA SOCIEDAD ANONIMA_resum
2015-01-01,162176.26,44127.49,441734.04,60120.0,6131.929999999999,559374.7799999999,120000.0,84527.27,564.43,18869.29,19433.72,261522.12,301921.9,286602.53,149775.74000000002,0.0,11445.96,11445.96,983813.6,1855.83,983821.44,0.0,0.0,294870.98000000004,0.0,294870.98000000004,559374.7799999999,5.0,-255237.199,0.0,95684.65,226482.53,405577.37,0.0,123698.74,162176.26,287826.23000000004,0.0,7423.33,5567.5,18869.29,424446.659,5567.5,-11445.96,0.0,95684.65,736605.02,736605.02,169209.45899999997,CARNICAS J SITJA SOCIEDAD ANONIMA_resum
2016-01-01,123775.54,81211.9,497810.35,60120.0,19887.01,495077.52,180000.0,137693.97999999998,14175.3,17025.760000000002,31201.059,254229.57,310711.65,292314.24,153299.22,0.0,9410.15,9410.15,936472.26,1903.9,936512.65,0.0,0.0,307583.81,401.45,307182.36,495077.52,5.0,-256934.85,0.0,105886.8,232194.24,424409.37,0.0,128092.48,123775.54,389304.38,0.0,7615.610000000001,5711.709,17025.760000000002,441435.13,5711.709,-9410.15,0.0,105886.8,805394.16,805394.16,184500.279,CARNICAS J SITJA SOCIEDAD ANONIMA_resum
2017-01-01,87016.37000000001,81761.75,504684.78,60120.0,30228.62,818251.8600000001,220000.0,156217.96,23879.05,17659.91,41538.96,197041.16,271497.37,298663.81,158261.78,0.0,9193.81,9193.81,1325476.39,2116.53,1325515.0890000002,0.0,0.0,310574.33,0.0,310574.33,818251.8600000001,5.0,-307462.49000000005,0.0,151425.66,238543.81,489603.32,0.0,127817.18,87016.37000000001,429578.93000000005,0.0,8466.1,6349.57,17659.91,507263.2290000001,6349.57,-9193.81,0.0,151425.66,815259.11,815259.11,199800.74,CARNICAS J SITJA SOCIEDAD ANONIMA_resum
2018-01-01,46100.66,63695.13,483632.98,60120.0,25597.78,665125.64,220000.0,174971.41,18821.83,18001.149999999998,36822.98,209294.26,320570.54,305439.76,169865.02,0.0,8966.55,8966.55,1151853.13,2258.65,1151890.63,0.0,0.0,277354.78,0.0,277354.78,665125.64,5.0,-280076.99000000005,0.0,99367.31,245319.76,468763.84,0.0,125752.209,46100.66,409447.34,0.0,9034.6,6775.95,18001.149999999998,486764.98900000006,6775.95,-8966.55,0.0,99367.31,760987.76,760987.76,206688.0,CARNICAS J SITJA SOCIEDAD ANONIMA_resum
2019-01-01,15462.92,80994.48,483357.0,60120.0,33397.5,841233.8500000001,220000.0,252036.1,25608.9,18636.1,44245.0,109963.57,281005.19,313228.36,250499.52,0.0,8251.299,8251.299,1367047.47,2596.2,1367111.1800000002,0.0,0.0,266363.51,0.0,266363.51,841233.8500000001,7.0,-231132.81,0.0,121357.33,253108.36,507241.23,0.0,120034.75,15462.92,421029.23,0.0,10384.8,7788.599,18636.1,525877.329,7788.599,-8251.299,0.0,121357.33,749720.51,749720.51,294744.51900000003,CARNICAS J SITJA SOCIEDAD ANONIMA_resum
2020-01-01,41325.48,80636.82,472854.2,60120.0,36980.62,768745.24,240000.0,109835.82,28185.68,18850.960000000003,47036.64,73312.43999999999,102511.44,322023.3,265735.38,0.0,7124.37,7124.37,1279206.92,2931.65,1279263.299,0.0,0.0,313283.68,0.0,313283.68,768745.24,7.0,-197746.04,0.0,289705.94,261903.3,491667.1,0.0,102152.28,41325.48,422789.1,0.0,11726.59,8794.94,18850.960000000003,510518.059,8794.94,-7124.37,0.0,289705.94,786137.88,786137.88,312772.02,CARNICAS J SITJA SOCIEDAD ANONIMA_resum
2021-01-01,33172.989,56607.08,426935.34,60120.0,32179.05,536866.81,239656.17,125260.11,26818.53,13051.17,39869.7,148475.79,217128.82,327383.82,247903.04,0.0,5903.81,5903.81,1053753.21,1786.84,1054117.02,0.0,0.0,313564.22000000003,0.0,313564.22000000003,536866.81,6.0,-229477.47,0.0,153199.44,267263.82,504199.04,0.0,83679.5,33172.989,379942.75,0.0,7147.360000000001,5360.519,13051.17,517250.209,5360.519,-5903.81,0.0,153199.44,740499.56,740499.56,287772.74,CARNICAS J SITJA SOCIEDAD ANONIMA_resum
2022-01-01,25014.73,121062.41,549617.3600000001,60120.0,56529.99,567537.65,239753.33,234597.16,47734.12,19306.43,67040.55,117753.8,231288.55,336179.69,247451.38,0.0,7578.6,7578.6,1181741.87,2931.96,1182138.85,0.0,0.0,257702.27,0.0,257702.27,567537.65,6.0,-300109.27,0.0,197266.4,276059.69,595294.7699999999,0.0,85309.47,25014.73,446125.21,0.0,11727.83,8795.868999999999,19306.43,614601.2,8795.868999999999,-7578.6,0.0,197266.4,807319.63,807319.63,314491.93000000005,CARNICAS J SITJA SOCIEDAD ANONIMA_resum
2023-01-01,16875.829999999998,138975.88999999998,648078.3600000001,60120.0,66174.429,1095582.4,240000.0,205819.06,46965.92,36406.3,83372.22,26750.77,93593.939,355388.2,221505.17,0.0,10794.95,10794.95,1888463.71,6402.84,1888555.69,0.0,0.0,188344.0,0.0,188344.0,1095582.4,6.0,-488095.9,0.0,415508.53,295268.2,756566.99,0.0,85182.43999999999,16875.829999999998,464158.33,0.0,25611.35,19208.51,36406.3,792973.2899999999,19208.51,-10794.95,0.0,415508.53,836422.3600000001,836422.3600000001,304877.39,CARNICAS J SITJA SOCIEDAD ANONIMA_resum
