Año,Acreedores a L. P.,Acreedores comerciales,Activo circulante,Capital suscrito,Cash flow,Consumo de mercaderías y de materias,Deudas financieras,Deudores,Dotaciones para amortiz. de inmovil.,EBIT,EBITDA,Existencias,Fondo de maniobra,Fondos propios,Gastos de personal,Gastos extraordinarios,Gastos financieros,Gastos financieros y gastos asimilados,Importe neto Cifra de Ventas,Impuestos sobre sociedades,Ingresos de explotación,Ingresos extraordinarios,Ingresos financieros,Inmovilizado,Inmovilizado inmaterial,Inmovilizado material,Materiales,Número empleados,Otros Conceptos de Explotación,Otros activos fijos,Otros activos líquidos,Otros fondos propios,Otros gastos de explotación,Otros pasivos fijos,Otros pasivos líquidos,Pasivo fijo,Pasivo líquido,Provisiones,Result. ordinarios antes Impuestos,Resultado Actividades Ordinarias,Resultado Explotación,Resultado bruto,Resultado del Ejercicio,Resultado financiero,Resultados actividades extraordinarias,Tesorería,Total activo,Total pasivo y capital propio,Valor agregado,Empresa
1999-01-01,0.0,210996.39,264871.22900000005,60101.21,26755.26,1948193.59,0.0,73128.75,14435.23,20318.68,34753.91,164089.18,237217.93,114004.489,85080.88,0.0,2396.98,2396.98,969338.72,5601.98,969338.72,0.0,0.31,166895.08,0.0,166895.08,816875.81,7.0,-86158.89,0.0,27653.299,53903.279,298417.85,18062.35,317761.81,110165.12,317761.81,0.0,17922.01,12320.029,20318.68,504791.22,12320.03,-2396.67,0.0,27653.29,431766.31,431766.31,119835.1,CASA NEGRE SA_resum
2000-01-01,110165.12,210996.39,244241.82,60101.21,18201.23,1948193.59,0.0,54386.5,11238.22,18414.04,29652.26,189008.74,243395.24,120967.509,98640.66,0.0,8145.34,8145.34,1045121.91,3306.12,1045121.91,0.0,0.43,235906.36,0.0,235906.36,876548.66,7.0,-86158.89,0.0,846.58,60866.29899999999,298417.85,18062.35,249015.55,110165.12,249015.55,0.0,10269.13,6963.009,18414.04,504791.22,6963.01,-8144.9,0.0,846.59,480148.18,480148.18,128293.35,CASA NEGRE SA_resum
2001-01-01,100349.4,210996.39,238651.03,60101.21,39650.16,1948193.59,0.0,48385.28999999999,26283.24,27624.78,53908.02,181876.81,230262.1,134334.43,113904.38,0.0,8537.04,8537.04,1211688.92,5728.68,1211688.92,0.0,7.859999999999999,236657.95,0.0,236657.95,989767.15,8.0,-86158.89,0.0,8388.93,74233.22,298417.85,18062.35,240625.15,100349.4,240625.15,0.0,19095.6,13366.919,27624.78,504791.22,13366.92,-8529.18,0.0,8388.93,475308.98,475308.98,167820.26,CASA NEGRE SA_resum
2002-01-01,250405.29,210996.39,280633.6,60101.21,53182.429,1948193.59,0.0,143052.06,32434.01,37749.19,70183.2,97133.54,240185.599,155082.84999999998,124093.44,0.0,8213.387999999999,8213.387999999999,1364758.6700000002,8892.18,1365987.14,0.0,104.8,227978.83,0.0,227978.83,1120667.55,8.0,-86158.89,0.0,40448.0,94981.64,298417.85,18062.35,103124.29,250405.29,103124.29,0.0,29640.6,20748.42,37749.19,504791.22,20748.42,-8108.59,0.0,40448.0,508612.43000000005,508612.43000000005,194381.438,CASA NEGRE SA_resum
2003-01-01,238278.85,210996.39,353357.88,60101.21,69278.23999999999,1948193.59,0.0,224406.98,37765.01,51391.13,89156.14,52546.78,276953.76,186596.08,139944.67,0.0,10194.53,10194.53,1695836.82,12687.740000000002,1695996.13,2862.72,141.65,233752.79,0.0,233752.79,1390796.55,8.0,-86158.89,0.0,76404.119,126494.87,298417.85,18062.35,162235.74000000002,238278.85,162235.74000000002,0.0,41338.25,28650.51,51391.13,504791.22,31513.23,-10052.88,2862.72,76404.12000000001,587110.6699999999,587110.6699999999,232105.18,CASA NEGRE SA_resum
2004-01-01,175850.59,210996.39,281375.56,60101.21,82598.6,1948193.59,0.0,207373.99,41301.69,73694.28,114995.97,9986.78,217360.77,227892.99,143287.69,7414.03,7863.42,7863.42,1763763.09,17743.68,1763763.09,0.0,623.76,245715.05,0.0,245715.05,1433430.93,8.0,-86158.89,0.0,64014.789,167791.78,298417.85,18062.35,123347.03,175850.59,123347.03,0.0,66454.619,48710.939,73694.28,504791.22,41296.91,-7239.660000000001,-7414.03,64014.78999999999,527090.61,527090.61,251493.39,CASA NEGRE SA_resum
2005-01-01,192478.9,210996.39,445197.04,60101.21,88864.58,1948193.59,0.0,177567.73,42882.11,67476.52,110358.63,9273.03,186840.76,273875.46,166047.44,0.0,2295.3100000000004,2295.3100000000004,1947198.13,19706.77,1947198.13,0.0,508.03,230150.77,0.0,230150.77,1571736.66,10.0,-86158.89,0.0,258356.279,213774.25,298417.85,18062.35,208993.45,192478.9,208993.45,0.0,65689.23999999999,45982.47,67476.52,504791.22,45982.47,-1787.28,0.0,258356.28,675347.81,675347.81,276914.1,CASA NEGRE SA_resum
2006-01-01,0.0,210996.39,436202.91,60101.21,132491.63,1948193.59,0.0,302686.86,39237.67,128944.87,168182.539,15826.84,318513.7,367129.42,184864.9,0.0,6.3,6.3,2245851.27,38724.350000000006,2245851.27,1480.81,1558.93,221784.36,0.0,221784.36,1796415.14,10.0,-86158.89,0.0,117689.209,307028.20900000003,298417.85,18062.35,290857.85,134340.05,290857.85,0.0,130497.5,91773.15,128944.87,504791.22,93253.96,1552.63,1480.81,117689.21,657987.2699999999,657987.2699999999,356087.179,CASA NEGRE SA_resum
2007-01-01,0.0,210996.39,524285.76,60101.21,171896.1,1948193.59,0.0,356308.82,39043.09,176695.88999999998,215738.98,7932.57,364241.39,499982.43000000005,160504.59,0.0,12.61,12.61,2312353.57,45794.33,2312631.82,0.0,1964.06,203497.97,0.0,203497.97,1838582.06,10.0,-86158.89,0.0,160044.37,439881.22,298417.85,18062.35,227801.3,76201.2,227801.3,0.0,178647.34,132853.01,176695.88999999998,504791.22,132853.01,1951.45,0.0,160044.37,727783.73,727783.73,378207.63,CASA NEGRE SA_resum
2008-01-01,0.0,210996.39,761225.03,19532.89,190102.07,1948193.59,0.0,495626.75,38686.23,206373.37,245059.6,12139.12,296769.48000000004,651398.2699999999,173572.73,0.0,6297.659000000001,16.079,2452984.81,54952.54,2452984.81,0.0,6292.67,166652.26,0.0,166652.26,1948193.59,10.0,-86158.89,0.0,253459.16,631865.38,298417.85,18062.35,47420.28,18062.35,258416.67,0.0,206368.38,151415.84,206373.37,504791.22,151415.84,-4.988,0.0,253459.16,927877.29,927877.29,418643.41900000005,CASA NEGRE SA_resum
2009-01-01,0.0,179487.86,950673.14,19532.89,218098.43,1873229.2,0.0,624452.02,35713.96,239336.5,275050.46,7074.59,452038.75,833782.74,216992.99,0.0,10089.109,21.21,2490615.87,51816.71,2490615.87,0.0,4953.79,130938.3,0.0,130938.3,1867075.04,12.0,-125343.22,0.0,319146.53,814249.8500000001,378050.17,14963.15,53377.69,14963.15,232865.55,0.0,234201.18,182384.47,239336.5,617386.669,182384.47,-5135.319,0.0,319146.53,1081611.44,1081611.44,486929.34,CASA NEGRE SA_resum
2010-01-01,0.0,158094.31,1150436.76,19532.89,233683.63,1908183.7,0.0,762189.7899999999,34860.24,249724.71,284584.95,4493.6900000000005,608589.169,1032606.13,203202.38,0.0,0.0,0.0,2480867.59,56973.0,2480879.48,0.0,6071.68,110078.06,0.0,110078.06,1908183.7,11.0,-84908.45,0.0,383753.28,1013073.24,322971.069,12862.64,56951.74,12862.64,215046.05,0.0,255796.39,198823.39,249724.71,572695.7799999999,198823.39,6071.68,0.0,383753.28,1260514.82,1260514.82,493859.01,CASA NEGRE SA_resum
2011-01-01,0.0,85756.47,1198567.27,19532.89,211688.899,1889577.43,0.0,966992.38,32920.19899999999,213326.21,246246.409,13089.99,894325.9,1211374.83,206899.04,0.0,0.0,0.0,2435787.55,43689.84,2435787.55,0.0,9132.33,138637.41,0.0,138637.41,1889577.43,12.0,-93064.67,0.0,218484.9,1191841.94,332883.90900000004,11150.57,28922.81,11150.57,114679.28,0.0,222458.54,178768.7,213326.21,546210.119,178768.7,9132.33,0.0,218484.9,1337204.6800000002,1337204.6800000002,462277.779,CASA NEGRE SA_resum
2012-01-01,0.0,90820.38,1473692.6800000002,19532.89,241738.13,1853614.94,0.0,1076152.29,34176.47,245701.91,279878.38,15986.34,1001318.25,1418936.49,203029.59,0.0,0.0,0.0,2477767.48,52148.96,2480566.56,0.0,14008.71,111773.58,0.0,111773.58,1853614.94,11.0,-144043.65,0.0,381554.05,1399403.5990000002,381249.71,11292.98,64416.41,11292.98,155236.79,0.0,259710.62,207561.66,245701.91,626951.62,207561.66,14008.71,0.0,322811.2,1585466.26,1585466.26,496916.679,CASA NEGRE SA_resum
2013-01-01,0.0,86512.39,1539796.49,19532.89,151230.21000000002,1850552.71,0.0,962730.92,29001.51,139606.44999999998,168607.96,68142.77,944361.3,1541165.1900000002,219928.84,0.0,0.0,0.0,2346282.97,30319.69,2346943.11,0.0,12941.94,115829.92,0.0,115829.92,1850552.71,12.0,-107853.6,0.0,508922.8,1521632.3,356783.95,9418.26,18530.57,9418.26,105042.96,0.0,152548.38999999998,122228.7,139606.44999999998,496390.4,122228.7,12941.94,0.0,508922.8,1655626.41,1655626.41,401478.74,CASA NEGRE SA_resum
2014-01-01,0.0,93156.43,1640776.1,19532.89,181956.85,1943684.04,0.0,1018397.39,34023.01,163134.88999999998,197157.9,37902.17,963143.13,1689099.03,217506.33,0.0,0.0,0.0,2502338.2,29178.52,2502559.45,0.0,13977.47,171625.49,0.0,171625.49,1943684.04,11.0,-144211.18,0.0,584476.54,1669566.14,395740.52,6683.06,23463.07,6683.06,116619.5,0.0,177112.36,147933.84,163134.88999999998,558875.41,147933.84,13977.47,0.0,278657.75,1812401.59,1812401.59,428641.699,CASA NEGRE SA_resum
2015-01-01,0.0,101961.93,1816263.07,19532.89,166405.03,1950883.91,0.0,1086389.58,35941.16,163667.43,199608.59,46891.37,1031319.02,1819562.9,213842.96,0.0,0.0,0.0,2508454.1,42861.380000000005,2508609.25,0.0,9657.82,147142.21000000002,0.0,147142.21000000002,1950883.91,11.0,-144273.79,0.0,682982.12,1800030.009,394057.91,8382.76,33497.689999999995,8382.76,135459.62,0.0,173325.25,130463.87,163667.43,557725.3400000001,130463.87,9657.82,0.0,479244.7,1963405.28,1963405.28,423109.37,CASA NEGRE SA_resum
2016-01-01,0.0,98193.15,2013941.02,19532.89,186515.75,1855560.39,0.0,1212790.6700000002,34678.07,191755.02,226433.09,36095.97,1150693.49,1971400.58,204283.99,0.0,0.0,0.0,2463983.64,47469.98,2464633.64,0.0,7552.64,119767.86,0.0,119767.86,1855560.39,10.0,-178356.169,0.0,765054.38,1951867.69,417318.23,11234.99,52880.16,11234.99,151073.31,0.0,199307.66,151837.68,191755.02,609073.25,151837.68,7552.64,0.0,512888.17000000004,2133708.88,2133708.88,438269.72,CASA NEGRE SA_resum
2017-01-01,0.0,126085.93,2203357.21,60101.21,268253.20900000003,1968865.06,0.0,1332549.22,43372.8,292485.09,335857.89,22590.35,1229053.64,2236849.31,211954.07,0.0,0.0,0.0,2596260.93,72440.07,2597003.94,0.0,4835.39,233077.77,0.0,233077.77,1968865.06,11.0,-80326.92,0.0,848217.64,2176748.1,335653.79000000004,19346.63,54153.11,19346.63,180239.04,0.0,297320.48000000004,224880.409,292485.09,628138.879,224880.409,4835.39,0.0,546531.64,2436434.98,2436434.98,552647.3500000001,CASA NEGRE SA_resum
2018-01-01,0.0,275010.17,2282918.47,60101.21,265078.201,2280932.6,0.0,1441764.25,46150.32,281579.68,327730.0,21531.45,1188285.53,2455777.19,252554.92,0.0,0.0,0.0,2960321.11,66930.789,2961013.2800000003,0.0,4278.99,522516.09,0.0,522516.09,2280932.6,13.0,-99795.76,0.0,819622.7699999999,2395675.98,398501.0,28440.9,46206.3,28440.9,321216.47000000003,0.0,285858.67,218927.881,281579.68,680080.6789999999,218927.881,4278.99,0.0,517936.77,2805434.56,2805434.56,584563.909,CASA NEGRE SA_resum
2019-01-01,0.0,162985.19,2207669.12,60101.21,361271.82,2350507.68,0.0,1400283.32,114522.68,318663.98000000004,433186.66,24581.65,1261879.78,2702526.33,272769.97000000003,0.0,2.83,2.83,3190792.37,76556.25,3192105.05,0.0,4644.24,744493.5,0.0,744493.5,2350507.68,15.0,-135640.74000000002,0.0,782804.15,2642425.12,522933.39,54103.73,32547.37,54103.73,195532.56,0.0,323305.39,246749.14,318663.98000000004,841597.37,246749.14,4641.41,0.0,481118.15,2952162.62,2952162.62,710600.87,CASA NEGRE SA_resum
2020-01-01,0.0,113974.95,2392942.11,60101.21,295262.27,1707255.64,0.0,1469867.03,130483.19,210821.73,341304.92000000004,60840.55,1416732.63,2867305.41,222668.08,0.0,0.0,0.0,2356402.48,50504.67,2381768.35,0.0,4462.02,687031.8500000001,0.0,687031.8500000001,1707255.64,14.0,-110539.709,0.0,862234.53,2807204.2,463690.98,73173.06,25520.54,73173.06,139495.49,0.0,215283.75,164779.08,210821.73,674512.71,164779.08,4462.02,0.0,560548.53,3079973.96,3079973.96,568435.02,CASA NEGRE SA_resum
2021-01-01,0.0,43942.1,1613697.21,60101.21,204292.63,2617500.29,0.0,1279605.13,133862.54,81872.55,215735.09,81427.45,1317090.479,2937735.5,282148.99000000005,0.0,0.0,0.0,3226848.36,20131.93,3249512.1,0.0,8689.47,1471192.33,0.0,573686.6,2617500.29,14.0,-134127.73,897505.73,252664.63,2877634.29,550139.26,67471.5,35740.44,67471.5,79682.54,0.0,90562.02,70430.09,81872.55,632011.81,70430.09,8689.47,0.0,252664.63,3084889.54,3084889.54,506573.55,CASA NEGRE SA_resum
2022-01-01,0.0,90098.24,2096668.03,60101.21,359171.36,3335248.58,0.0,1394076.47,134176.47999999998,271750.05,405926.53,65837.83,1369816.06,3162730.38,386664.93000000005,0.0,0.0,0.0,4406706.09,70382.56,4407335.49,0.0,23627.39,1340088.92,0.0,463252.46,3335248.58,16.0,-279495.45,876836.4600000001,636753.73,3102629.17,800336.8600000001,78144.53,105783.8,78144.53,195882.04,0.0,295377.44,224994.88,271750.05,1072086.91,224994.88,23627.39,0.0,636753.73,3436756.95,3436756.95,816218.8500000001,CASA NEGRE SA_resum
2023-01-01,0.0,88147.43,2170138.38,60101.21,300361.31,3573520.0,0.0,1480470.01,121899.57,205155.44,327055.01,164794.33,1557116.91,3341192.12,462393.51,0.0,0.0,0.0,4451670.21,52602.27,4560552.149999999,0.0,25908.57,1453417.71,0.0,338550.62,3573520.0,18.0,-197583.63,1114867.09,524874.04,3281090.91,781876.71,82299.98999999999,111916.55,82299.98999999999,200063.98,0.0,231064.01,178461.74000000002,205155.44,987032.15,178461.74000000002,25908.57,0.0,524874.04,3623556.09,3623556.09,815357.09,CASA NEGRE SA_resum
