Año,Acreedores a L. P.,Acreedores comerciales,Activo circulante,Capital suscrito,Cash flow,Consumo de mercaderías y de materias,Deudas financieras,Deudores,Dotaciones para amortiz. de inmovil.,EBIT,EBITDA,Existencias,Fondo de maniobra,Fondos propios,Gastos de personal,Gastos extraordinarios,Gastos financieros,Gastos financieros y gastos asimilados,Importe neto Cifra de Ventas,Impuestos sobre sociedades,Ingresos de explotación,Ingresos extraordinarios,Ingresos financieros,Inmovilizado,Inmovilizado inmaterial,Inmovilizado material,Materiales,Número empleados,Otros Conceptos de Explotación,Otros activos fijos,Otros activos líquidos,Otros fondos propios,Otros gastos de explotación,Otros pasivos fijos,Otros pasivos líquidos,Pasivo fijo,Pasivo líquido,Provisiones,Result. ordinarios antes Impuestos,Resultado Actividades Ordinarias,Resultado Explotación,Resultado bruto,Resultado del Ejercicio,Resultado financiero,Resultados actividades extraordinarias,Tesorería,Total activo,Total pasivo y capital propio,Valor agregado,Empresa
1999-01-01,81026.82,75845.2,177954.37999999998,6010.120000000001,6952.620000000001,303427.1,0.0,4344.660000000001,1839.42,12894.36,14733.78,159283.06,163627.72,19975.54,39666.8,0.0,5635.14,5635.14,268299.93000000005,2191.3700000000003,268299.93000000005,0.01,45.35,6837.620000000001,2615.6,4222.03,189151.45,2.0,-32343.84,-0.01,14326.66,13965.42,68168.75,707.43,83789.65000000001,81026.82,83789.65000000001,0.0,7304.57,5113.2,12894.36,78235.7,5113.2,-5589.79,0.01,14326.66,184792.01,184792.01,54445.93,CASA ORDIALES SL_resum
2000-01-01,76403.08,75845.2,181434.59,6010.120000000001,6210.18,303427.1,0.0,3262.0950000000003,2328.15,10757.64,13085.789,176667.38999999998,176667.38999999998,23857.57,39666.8,8.08,5204.48,5204.48,282374.34,1663.73,282374.34,0.01,0.6600000000000001,7954.64,1641.47,6313.160000000001,207131.99,2.0,-32343.84,0.01,4767.1990000000005,17847.45,68168.75,707.43,89128.57,76403.08,89128.57,0.0,5553.83,3890.1,10757.64,78235.7,3882.03,-5203.820000000001,-8.07,4767.1900000000005,189389.22,189389.22,52745.19,CASA ORDIALES SL_resum
2001-01-01,71785.16,75845.2,169124.87,6010.0,7235.37,303427.1,0.0,2179.53,3193.3100000000004,11016.88,14210.189,152986.5,152986.5,27899.62,39666.8,6.01,5237.6900000000005,5237.6900000000005,314597.72000000003,1732.31,314597.72000000003,0.11,1.08,8463.18,1940.909,6522.27,240881.52,2.0,-32343.84,0.0,16138.369,21889.62,68168.75,707.43,77903.27,71785.16,77903.27,0.0,5780.27,4047.96,11016.88,78235.7,4042.06,-5236.610000000001,-5.899,15745.63,177588.05,177588.05,53872.17,CASA ORDIALES SL_resum
2002-01-01,46807.76,75845.2,139966.7,6010.0,7829.69,303427.1,0.0,1096.9650000000001,3001.74,11099.77,14101.51,126073.39,126073.39,32727.56,33587.0,2.14,4252.320000000001,4252.320000000001,283688.69,2069.12,283688.69,0.6700000000000002,51.09,7233.22,2227.88,5005.34,209703.53,2.0,-32343.84,0.0,13893.31,26717.56,68168.75,707.43,67664.6,46807.76,67664.6,0.0,6898.54,4829.42,11099.77,78235.7,4827.95,-4201.23,-1.47,13893.31,147199.91999999998,147199.91999999998,47738.13,CASA ORDIALES SL_resum
2003-01-01,22928.480000000003,75845.2,153454.37,6010.0,7648.1,303427.1,0.0,14.4,2486.55,9536.34,12022.89,127819.05,127833.45,37889.11,28068.92,0.0,2168.4300000000003,2168.4300000000003,280522.15,2212.1,280522.15,0.0,5.74,7400.35,1564.5,5835.85,213459.87,2.0,-32343.84,0.0,25620.919,31879.11,68168.75,707.43,100037.13,22928.480000000003,100037.13,0.0,7373.650000000001,5161.549,9536.34,78235.7,5161.55,-2162.69,0.0,25620.92,160854.72,160854.72,40097.55,CASA ORDIALES SL_resum
2004-01-01,24408.02571428572,75845.2,145847.14,6010.0,6411.01,303427.1,0.0,344.83,2643.88,5967.21,8611.09,129359.05,129703.88,41656.24,31023.66,398.03,716.42,716.42,371821.32,1614.48,371821.32,525.26,3.59,7818.269999999999,670.5,7147.77,304355.81,2.0,-32343.84,0.0,16143.26,35646.24,68168.75,707.43,112009.17,18484.270000000004,112009.17,0.0,5254.38,3639.9,5967.21,78235.7,3767.13,-712.8299999999999,127.229,16143.26,153665.41,153665.41,39765.57,CASA ORDIALES SL_resum
2005-01-01,25887.57142857143,75845.2,138140.11000000002,6010.0,6446.79,303427.1,0.0,1966.64,2534.25,6683.94,9218.189,126559.05,128525.69,45568.78,33204.12899999999,1.42,1093.41,1093.41,362824.23,1676.8,362824.23,0.01,0.22,13807.84,476.11,13331.73,291252.07,2.0,-32343.84,0.0,9614.419,39558.78,68168.75,707.43,106379.17,14040.060000000001,106379.17,0.0,5590.75,3913.95,6683.94,78235.7,3912.54,-1093.1899999999998,-1.41,9614.42,151947.94999999998,151947.94999999998,42421.12899999999,CASA ORDIALES SL_resum
2006-01-01,27367.117142857147,75845.2,165283.19,6010.0,6474.73,303427.1,0.0,1749.6799999999998,2553.11,6698.21,9251.32,126011.05,127760.73,49490.4,29068.92,0.09,1098.42,1098.42,392269.64,1680.7,392269.64,2.46,0.16,12401.33,877.0,11524.33,324391.17,2.0,-32343.84,0.0,37522.46,43480.4,68168.75,707.43,128194.12,9595.85,128194.12,0.0,5599.95,3919.25,6698.21,78235.7,3921.62,-1098.26,2.37,37522.46,177684.52,177684.52,38322.77,CASA ORDIALES SL_resum
2007-01-01,28846.66285714286,75845.2,218530.13,6010.0,6411.160000000001,303427.1,0.0,12467.73,2270.64,4092.91,6363.549,196561.05,209028.78,53630.92,30522.36,23.18,733.9599999999999,733.9599999999999,365202.79,1196.73,365202.79,2000.83,0.6500000000000001,10130.69,566.0,9564.69,298344.98000000004,2.0,-32343.84,0.0,9501.35,47620.92,68168.75,707.43,175029.9,5151.639999999999,175029.9,0.0,3359.6,2162.8700000000003,4092.91,78235.7,4140.52,-733.31,1977.649,9501.35,228660.82,228660.82,38864.21,CASA ORDIALES SL_resum
2008-01-01,30326.208571428575,75845.2,175840.91,6010.0,7157.03,303427.1,47230.13,3329.14,2250.3500000000004,10066.95,12317.3,163131.44999999998,90615.39,58537.6,33574.56,0.0,3524.77,3524.77,381662.8,1635.56,381662.8,0.0,0.06,11947.34,261.0,11686.34,303427.1,2.0,-32343.84,0.0,9380.32,52527.6,68168.75,707.43,5467.89,707.43,128543.22,0.0,6542.24,4906.68,10066.95,78235.7,4906.68,-3524.71,0.0,9380.32,187788.25,187788.25,45891.919,CASA ORDIALES SL_resum
2009-01-01,31805.75428571429,54037.23,164654.63,6010.0,7354.34,193804.7,53895.26,1444.89,2282.02,10858.53,13140.55,159886.44999999998,107294.11,63609.92,35253.3,0.0,4095.45,4095.45,272171.24,1690.77,272185.83900000004,0.0,0.01,9665.32,29.0,9636.32,193804.7,2.0,-29987.29,0.0,3323.29,57599.92,67522.61,772.89,2004.65,772.89,109937.14,0.0,6763.09,5072.320000000001,10858.53,78381.13900000001,5072.320000000001,-4095.439,0.0,3323.29,174319.94999999998,174319.94999999998,48393.859,CASA ORDIALES SL_resum
2010-01-01,33285.3,63546.73,178672.93,6010.0,6110.29,152932.04,17727.73,2986.2566666666667,1900.95,10908.56,12809.51,175996.57,112449.84,67819.26,38463.77,0.0,5296.120000000001,5296.120000000001,234898.32,1403.11,235088.19,0.0,0.01,7764.37,0.0,7764.37,152932.04,2.0,-30882.87,0.0,2676.36,61809.259,71247.59,869.63,3188.65,34154.93,84463.11,0.0,5612.45,4209.34,10908.56,82156.15000000001,4209.34,-5296.110000000001,0.0,2676.36,186437.3,186437.3,51273.289,CASA ORDIALES SL_resum
2011-01-01,23796.68,51360.91,197469.81,6010.0,6674.78,159388.97,49488.62,4527.623333333333,1866.5,11400.66,13267.16,175581.27000000002,124220.359,72627.54,43980.89,0.0,4989.68,4989.68,245044.63,1602.76,245053.27,0.0,0.06,6897.87,0.0,6897.87,159388.97,2.0,-28416.25,0.0,21888.54,66617.54,74263.64,806.12,6287.81,24602.8,107137.34,0.0,6411.04,4808.28,11400.66,85664.3,4808.28,-4989.620000000001,0.0,21888.54,204367.68,204367.68,57248.11,CASA ORDIALES SL_resum
2012-01-01,14308.06,55258.84,192165.17,6010.0,5539.67,141961.18,49488.62,6068.99,2129.0,9544.03,11673.03,170011.25,120821.4,76038.20999999999,44608.36,0.0,4996.469999999999,4996.469999999999,223889.26,1136.89,223889.26,0.0,0.0,9313.76,0.0,9313.76,141961.18,1.0,-25646.69,0.0,16084.93,70028.209,72384.05,0.0,6385.2,14308.06,111132.66,0.0,4547.56,3410.67,9544.03,81928.08,3410.67,-4996.469999999999,0.0,16084.93,201478.93,201478.93,56281.39,CASA ORDIALES SL_resum
2013-01-01,13607.39,44468.34,190717.02,6010.0,4267.57,97937.12,0.0,29268.78,2129.0,6716.57,8845.57,161448.24000000002,146248.68,78176.78,44872.87,0.0,3545.76,1514.1799999999998,173748.31999999998,1032.24,173996.25,0.0,0.0,7351.39,0.0,7351.39,97937.12,1.3333333333333333,-22340.69,0.0,14365.295,72166.78,69342.56,0.0,61815.899,13607.39,106284.24,0.0,3170.8100000000004,2138.569,6716.57,76059.13,2138.569,-3545.76,0.0,12957.11,198068.41,198068.41,51686.86,CASA ORDIALES SL_resum
2014-01-01,62426.810000000005,55578.3,207421.16,6010.0,4630.24,113693.98,0.0,10778.21,2129.0,6280.650000000001,8409.65,183997.29,139197.2,80678.02,45344.45,0.0,3779.41,1764.93,181360.51,772.885,181360.51,0.0,0.0,6996.79,0.0,6996.79,113693.98,1.6666666666666665,-13912.43,0.0,12645.66,74668.02,61385.880000000005,0.0,15734.82,62426.810000000005,71313.12000000001,0.0,2501.24,2501.24,6280.650000000001,67666.53,2501.24,-3779.41,0.0,9829.29,214417.95,214417.95,51739.619,CASA ORDIALES SL_resum
2015-01-01,59178.3,52834.27,205316.55,6010.0,3825.1,149502.76,0.0,10019.44,2129.0,4816.49,6945.49,195297.11,152482.28,82374.12000000001,45249.57,0.0,2606.86,2606.86,214128.85,513.53,214128.85,0.0,0.0,5141.39,0.0,5141.39,149502.76,2.0,-12431.029,0.0,6807.0599999999995,76364.12000000001,59809.6,0.0,16071.25,59178.3,68905.52,0.0,2209.63,1696.1,4816.49,64626.09,1696.1,-2606.86,0.0,9032.85,210457.94,210457.94,52195.06,CASA ORDIALES SL_resum
2016-01-01,55763.59,63866.12,205686.09,6010.0,3201.1645,143660.62,0.0,10699.65,1501.6100000000001,4983.429999999999,4983.429999999999,194017.98,140851.51,84170.4,45390.02,0.0,2726.8,2726.8,209933.8,564.16,209933.8,0.0,0.0,5141.39,0.0,5141.39,143660.62,2.0,-15899.73,0.0,968.46,78160.4,61289.75,0.0,7027.37,55763.59,70893.48999999999,0.0,2256.63,1692.47,4983.429999999999,66273.17900000002,1692.47,-2726.8,0.0,8236.41,210827.48,210827.48,50373.45,CASA ORDIALES SL_resum
2017-01-01,72198.3,50742.4,197670.46,6010.0,2577.229,132825.51,0.0,7147.646666666666,874.22,6361.56,7235.78,197670.46,146928.06,85873.40999999999,45559.6,0.0,4090.88,4090.88,205155.44,567.6700000000001,205155.44,0.0,0.0,26426.15,0.0,26426.15,132825.51,2.0,-19534.55,0.0,3805.995,79863.409,65968.369,0.0,15282.5,72198.3,66024.899,0.0,2270.68,1703.009,6361.56,72329.93,1703.009,-4090.88,0.0,7439.97,224096.61,224096.61,52795.380000000005,CASA ORDIALES SL_resum
2018-01-01,68695.62000000001,71587.97,206642.95,6010.0,3551.609,132818.579,0.0,3595.6433333333325,2112.5,5617.91,7730.41,199999.42,128411.45,87312.52,45762.350000000006,0.0,3699.09,3699.09,203380.56,479.71,203380.56,0.0,0.0,27254.33,0.0,27254.33,132818.579,2.0,-17069.22,0.0,6643.53,81302.52,64944.07,0.0,6301.17,68695.62000000001,77889.14,0.0,1918.82,1439.11,5617.91,70561.981,1439.11,-3699.09,0.0,6643.53,233897.28,233897.28,53492.759,CASA ORDIALES SL_resum
2019-01-01,78331.65000000001,28165.33,203301.07,6010.0,3043.73,118455.12,30000.0,43.64,2350.01,6146.37,8496.38,202126.84,174005.15,88006.23999999999,40704.8,0.0,5221.41,5221.41,183914.84,231.24,183914.84,0.0,0.0,28218.05,0.0,28218.05,118455.12,2.0,-16258.54,0.0,1130.59,81996.23999999999,59313.350000000006,0.0,7015.9,78331.65000000001,65181.23,0.0,924.96,693.72,6146.37,65459.72,693.72,-5221.41,0.0,1130.59,231519.12,231519.12,49201.18,CASA ORDIALES SL_resum
2020-01-01,105941.04,22382.65,213712.89,6010.0,3374.2349999999997,91452.27,34794.48,169.59,2474.385,-7709.429999999999,-7709.429999999999,199957.89,177744.83,78486.88,30559.78,0.0,4983.05,4983.05,136384.29,-3173.12,136884.29,0.0,0.0,31391.17,0.0,28218.05,91452.27,1.0,-22581.67,3173.12,13585.41,72476.88,53141.45,0.0,3499.01,105941.04,60676.14,0.0,-12692.48,-9519.36,-7709.429999999999,45432.02,-9519.36,-4983.05,0.0,13560.41,245104.06,245104.06,22850.35,CASA ORDIALES SL_resum
2021-01-01,87348.93,38043.42,222884.82,6010.0,3704.74,130800.03,39168.34,211.21,2598.76,4489.160000000001,7087.92,197259.66,159427.44999999998,79592.86,35527.66,0.0,3014.52,3014.52,196051.18,368.66,196051.18,0.0,0.0,28423.75,0.0,25619.29,130800.03,1.0,-22635.57,2804.46,25413.95,73582.86,60761.99,0.0,7155.02,87348.93,84366.78,0.0,1474.64,1105.98,4489.160000000001,65251.149,1105.98,-3014.52,0.0,25413.95,251308.57,251308.57,42615.58,CASA ORDIALES SL_resum
2022-01-01,63462.6,41943.33,218135.01,6010.0,10876.44,143924.61000000002,39538.350000000006,41.620000000000005,5089.92,9764.4,14854.32,189313.35,147411.64,85379.38,35993.16,0.0,1958.1,1958.1,216796.71,2019.81,216796.71,0.0,0.03,21314.02,0.0,20529.37,143924.61000000002,1.0,-22024.62,784.65,28780.04,79369.38,63107.7,0.0,9125.37,63462.6,90607.05,0.0,7806.33,5786.52,9764.4,72872.1,5786.52,-1958.07,0.0,28780.04,239449.03,239449.03,50847.51,CASA ORDIALES SL_resum
2023-01-01,38255.65,35585.23,190295.43,6010.0,5822.619000000001,150241.84999999998,37597.96,41.620000000000005,2033.69,6319.820000000001,8353.51,174887.55,139302.319,89168.31,36440.66,0.0,1399.13,1399.13,216969.37,1131.76,216969.37,0.0,0.0,18495.68,0.0,18495.68,150241.84999999998,1.0,-21933.35,0.0,15407.88,83158.31,60407.7,0.0,8183.96,38255.65,81367.15000000001,0.0,4920.6900000000005,3788.929,6319.820000000001,66727.519,3788.929,-1399.13,0.0,15407.88,208791.11,208791.11,44794.17,CASA ORDIALES SL_resum
