Año,Acreedores a L. P.,Acreedores comerciales,Activo circulante,Capital suscrito,Cash flow,Consumo de mercaderías y de materias,Deudas financieras,Deudores,Dotaciones para amortiz. de inmovil.,EBIT,EBITDA,Existencias,Fondo de maniobra,Fondos propios,Gastos de personal,Gastos extraordinarios,Gastos financieros,Gastos financieros y gastos asimilados,Importe neto Cifra de Ventas,Impuestos sobre sociedades,Ingresos de explotación,Ingresos extraordinarios,Ingresos financieros,Inmovilizado,Inmovilizado inmaterial,Inmovilizado material,Materiales,Número empleados,Otros Conceptos de Explotación,Otros activos fijos,Otros activos líquidos,Otros fondos propios,Otros gastos de explotación,Otros pasivos fijos,Otros pasivos líquidos,Pasivo fijo,Pasivo líquido,Provisiones,Result. ordinarios antes Impuestos,Resultado Actividades Ordinarias,Resultado Explotación,Resultado bruto,Resultado del Ejercicio,Resultado financiero,Resultados actividades extraordinarias,Tesorería,Total activo,Total pasivo y capital propio,Valor agregado,Empresa
1999-01-01,10981.88,337893.83,225376.42,9015.18,29326.85,1520622.71,8301.82,141673.66,8009.37,31308.39,39317.76,34153.23,175826.88999999998,65032.83,84624.31,513.69,382.66,382.66,854684.88,9136.06,854777.51,0.0,41.51,43680.62,8248.6,34884.99,665549.8300000001,4.0,-159648.58,547.03,49549.53,56017.65,314143.948,653.19,204024.21,10981.88,204024.21,0.0,30967.23,21831.17,31308.39,340617.26,21317.480000000003,-341.16,-513.69,49530.02,269057.04,269057.04,123469.88,COLLELLDEVALL SL_resum
2000-01-01,10981.88,337893.83,278498.05,9015.18,27004.829,1520622.71,8301.82,162764.38999999998,10106.23,21774.43,31880.66,50381.57,213145.96,81931.43999999999,80491.1,0.0,128.49,128.49,950779.53,7242.26,950779.53,2421.12,73.8,36423.53,0.0,36423.53,751883.2,4.0,-159648.58,0.0,65352.089,72916.26,314143.948,653.19,232990.14,10981.88,232990.14,0.0,21719.74,14477.48,21774.43,340617.26,16898.6,-54.690000000000005,2421.12,65352.09,314921.58,314921.58,114866.68,COLLELLDEVALL SL_resum
2001-01-01,10981.88,337893.83,297749.86,9015.18,24794.960000000003,1520622.71,8301.82,153088.2,9497.240000000002,19409.16,28906.4,68257.90999999999,221346.11,97229.15,100368.66,0.0,54.25,54.25,1049044.28,6556.17,1049228.15,2327.4500000000003,171.52,36486.15,0.0,36486.15,828713.76,4.0,-159648.58,0.0,76403.749,88213.97,314143.948,653.19,237006.85,10981.88,237006.85,0.0,19526.44,12970.269,19409.16,340617.26,15297.72,117.28,2327.4500000000003,76403.75,334236.01,334236.01,131774.04,COLLELLDEVALL SL_resum
2002-01-01,10981.88,337893.83,332988.03,9015.18,20681.84,1520622.71,8301.82,207914.62,7506.58,12957.57,20464.15,61978.3,269892.92000000004,110404.42,118160.52,0.0,208.65,208.65,1154168.88,5646.54,1154418.069,5655.58,417.3,45239.02,0.0,45239.02,939241.48,5.0,-159648.58,0.0,63095.11,101389.239,314143.948,653.19,267822.63,10981.88,267822.63,0.0,13166.22,7519.679,12957.57,340617.26,13175.26,208.65,5655.58,63095.11,378227.05,378227.05,144697.55,COLLELLDEVALL SL_resum
2003-01-01,10981.88,337893.83,375417.63,9015.18,21752.07,1520622.71,8301.82,222259.93,11323.3,18349.42,29672.719,69890.8,292150.73000000004,120833.19,123956.72,4791.620000000001,766.3399999999999,766.3399999999999,1205328.34,4469.469999999999,1205987.05,1992.51,114.27,60321.67,16740.149999999998,43581.52,958826.86,5.0,-159648.58,0.0,83266.9,111818.01,314143.948,653.19,303924.23000000004,10981.88,303924.23000000004,0.0,17697.35,13227.879,18349.42,340617.26,10428.77,-652.07,-2799.109,82432.56,435739.3,435739.3,150944.599,COLLELLDEVALL SL_resum
2004-01-01,5911.99,337893.83,381061.589,9015.18,20585.25,1520622.71,8301.82,214155.38,13351.42,8892.99,22244.41,84635.9,298791.28,128067.02,129686.11,0.0,508.42,508.42,1203379.32,3100.21,1203777.57,819.56,1129.91,48200.25,13649.66,34550.59,956343.4,5.0,-159648.58,0.0,82270.30900000001,119051.84,314143.948,653.19,295282.83,5911.99,295282.83,0.0,9514.48,6414.269,8892.99,340617.26,7233.83,621.49,819.56,81878.88,429261.84,429261.84,153879.99,COLLELLDEVALL SL_resum
2005-01-01,2678.22,337893.83,444202.839,9015.18,20835.129,1520622.71,8301.82,295175.82,12630.8,8283.25,20914.05,87939.8,383115.62,136271.34999999998,129920.13,0.0,414.0,414.0,1432973.64,3516.14,1433216.16,3848.74,2.48,41069.45,12934.17,28135.28,1176519.1900000002,5.0,-159648.58,0.0,61087.219,127256.17,314143.948,653.19,346322.72000000003,2678.22,346322.72000000003,0.0,7871.73,4355.59,8283.25,340617.26,8204.33,-411.52,3848.74,60975.56,485272.29,485272.29,154685.4,COLLELLDEVALL SL_resum
2006-01-01,14043.034999999998,337893.83,484954.03,9015.18,22887.6,1520622.71,8301.82,328914.28,13299.32,12940.08,26239.4,93709.76,422624.04,145859.63,138994.68,0.0,196.52,196.52,1602462.6900000002,4109.27,1603784.72,641.69,312.3,28234.23,9093.68,19140.55,1335342.84,5.0,-159648.58,0.0,62329.989,136844.44999999998,314143.948,653.19,367328.63,14043.034999999998,367328.63,0.0,13055.86,8946.59,12940.08,340617.26,9588.28,115.78,641.69,62328.54,513188.26,513188.26,166188.069,COLLELLDEVALL SL_resum
2007-01-01,25407.85,337893.83,485581.33,9015.18,36604.54,1520622.71,8301.82,336843.6,23015.11,19308.24,42323.350000000006,82785.8,419629.399,159449.06,145895.53,0.0,2425.4300000000003,2425.4300000000003,1858740.99,4529.81,1859159.99,296.79,939.64,86864.75,32935.309,53929.44,1538384.43,6.0,-159648.58,0.0,65951.93,150433.87999999998,314143.948,653.19,387589.17,25407.85,387589.17,0.0,17822.45,13292.64,19308.24,340617.26,13589.43,-1485.79,296.79,63157.9,572446.08,572446.08,189455.31,COLLELLDEVALL SL_resum
2008-01-01,15772.4,337893.83,515046.17,9015.18,42696.310000000005,1520622.71,8301.82,329252.65,23240.91,26473.31,49714.22,83329.73,74688.549,178904.46,131254.45899999997,0.0,1623.66,1623.66,1861239.97,6485.13,1861239.97,0.0,1090.88,68546.35,125.0,68421.35,1520622.71,6.0,-159648.58,12502.53,102463.79,169889.28,314143.948,653.19,42066.82,16425.59,388262.47,0.0,25940.53,19455.399,26473.31,340617.26,19455.399,-532.7800000000001,0.0,102463.79,583592.52,583592.52,182059.559,COLLELLDEVALL SL_resum
2009-01-01,8846.27,358896.06,549220.07,9015.18,58876.43,1535350.92,7787.3,403365.8,30465.29,36104.64,66569.929,63969.58,108439.32,207315.6,126105.94,0.0,699.1700000000001,699.1700000000001,1894543.69,7102.79,1894543.69,0.0,108.46,76017.15000000001,0.0,51012.09,1535350.92,6.0,-166516.9,25005.06,81884.69,198300.419,323088.129,395.65,41996.34,9241.92,408679.7,0.0,35513.93,28411.14,36104.64,359192.77,28411.14,-590.7090000000001,0.0,81831.31,625237.22,625237.22,192784.33,COLLELLDEVALL SL_resum
2010-01-01,17595.1,341529.41000000003,569283.69,9015.18,50780.649,1451213.08,13692.23,406380.52,33683.350000000006,22078.4,55761.75,58678.350000000006,123529.46,224412.9,143925.12,0.0,693.42,693.42,1816753.89,5171.57,1816753.89,0.0,883.89,68933.81,0.0,43928.75,1451213.08,4.0,-165853.94,25005.06,104224.819,215397.72,343462.41000000003,0.0,40987.86,17595.1,396209.5,0.0,22268.87,17097.3,22078.4,365540.809,17097.3,190.47,0.0,103458.64,638217.5,638217.5,200570.76,COLLELLDEVALL SL_resum
2011-01-01,12672.83,368658.82,634668.22,9015.18,35391.61,1667851.73,5616.320000000001,451490.95,17707.88,23454.21,41162.09,81443.2,164275.33,242096.63,150894.28,0.0,760.1,760.1,2046380.9,5894.58,2046380.9,0.0,884.2,51225.93,0.0,26220.87,1667851.73,5.0,-186472.8,25005.06,101734.069,233081.45,355074.95900000003,0.0,56849.55,12672.83,431124.69,0.0,23578.31,17683.73,23454.21,378529.169,17683.73,124.1,0.0,99794.81,685894.15,685894.15,192940.57,COLLELLDEVALL SL_resum
2012-01-01,7556.42,364169.39,654144.59,9015.18,33762.049,1696234.51,5055.48,476976.07,17655.3,19628.81,37284.11,76427.9,189234.579,258203.38,169674.41,0.0,434.91,434.91,2091566.63,4026.69,2091566.63,0.0,939.54,40549.61,0.0,14065.57,1696234.51,5.0,-188373.6,26484.04,100740.62,249188.2,375703.31,0.0,59709.53,7556.42,428934.4,0.0,20133.44,16106.749000000002,19628.81,395332.119,16106.749000000002,504.629,0.0,99998.68,694694.2,694694.2,207898.06,COLLELLDEVALL SL_resum
2013-01-01,2234.1,356618.27,686447.2899999999,9015.18,26113.67,1814940.38,5259.41,442714.19,5905.96,24929.74,30835.7,84443.25,170539.169,278411.09,178878.23,0.0,206.28,206.28,2220860.31,5051.929999999999,2220860.31,0.0,536.1800000000001,23275.13,0.0,8159.610000000001,1814940.38,5.0,-196206.0,15115.52,159289.849,269395.91000000003,380990.19,0.0,67199.55,2234.1,429077.23,0.0,25259.64,20207.71,24929.74,405919.93000000005,20207.71,329.9,0.0,158866.27000000002,709722.42,709722.42,210250.11,COLLELLDEVALL SL_resum
2014-01-01,21333.4,407363.23,780067.56,9015.18,53921.43,2103831.49,8286.25,506057.53,10299.54,56961.63,67261.17000000001,63313.62,162007.91999999998,322032.98000000004,218243.79,0.0,2439.4,2439.4,2610090.97,10905.47,2610090.97,0.0,5.13,57046.28,0.0,54041.22,2103831.49,6.0,-220754.52,3005.06,210696.409,313017.8,449297.85,0.0,78097.98,21333.4,493747.46,0.0,54527.36,43621.89,56961.63,506259.48,43621.89,-2434.27,0.0,210272.83,837113.8400000001,837113.8400000001,285510.09,COLLELLDEVALL SL_resum
2015-01-01,14857.9,512063.12,968734.5,9015.18,94919.62,2285475.0,6475.5,596891.42,17731.3,102917.1,120648.4,64205.3,149033.6,399221.3,276331.79000000004,0.0,1567.88,1567.88,2947894.27,24275.38,2947894.27,0.0,114.48,72028.72,0.0,39423.66,2285475.0,7.5,-265439.08,32605.06,307637.77900000004,390206.12,559502.1699999999,2427.54,105717.86,17285.440000000002,624256.48,0.0,101463.7,77188.319,102917.1,662419.2699999999,77188.319,-1453.4,0.0,307170.97000000003,1040763.22,1040763.22,397094.67,COLLELLDEVALL SL_resum
2016-01-01,7985.929999999999,587040.99,987312.04,9015.18,139341.99,2528498.38,6889.969999999999,660029.1699999999,26487.9,148644.04,175131.94,65816.5,138804.68,512075.39,315557.18,0.0,1156.22,1156.22,3293476.7800000003,35514.16,3293476.7800000003,0.0,880.43,220437.78,0.0,185765.91,2528498.38,9.0,-274289.28,34671.87,261466.37,503060.209,616334.3600000001,5978.96,87778.58,13964.89,681709.54,0.0,148368.25,112854.09,148644.04,764978.399,112854.09,-275.79,0.0,260774.63,1207749.82,1207749.82,491569.55,COLLELLDEVALL SL_resum
2017-01-01,7985.929999999999,663373.9500000001,1332727.54,9015.18,242830.94,2681165.82,10645.039499999999,723910.93,30577.39,283830.39,314407.78,67535.3,128072.28,724328.9400000001,379041.56,0.0,722.8299999999999,722.8299999999999,3563573.85,71893.43999999999,3563573.85,0.0,1039.43,191070.58,0.0,72403.77,2681165.82,11.0,-188958.69,118666.81,541281.309,715313.76,598577.639,35589.08,92520.22,43575.01,755894.1699999999,0.0,284146.99000000005,212253.55,283830.39,882408.03,212253.55,316.6,0.0,540439.37,1523798.12,1523798.12,694488.7699999999,COLLELLDEVALL SL_resum
2018-01-01,49837.93,722817.55,1427965.21,9015.18,227342.88,2729777.69,14400.109,861643.8,49770.6,230236.59,280007.19,70082.5,208908.75,901901.22,421605.31,0.0,846.88,846.88,3735460.98,53056.69,3736173.48,0.0,1239.26,400425.31,0.0,155916.56,2729777.69,12.0,-304783.29000000004,244508.75,496238.91,892886.04,776159.2,34943.28,104490.43,84781.20999999999,841708.09,0.0,230628.97,177572.28,230236.59,1006395.79,177572.28,392.38,0.0,495235.05,1828390.52,1828390.52,702851.76,COLLELLDEVALL SL_resum
2019-01-01,35864.310000000005,719602.37,1651235.07,9015.18,245989.27,2694258.03,15128.66,707681.76,65341.69,231791.92,297133.61,54008.4,42087.78999999999,1082548.8,462249.92,0.0,779.19,779.19,3798866.1,55085.53,3798866.1,0.0,4720.38,330918.94,0.0,98839.33,2694258.03,12.0,-345224.54,232079.61,889544.909,1073533.62,872816.149,40451.84,88558.03,76316.15000000001,823289.06,0.0,235733.11,180647.58,231791.92,1104608.07,180647.58,3941.19,0.0,888516.71,1982154.01,1982154.01,764103.909,COLLELLDEVALL SL_resum
2020-01-01,21679.65,578655.09,1698351.33,9015.18,235920.849,2225053.18,14184.66,673965.14,62598.11,205055.48,267653.59,62196.65,157506.7,1255871.54,468613.72,0.0,695.72,695.72,3338365.93,36491.7,3338365.93,0.0,5454.68,280616.73000000004,0.0,95108.92,2225053.18,13.0,-377045.44,185507.81,962189.54,1246856.36,908257.269,30829.15,77747.97,52508.8,670587.72,0.0,209814.44,173322.74000000002,205055.48,1113312.75,173322.74000000002,4758.96,0.0,960101.62,1978968.06,1978968.06,741721.989,COLLELLDEVALL SL_resum
2021-01-01,1605080.27,854364.92,1606491.64,9015.18,262975.95,2905214.31,116599.38,944383.04,59663.18,254313.17,313976.35,75028.3,165046.41999999998,1459184.31,538512.88,0.0,5357.18,5357.18,4153726.53,62417.04,4153726.53,0.0,16773.82,2529627.5,0.0,2356097.77,2905214.31,15.0,-396022.9900000001,173529.73,587080.3,1450169.13,994199.05,27894.44,72995.82,1632974.71,1043960.12,0.0,265729.81,203312.77,254313.17,1248512.219,203312.77,11416.64,0.0,585611.88,4136119.14,4136119.14,869263.05,COLLELLDEVALL SL_resum
2022-01-01,1501388.0,863870.3600000001,1792676.0,9015.18,293722.95,3287288.87,103692.27,930574.23,103061.47,272872.03,375933.5,419698.88,486402.749,1649845.79,661234.9600000001,0.0,29600.03,24249.78,4836086.37,57135.43,4847623.45,0.0,4524.91,2529831.01,0.0,2373524.2800000003,3287288.87,18.0,-523166.119,156306.73,442402.89,1640830.6090000002,1287462.549,28858.53,174852.06,1530246.53,1142414.6900000002,0.0,247796.91,190661.48,272872.03,1560334.58,190661.48,-25075.12,0.0,439430.37,4322507.01,4322507.01,1036343.12,COLLELLDEVALL SL_resum
2023-01-01,1388901.44,723563.8400000001,1861710.38,9015.18,342960.43000000005,3706693.02,105205.82,1004865.6,114604.89,321857.79000000004,436462.68,427403.78,708705.539,1878201.31,701548.62,0.0,26374.68,22520.01,5359260.98,71125.11,5359260.98,0.0,3997.54,2474112.76,1666.6699999999998,2326706.84,3706693.02,19.0,-514556.66,145739.25,429441.0,1869186.13,1330710.1700000002,30055.4,209895.33,1418956.84,1038664.99,0.0,299480.65,228355.54,321857.79000000004,1652567.96,228355.54,-22377.14,0.0,427772.06,4335823.14,4335823.14,1138154.1700000002,COLLELLDEVALL SL_resum
