Año,Acreedores a L. P.,Acreedores comerciales,Activo circulante,Capital suscrito,Cash flow,Consumo de mercaderías y de materias,Deudas financieras,Deudores,Dotaciones para amortiz. de inmovil.,EBIT,EBITDA,Existencias,Fondo de maniobra,Fondos propios,Gastos de personal,Gastos extraordinarios,Gastos financieros,Gastos financieros y gastos asimilados,Importe neto Cifra de Ventas,Impuestos sobre sociedades,Ingresos de explotación,Ingresos extraordinarios,Ingresos financieros,Inmovilizado,Inmovilizado inmaterial,Inmovilizado material,Materiales,Número empleados,Otros Conceptos de Explotación,Otros activos fijos,Otros activos líquidos,Otros fondos propios,Otros gastos de explotación,Otros pasivos fijos,Otros pasivos líquidos,Pasivo fijo,Pasivo líquido,Provisiones,Result. ordinarios antes Impuestos,Resultado Actividades Ordinarias,Resultado Explotación,Resultado bruto,Resultado del Ejercicio,Resultado financiero,Resultados actividades extraordinarias,Tesorería,Total activo,Total pasivo y capital propio,Valor agregado,Empresa
1999-01-01,25543.01,146939.74000000002,561058.21,96161.94,82368.25,377339.54,0.0,461704.27,11835.39,83418.78,95254.17,36071.11,497775.38,308158.79000000004,126936.97,0.0,17985.649999999998,8664.949999999999,1138931.74,33638.37,1141758.26,802.4499999999999,37935.65,400936.36,15404.49,31295.11,720279.57,8.0,-193365.71,354236.76,63282.829,211996.849,532641.6699999999,0.0,628292.76,25543.01,628292.76,0.0,103368.78,69730.40999999999,83418.78,642873.159,70532.86,19950.0,802.4499999999999,63129.36,961994.56,961994.56,251608.54,COLL LORAS SA_resum
2000-01-01,716389.2899999999,146939.74000000002,775462.42,96161.94,106857.41,377339.54,0.0,517672.83,14595.22,74107.0,88702.22,108444.78,626117.61,400420.98,156594.8,88.27,55928.439,47627.64,1334613.31,34347.28999999999,1352255.02,0.0,108519.2,1005771.46,738.62,36911.37,881187.3300000001,9.0,-193365.71,968121.47,149344.81,304259.04,532641.6699999999,0.0,664423.62,716389.2899999999,664423.62,0.0,126697.76,92350.47,74107.0,642873.159,92262.19,52590.76,-88.27,149344.81,1781233.89,1781233.89,345427.14,COLL LORAS SA_resum
2001-01-01,716389.2899999999,146939.74000000002,731342.4600000001,96161.6,87854.06,377339.54,0.0,578402.92,13685.65,116887.43,130573.079,107165.39,685568.31,474589.39,166302.24000000002,0.0,51526.42,37029.55,1417136.85,27069.69,1428177.15,0.0,35877.09,969438.29,3744.24,44384.71,936821.59,8.0,-193365.71,921309.34,45774.149,378427.79,532641.6699999999,0.0,509802.07,716389.2899999999,509802.07,0.0,101238.1,74168.40999999999,116887.43,642873.159,74168.40999999999,-15649.33,0.0,45774.15,1700780.75,1700780.75,318255.54,COLL LORAS SA_resum
2002-01-01,716389.2899999999,146939.74000000002,791380.1699999999,96161.6,60857.380000000005,377339.54,0.0,568933.3,18595.65,146405.81,165001.46,82931.43,651864.73,516851.12,169531.43,302.83,104804.4,22073.84,1347113.76,15618.31,1352031.94,0.0,16581.460000000003,1062970.86,2023.79,352446.24,881521.56,8.0,-193365.71,708500.8300000001,139515.43899999998,420689.52,532641.6699999999,0.0,621110.62,716389.2899999999,621110.62,0.0,58182.87,42564.56,146405.81,642873.159,42261.73,-88222.93999999999,-302.83,139515.44,1854351.03,1854351.03,268080.96,COLL LORAS SA_resum
2003-01-01,21996.76,146939.74000000002,526135.47,96161.6,94321.44,377339.54,0.0,464981.34,28808.05,59957.09,88765.14,41712.07,506693.41,582364.51,184596.67,0.0,156533.3,33333.91,1288892.2,26333.49,1292881.63,0.0,188423.09,998576.54,7914.39,392169.37,814900.9500000001,9.0,-193365.71,598492.7799999999,19442.059,486202.91,532641.6699999999,0.0,920350.74,21996.76,920350.74,0.0,91846.88,65513.39,59957.09,642873.159,65513.39,31889.79,0.0,19442.06,1524712.01,1524712.01,338585.51,COLL LORAS SA_resum
2004-01-01,7098.150000000001,146939.74000000002,551801.3300000001,96161.6,83516.88,377339.54,0.0,293542.88,36808.6,66638.899,103447.499,12136.8,305679.68,629072.7899999999,188562.47,0.0,35539.119999999995,2255.57,831521.9,18058.52,835335.25,4383.63,29283.39,448587.27,6422.64,426914.13,395646.51,9.0,-193365.71,15250.5,246121.649,532911.19,532641.6699999999,0.0,364217.66,7098.150000000001,364217.66,0.0,60383.17,42324.649,66638.899,642873.159,46708.28,-6255.73,4383.63,246121.65,1000388.6,1000388.6,292393.44,COLL LORAS SA_resum
2005-01-01,117878.71499999998,146939.74000000002,844334.6799999999,96161.6,137962.1,377339.54,0.0,108918.89,37525.87,109380.53,146906.4,32853.6,141772.49,729509.02,219081.22,0.0,7527.650000000001,3142.68,1324316.42,39351.32,1334552.8690000002,0.0,37934.67,426607.7,4094.5,407262.7,665967.9,9.0,-193365.71,15250.5,702562.19,633347.42,532641.6699999999,0.0,541433.3600000001,117878.71499999998,541433.3600000001,0.0,139787.55,100436.229,109380.53,642873.159,100436.23,30407.02,0.0,702562.19,1270942.38,1270942.38,399537.32,COLL LORAS SA_resum
2006-01-01,228659.27999999997,146939.74000000002,1089243.96,96161.6,193734.15,377339.54,0.0,123938.61,42729.72,213308.23,256037.95,5437.2,129375.81,880513.4500000001,253587.52,0.0,45704.21,3818.39,1582864.7,66391.78,1585136.28,5931.87,43860.32,427461.75,2246.9500000000003,409964.3,719219.2,10.0,-193365.71,15250.5,959868.15,784351.8500000001,532641.6699999999,0.0,636192.26,228659.27999999997,636192.26,0.0,211464.34,145072.56,213308.23,642873.159,151004.43,-1843.89,5931.87,959868.15,1516705.71,1516705.71,517531.839,COLL LORAS SA_resum
2007-01-01,339439.845,146939.74000000002,1204434.0,96161.6,164195.34999999998,377339.54,0.0,161204.36,44557.72,243974.41,288532.13,25110.0,186314.36,1000151.08,267467.22900000005,1500.0,138555.88999999998,4531.75,1704034.99,41189.49,1709270.24,8638.18,48270.42,385536.4,117.76,370168.14,793004.4600000001,11.0,-193365.71,15250.5,1018119.64,903989.48,532641.6699999999,0.0,589819.3200000001,339439.845,589819.3200000001,0.0,153688.94,112499.45,243974.41,642873.159,119637.63,-90285.47,7138.18,1018119.64,1589970.4,1589970.4,477383.819,COLL LORAS SA_resum
2008-01-01,450220.41,146939.74000000002,1236251.55,96161.6,228866.02,377339.54,72851.93999999999,49141.68,69592.98,110231.49,179824.47,3729.0,-94069.06,1159424.12,269682.98000000004,0.0,22327.16,22327.16,1013433.45,17022.34,1020212.7,0.0,88391.05,844959.51,70.01,816190.3200000001,377339.54,11.0,-193365.71,28699.18,1183380.8690000002,1063262.52,532641.6699999999,0.0,251774.85,450220.41,471566.53,0.0,176295.37999999998,159273.04,110231.49,642873.159,159273.04,66063.89,0.0,94766.23,2081211.06,2081211.06,537898.5,COLL LORAS SA_resum
2009-01-01,409897.4,166132.29,1437599.16,96161.6,219184.8,560806.66,93280.28,588475.6799999999,112757.73,168208.23,280965.96,44736.1,467079.4900000001,1265851.1900000002,267721.52,0.0,64088.07,31458.76,1305760.75,37025.71,1309262.49,0.0,39332.62,709364.93,218.32,693406.43,600182.66,11.0,-199768.349,15740.18,804387.38,1169689.59,580247.6,0.0,211802.93,409897.4,471215.5,0.0,143452.78,106427.07,168208.23,748455.8300000001,106427.07,-24755.449,0.0,804387.38,2146964.089,2146964.089,555390.7899999999,COLL LORAS SA_resum
2010-01-01,367321.06,115992.58,1525806.78,96161.6,178516.08,535772.43,67983.98999999999,537123.51,105037.3,59212.96,164250.26,27412.33,448543.259,1339329.97,270903.2,0.0,24165.87,24165.87,1144496.46,24492.93,1150267.64,0.0,62924.62,615075.4500000001,19.15,599805.8,519797.13,10.0,-179341.75,15250.5,961270.94,1243168.37,555282.25,0.0,250254.63,367321.06,434231.2,0.0,97971.71,73478.78,59212.96,614495.2089999999,73478.78,38758.75,0.0,961270.94,2140882.23,2140882.23,498078.08,COLL LORAS SA_resum
2011-01-01,322365.45,87951.98999999999,1597239.36,96161.6,199254.789,536082.1089999999,0.0,494902.34,101133.34,114782.91,215916.25,25303.480000000003,432253.83,1437451.42,295934.93000000005,0.0,21588.95,21588.95,1518889.8,30054.61,1525757.05,0.0,34982.1,541689.6699999999,16.794999999999998,526439.1699999999,534043.5889999999,11.0,-477823.76,15250.5,1077033.54,1341289.82,874892.03,0.0,291160.17,322365.45,379112.16,0.0,128176.06,98121.45,114782.91,989674.941,98121.45,13393.149,0.0,1042957.01,2138929.029,2138929.029,546833.2789999999,COLL LORAS SA_resum
2012-01-01,274897.61,216181.22,1845677.53,96161.6,221428.76,409707.65,47467.84,261314.61,102543.44,165039.97,267583.41000000003,23053.58,68186.97,1552656.74,314829.74,0.0,34461.810000000005,18910.42,1133384.25,24635.17,1138295.61,0.0,12942.33,442442.85,14.44,427177.91,408178.87,11.0,-146174.81,15250.5,1561309.34,1456495.14,563547.99,0.0,196916.97,274897.61,460566.03,0.0,143520.49,118885.319,165039.97,728587.9600000001,118885.319,-21519.479,0.0,1561309.34,2288120.38,2288120.38,579804.09,COLL LORAS SA_resum
2013-01-01,224777.19,169826.0,2014532.2,96161.6,249613.32,427023.839,50120.42,254683.39,109332.66,213543.05,322875.70900000003,18332.5,103189.89,1689257.4,320209.61,0.0,53163.64,16444.56,1270358.83,35073.880000000005,1277511.62,0.0,14975.13,365018.03,89.752,349767.53,422359.74,11.0,-207402.46,15250.5,1741516.31,1593095.799,636944.73,0.0,245569.22,224777.19,465515.64,0.0,175354.54,140280.66,213543.05,850487.7799999999,140280.66,-38188.51,0.0,1741516.31,2379550.23,2379550.23,621341.37,COLL LORAS SA_resum
2014-01-01,171855.9,116231.25,2050780.36,96161.6,207756.71,263493.2,52921.28999999999,254699.1,106038.49,25588.09,131626.58,15163.7,153631.55,1790975.62,318201.57,0.0,13744.01,13744.01,897858.1799999999,27321.4,904197.3,0.0,117195.54,335905.36,165.064,320654.86,259847.3,11.0,-190875.949,15250.5,1780917.559,1694814.02,615116.01,0.0,254701.66,171855.9,423854.2,0.0,129039.62,101718.22,25588.09,640704.1,101718.22,103451.53,0.0,207262.18,2386685.72,2386685.72,567023.69,COLL LORAS SA_resum
2015-01-01,115977.27,83088.26,2468105.98,96161.6,198111.399,587000.08,55878.63,37680.47,38849.17,100385.71,139234.87999999998,19342.6,-26065.189,1950237.85,337487.37,0.0,10940.72,10940.72,1478526.31,51342.98,1484748.22,0.0,121160.22,298047.99000000005,240.37599999999998,282797.49000000005,591585.08,10.0,-421025.89,15250.5,2411082.91,1854076.25,797362.43,5134.3,555837.659,121111.57,694804.55,0.0,210605.21,159262.229,100385.71,897748.14,159262.229,110219.5,0.0,246629.89,2766153.97,2766153.97,597882.47,COLL LORAS SA_resum
2016-01-01,56976.02,55246.63,2276919.34,96161.6,202478.46,406504.92,59001.24,103122.06,37671.75,179925.36,217597.11,15254.0,63129.43,2115044.56,342055.27,0.0,7988.09,7988.09,1138378.13,48868.99,1144193.329,0.0,41738.43,621147.2899999999,315.688,605896.7899999999,402117.52,11.0,-178036.03,15250.5,2158543.2800000003,2018882.96,557763.05,10142.46,601655.72,67118.48,715903.59,0.0,213675.7,164806.71000000002,179925.36,737688.409,164806.71000000002,33750.340000000004,0.0,162432.84999999998,2898066.63,2898066.63,601390.809,COLL LORAS SA_resum
2017-01-01,56976.02,48895.39,2481615.42,96161.6,310868.41000000003,431405.56,56976.0,72796.7,44510.82,461083.16,505593.98,13964.0,37865.310000000005,2381402.15,342589.98000000004,0.0,125919.87,4877.25,1606486.21,73671.62000000001,1612419.33,0.0,4865.92,793665.3300000001,391.0,678023.8300000001,430485.56,11.0,-332829.81,115250.5,2394854.719,2285240.55,719930.61,23348.72,764658.49,23348.72,870529.88,0.0,340029.21,266357.59,461083.16,1181013.77,266357.59,-121053.95,0.0,499344.01,3275280.75,3275280.75,732007.259,COLL LORAS SA_resum
2018-01-01,56976.02,86203.70999999999,2942671.41,96161.6,304696.02,593726.64,0.02,59668.71,39183.96,343807.72000000003,382991.68,11203.0,-15332.0,2646914.21,365554.25,0.0,13329.73,1564.81,1608974.71,68088.84,1614928.3490000002,0.0,3122.9100000000003,790926.03,437.45,695675.53,604929.64,12.0,-272655.78,95250.5,2871799.7,2550752.61,677393.99,28971.83,971507.669,28971.83,1057711.3990000002,0.0,333600.9,265512.06,343807.72000000003,1021201.709,265512.06,-10206.82,0.0,1843066.08,3733597.44,3733597.44,739903.92,COLL LORAS SA_resum
2019-01-01,56976.02,37226.810000000005,2832208.74,96161.6,257786.69,413351.9900000001,0.0,54663.54,36922.55,253164.52,290087.07,9758.0,27194.73,2867778.35,338807.56,0.0,0.0,1564.81,1479179.16,53066.94,1487649.7,0.0,20766.559,1303688.26,483.9,661489.65,411906.9900000001,11.0,-445403.079,641714.71,2767787.2,2771616.75,821133.19,33298.62899999999,1197593.21,33298.62899999999,1234820.02,0.0,273931.08,220864.14,253164.52,1074297.71,220864.14,20766.559,0.0,1947725.75,4135897.0,4135897.0,649661.19,COLL LORAS SA_resum
2020-01-01,56976.02,22433.32,2373377.45,96161.6,232481.81,186070.91,0.0,17970.47,31465.28,191686.6,223151.88,7737.8,3274.9500000000003,3068794.88,347520.25,0.0,79094.47,1564.81,983078.65,39970.26,991079.37,0.0,128394.659,1796535.27,1.7600000000000002,857144.14,184050.71,12.0,-234336.33,939389.37,2347669.179,2972633.2800000003,613321.8600000001,32853.019,1045831.5,32853.019,1068264.82,0.0,240986.79,201016.53,191686.6,805008.4600000001,201016.53,49300.189,0.0,1607971.95,4169912.72,4169912.72,619972.3200000001,COLL LORAS SA_resum
2021-01-01,56976.02,23866.22,2584466.96,96161.6,154949.04,167462.33,0.0,83434.69,25548.09,219190.83,244738.919,49169.54,108738.01,3198195.83,347791.79000000004,0.0,127993.49,1564.81,917088.25,27916.22,922910.52,0.0,66119.83,1425616.73,1.7600000000000002,890951.4,199565.83,11.0,-162917.47999999998,534665.3300000001,2451862.73,3102034.23,536257.3600000001,31384.5,756637.14,31384.5,780503.3600000001,0.0,157317.17,129400.95,219190.83,755448.19,129400.95,-61873.66,0.0,2219292.81,4010083.69,4010083.69,530657.049,COLL LORAS SA_resum
2022-01-01,56976.02,24629.97,2585029.86,96161.6,124496.02,187224.62,0.0,36735.76,22267.88,138272.67,160540.55,31002.19,43107.979,3299779.71,322224.78,0.0,62716.0,1564.81,799835.71,21903.28,802080.76,0.0,48574.75,1405493.45,1.7600000000000002,885027.93,156370.22,10.0,-132090.81,520465.52,2517291.91,3203618.11,476583.47,26564.63,639549.0,26564.63,664178.97,0.0,124131.42,102228.14,138272.67,614856.14,102228.14,-14141.25,0.0,884242.54,3990523.31,3990523.31,468624.08,COLL LORAS SA_resum
2023-01-01,56976.02,14019.76,2585661.49,96161.6,87864.069,170207.03,0.0,162153.2,19181.92,32923.850000000006,52105.77,23865.12,171998.56,3368461.86,318538.06,0.0,25892.89,1564.81,627326.64,10446.14,628769.51,0.0,72097.33,1387580.09,1.7600000000000002,879389.4,170207.03,6.0,-87918.65000000001,508190.69,2399643.17,3272300.26,425638.629,18541.52,572218.4400000001,18541.52,586238.2,0.0,79128.29,68682.15000000001,32923.850000000006,458562.48,68682.15000000001,46204.44,0.0,465835.15,3973241.58,3973241.58,416848.269,COLL LORAS SA_resum
