Año,Acreedores a L. P.,Acreedores comerciales,Activo circulante,Capital suscrito,Cash flow,Consumo de mercaderías y de materias,Deudas financieras,Deudores,Dotaciones para amortiz. de inmovil.,EBIT,EBITDA,Existencias,Fondo de maniobra,Fondos propios,Gastos de personal,Gastos extraordinarios,Gastos financieros,Gastos financieros y gastos asimilados,Importe neto Cifra de Ventas,Impuestos sobre sociedades,Ingresos de explotación,Ingresos extraordinarios,Ingresos financieros,Inmovilizado,Inmovilizado inmaterial,Inmovilizado material,Materiales,Número empleados,Otros Conceptos de Explotación,Otros activos fijos,Otros activos líquidos,Otros fondos propios,Otros gastos de explotación,Otros pasivos fijos,Otros pasivos líquidos,Pasivo fijo,Pasivo líquido,Provisiones,Result. ordinarios antes Impuestos,Resultado Actividades Ordinarias,Resultado Explotación,Resultado bruto,Resultado del Ejercicio,Resultado financiero,Resultados actividades extraordinarias,Tesorería,Total activo,Total pasivo y capital propio,Valor agregado,Empresa
1999-01-01,32006.33,997329.89,521147.48,60101.21,77522.93,3198165.09,0.0,259010.67,34295.87,56168.72,90464.59,25262.960000000003,284273.63,367394.53,250176.05,160.93,2148.32,2148.32,1231085.6,18858.65,1231085.6,6377.74,1848.5,273693.01,41668.850000000006,225863.21,729962.26,14.0,-386189.47,6160.95,236873.849,307293.32,1393125.39,30460.25,395439.63,32006.33,395439.63,0.0,55868.91,37010.26,56168.72,1417917.799,43227.06,-299.81,6216.809,236224.219,794840.5,794840.5,348705.95,CONSTRUCCIONS REBUJENT SA_resum
2000-01-01,38899.66,997329.89,450901.899,60101.21,96033.33,3198165.09,0.0,209896.23,46356.87,62352.43,108709.3,19939.93,229836.16,417070.9900000001,323626.6,355.4,2885.28,2885.28,1542223.37,21329.85,1550386.8,3451.96,8442.6,313192.92000000004,46743.99,259006.97,989053.66,17.0,-386189.47,7441.959,221065.739,356969.77900000004,1393125.39,30460.25,308124.17,38899.66,308124.17,0.0,67909.75,46579.9,62352.43,1417917.799,49676.46,5557.320000000001,3096.56,219359.58,764094.8200000001,764094.8200000001,443875.06,CONSTRUCCIONS REBUJENT SA_resum
2001-01-01,30897.01,997329.89,1026611.2,60110.0,119681.22,3198165.09,0.0,745776.4400000001,47040.72,98264.44,145305.16,5031.73,750808.169,489711.4900000001,457969.39,4924.620000000001,2701.77,2701.77,2510450.34,31131.63,2518970.05,394.53,12739.55,322515.04,37984.01,265069.07,1737330.36,24.0,-386189.47,19461.959,275803.03,429601.4900000001,1393125.39,30460.25,828517.74,30897.01,828517.74,0.0,108302.22,77170.59,98264.44,1417917.799,72640.5,10037.78,-4530.09,273358.15,1349126.24,1349126.24,611484.01,CONSTRUCCIONS REBUJENT SA_resum
2002-01-01,27997.45,997329.89,1273808.57,60110.0,117007.14,3198165.09,0.0,1006399.51,53920.53,82531.6,136452.13,2518.34,1008917.85,552798.09,584026.11,1250.51,2385.49,2385.49,2145732.02,26741.35,2153658.62,2716.74,8215.62,330586.59,72453.23,238671.39,1200369.78,29.0,-386189.47,19461.97,264890.71900000004,492688.089,1393125.39,30460.25,1023599.62,27997.45,1023599.62,0.0,88361.73,61620.380000000005,82531.6,1417917.799,63086.61,5830.13,1466.229,262374.76,1604395.16,1604395.16,730160.09,CONSTRUCCIONS REBUJENT SA_resum
2003-01-01,73338.55,997329.89,1139043.65,60110.0,81739.43,3198165.09,0.0,1058284.8990000002,65116.44,21291.57,86408.01,1879.27,1060164.1690000002,569421.08,545252.53,0.0,2554.58,2554.58,2275738.33,7124.14,2275738.33,1840.93,3169.21,450132.38,30158.34,402661.84,1297449.32,29.0,-386189.47,17312.198999999997,78879.481,509311.079,1393125.39,30460.25,946416.4,73338.55,946416.4,0.0,21906.2,14782.06,21291.57,1417917.799,16622.99,614.63,1840.93,77386.68000000001,1589176.03,1589176.03,636670.6799999999,CONSTRUCCIONS REBUJENT SA_resum
2004-01-01,265005.05,997329.89,1302861.48,60110.0,87324.73999999999,3198165.09,0.0,1220280.39,73066.86,31689.97,104756.83,6866.85,1227147.24,583678.9600000001,723404.21,6367.57,7722.22,7722.22,3084658.15,6110.52,3520446.36,372.69,2395.53,850617.99,42568.56,777880.1799999999,2371135.56,29.0,-386189.47,30169.249,75714.239,523568.959,1393125.39,30460.25,1304795.46,265005.05,1304795.46,0.0,26363.28,20252.76,31689.97,1417917.799,14257.88,-5326.6900000000005,-5994.88,75113.53,2153479.47,2153479.47,824561.69,CONSTRUCCIONS REBUJENT SA_resum
2005-01-01,319792.99000000005,997329.89,1347665.51,60110.0,110291.92,3198165.09,0.0,1075568.98,80745.87000000001,-2585.17,78160.7,186984.81,1262553.79,613225.01,800018.4400000001,2523.24,17235.87,17235.87,3423294.39,12662.59,3423294.39,64489.61,63.31,884454.48,66753.009,793326.41,2172354.91,51.0,-386189.47,24375.06,85111.719,553115.01,1393125.39,30460.25,1299101.99,319792.99000000005,1299101.99,0.0,-19757.73,-32420.32,-2585.17,1417917.799,29546.05,-17172.56,61966.37,83326.739,2232119.99,2232119.99,940208.82,CONSTRUCCIONS REBUJENT SA_resum
2006-01-01,292687.69,997329.89,1668956.98,60110.0,96284.34,3198165.09,0.0,1211429.34,83245.17000000001,35166.7,118411.87,366311.43000000005,1577740.77,626264.1799999999,809973.54,0.0,16783.23,16783.23,4857383.03,5588.21,5073923.03,232.32,11.59,1105964.1,60213.48,1027805.75,3753014.26,29.0,-386189.47,17944.87,91216.209,566154.1799999999,1393125.39,30460.25,1855969.21,292687.69,1855969.21,0.0,18395.06,12806.85,35166.7,1417917.799,13039.17,-16771.64,232.32,90315.76,2774921.08,2774921.08,928629.32,CONSTRUCCIONS REBUJENT SA_resum
2007-01-01,266740.56,997329.89,645407.26,60110.0,382963.74,3198165.09,0.0,356779.52,108262.57,417364.29,525626.8600000001,10090.85,366870.37,900965.35,831465.38,897.6700000000001,34138.52,34138.52,7096587.6,109143.2,7096587.6,1506.659,9.61,1016732.03,60519.47,940644.2,5300630.54,24.0,-386189.47,15568.36,278536.89,840855.3500000001,1393125.39,30460.25,494433.38,266740.56,494433.38,0.0,383235.38,274092.18,417364.29,1417917.799,274701.17,-34128.91,608.989,277809.75,1662139.29,1662139.29,1357710.84,CONSTRUCCIONS REBUJENT SA_resum
2008-01-01,195157.72,997329.89,1284062.82,60110.0,108849.18,3198165.09,45520.17,987658.78,101993.0,24792.41,126785.41,199737.3,190066.19,907821.53,904942.92,0.0,17183.25,16909.09,4616082.89,2285.3900000000003,4616082.89,0.0,1532.41,950795.12,41279.64666666667,933767.98,3198165.09,19.0,-386189.47,17027.14,96666.739,847711.53,1393125.39,30460.25,58568.380000000005,225617.97,1101418.44,0.0,9141.57,6856.18,24792.41,1417917.799,6856.18,-15650.84,0.0,88666.73,2234857.94,2234857.94,1032986.58,CONSTRUCCIONS REBUJENT SA_resum
2009-01-01,157115.26,928674.14,1671793.62,102187.0,75085.4,3817871.19,315069.52,1318308.29,57125.94,69413.14,126539.08,212225.65,601859.7989999999,967857.99,898966.24,0.0,45586.09,45586.09,5213722.26,5986.49,5213722.26,0.0,118.9,910131.67,22039.823333333334,893709.56,3817871.19,18.0,-370345.75,16422.109999999997,141259.68,865670.99,1326437.93,28289.86,184918.52,185405.12,1428662.1800000002,0.0,23945.95,17959.460000000003,69413.14,1395851.069,17959.460000000003,-45467.189,0.0,136259.68,2581925.29,2581925.29,1025624.219,CONSTRUCCIONS REBUJENT SA_resum
2010-01-01,131795.67,1877531.59,2223469.11,102187.0,84161.61,3544093.37,216665.88,1607057.43,54563.42,63273.380000000005,117836.799,412803.68,142329.519,997456.18,900781.67,0.0,24697.38,24697.38,4999926.55,9866.06,4999926.55,0.0,888.25,1120007.97,2800.0,1092328.88,3544093.37,35.0,-437214.71,24879.09,203608.0,895269.1789999999,1392559.8,26119.47,93908.29,157915.14,2188105.76,0.0,39464.25,29598.19,63273.380000000005,1455833.1790000002,29598.19,-23809.13,0.0,133608.0,3343477.08,3343477.08,1019506.72,CONSTRUCCIONS REBUJENT SA_resum
2011-01-01,105073.54,1251487.58,1665465.27,102187.0,44009.67,4469065.83,317793.649,1270755.36,32048.78,60386.21,92434.989,387430.6,406698.379,1009417.07,1104708.34,0.0,45268.84,45268.84,6130952.34,3986.97,6130952.34,0.0,830.49,1115652.27,2800.0,1088705.1,4469065.83,34.0,-464743.18,24147.17,7279.31,907230.07,1601500.3,23949.08,73396.62000000001,129022.62,1642677.85,0.0,15947.86,11960.89,60386.21,1661886.509,11960.89,-44438.350000000006,0.0,7279.31,2781117.54,2781117.54,1197973.82,CONSTRUCCIONS REBUJENT SA_resum
2012-01-01,483620.37,1118155.81,921373.78,102187.0,-1086943.6700000002,2896901.74,415835.779,644752.2799999999,47312.71,-1058529.49,-1011216.78,271638.0,-201765.53,-124839.31,583733.4500000001,0.0,75779.63,74595.83,2658635.15,-2997.042500000001,2658635.15,0.0,52.74,1069046.03,2800.0,1044192.39,2896901.74,23.0,-189216.74,24853.64,4983.5,-227026.309,820262.899,23949.08,73698.08,507569.45,1607689.6700000002,0.0,-1134256.38,-1134256.38,-1058529.49,-238266.59,-1134256.38,-75726.89,0.0,4983.5,1990419.81,1990419.81,-428614.389,CONSTRUCCIONS REBUJENT SA_resum
2013-01-01,1810179.88,80952.40999999999,354245.73000000004,102187.0,-591797.07,1172481.96,10988.97,297202.14,35918.89,-594428.8300000001,-558509.9400000001,271810.125,216249.73,-752555.2699999999,375775.62,0.0,33288.4,20279.45,1243287.95,-9981.055000000002,1243287.95,0.0,1.27,876385.4,2800.0,863551.76,1172481.96,14.0,-253540.31,12833.64,57043.59,-854742.269,665234.8200000001,23949.08,57116.06,1834128.96,149057.44,0.0,-627715.9600000001,-627715.9600000001,-594428.8300000001,70805.989,-627715.9600000001,-33287.13,0.0,57043.59,1230631.13,1230631.13,-195741.999,CONSTRUCCIONS REBUJENT SA_resum
2014-01-01,930245.6,258066.88,996571.02,102187.0,541734.76,1029939.65,8107.59,260806.95,33651.259999999995,508083.5,541734.76,271982.25,274722.319,-244471.77,472478.97,0.0,0.0,11535.725,1644936.2,-16965.0675,1644936.2,0.0,0.0,68969.72,2800.0,67133.42,1029939.65,14.0,399217.18,1836.3,463781.82,-346658.77,106913.049,23949.08,89643.36,954194.68,355817.83,0.0,508083.5,508083.5,508083.5,614996.549,508083.5,0.0,0.0,463781.82,1065540.74,1065540.74,1014213.73,CONSTRUCCIONS REBUJENT SA_resum
2015-01-01,619921.4500000001,409302.9900000001,972632.67,102187.0,341958.94,1852713.24,0.0,407141.72,14144.78,303724.81,317869.59,271982.25,269820.98000000004,83342.39,447641.24,0.0,3535.67,2792.0,2605934.41,-23949.08,2605934.41,0.0,3675.94,213666.89,2800.0,208203.48,1852713.24,16.0,12289.66,5463.41,293508.7,-18844.61,449496.36,0.0,73732.73,619921.4500000001,483035.72,0.0,303865.08,327814.16,303724.81,753221.1699999999,327814.16,140.26899999999998,0.0,263508.7,1186299.56,1186299.56,768443.1,CONSTRUCCIONS REBUJENT SA_resum
2016-01-01,575242.57,488022.63,1283339.46,102187.0,173080.84,3416632.15,0.0,381038.44,9987.37,162289.77000000002,172277.139,446119.42,339135.23000000004,246435.86,549592.7,0.0,509.92,2247.87,4494813.21,-19398.33625,4495614.21,0.0,1313.62,88387.5,2800.0,73533.9,3416632.15,18.0,-357112.22000000003,12053.6,456181.6,144248.85899999997,916692.289,0.0,62025.9,575242.57,550048.53,0.0,163093.47,163093.47,162289.77000000002,1078982.06,163093.47,803.6990000000001,0.0,426181.6,1371726.96,1371726.96,722673.539,CONSTRUCCIONS REBUJENT SA_resum
2017-01-01,484190.73,662232.31,1482323.63,102187.0,187801.79,3543300.03,0.0,355065.3,11344.15,176937.24000000002,188281.389,734976.57,427809.559,422893.5,667320.6,0.0,1408.03,1703.74,4876994.7,-14847.5925,4876994.7,0.0,928.43,135037.71000000002,2800.0,125084.78,3543300.03,25.0,-478092.68,7152.929999999999,392281.76,320706.5,1156757.429,0.0,48044.8,484190.73,710277.11,0.0,176457.64,176457.64,176937.24000000002,1333694.6700000002,176457.64,-479.6,0.0,362281.76,1617361.34,1617361.34,855122.39,CONSTRUCCIONS REBUJENT SA_resum
2018-01-01,372480.98,435415.82,1203123.86,102187.0,43111.71,3793479.83,0.0,187372.96,13560.58,30411.67,43972.25,746251.57,498208.709,452444.63,760114.52,0.0,1720.35,1159.61,4995653.0,-10296.848750000001,4995653.0,0.0,859.81,136731.26,2800.0,125558.0,3793479.83,26.0,-398086.399,8373.26,269499.33,350257.63,1171761.5,0.0,79513.69,372480.98,514929.51,0.0,29551.13,29551.13,30411.67,1202173.1700000002,29551.13,-860.54,0.0,252704.9,1339855.12,1339855.12,804385.8400000001,CONSTRUCCIONS REBUJENT SA_resum
2019-01-01,222143.01,771256.05,1644195.26,102187.0,62034.83,4498000.930000001,0.0,192277.14,15873.27,46048.16,61921.43,1320646.8,741667.889,498606.19,834631.7699999999,0.0,0.0,669.22,6004226.03,-5746.105,6004226.03,0.0,113.4,146569.73,2800.0,132089.09,4498000.930000001,27.0,-609671.899,11680.64,131271.31999999998,396419.19,1460176.94,0.0,298759.74,222143.01,1070015.79,0.0,46161.56,46161.56,46048.16,1506225.1,46161.56,113.4,0.0,131271.31999999998,1790764.99,1790764.99,896666.6,CONSTRUCCIONS REBUJENT SA_resum
2020-01-01,73189.22,627172.11,1274234.44,102187.0,140974.26,4628898.38,0.0,15829.42,16561.329999999998,124591.76,141153.09,1157908.76,546566.07,623019.12,685094.3,0.0,178.83,178.83,5979600.859999999,-1195.361249999998,5979600.859999999,0.0,0.0,131290.47999999998,2800.0,115527.76,4628898.38,20.0,-524455.09,12962.72,100496.26,520832.119,1226110.72,0.0,82144.47,73189.22,709316.58,0.0,124412.93,124412.93,124591.76,1350702.48,124412.93,-178.83,0.0,100496.26,1405524.92,1405524.92,826247.389,CONSTRUCCIONS REBUJENT SA_resum
2021-01-01,57795.78999999999,711129.2899999999,1429827.03,102187.0,121001.63,4160728.49,10050.67,417367.31,14341.11,107830.76,122171.87,817129.4,523367.41900000005,729679.64,768810.2,0.0,1170.24,1003.18,5705279.83,3355.3824999999997,5705279.83,0.0,0.0,167034.25,2800.0,152734.05,4160728.49,21.0,-653569.2699999999,11500.2,195330.32,627492.64,1436720.579,0.0,88205.89,57795.78999999999,809385.8500000001,0.0,106660.52,106660.52,107830.76,1544551.3390000002,106660.52,-1170.24,0.0,195330.32,1596861.28,1596861.28,890815.01,CONSTRUCCIONS REBUJENT SA_resum
2022-01-01,21132.41,540336.21,1388579.39,102187.0,63494.11,4329536.07,10253.51,90617.25,13148.240000000002,50975.8,64124.04,1089037.66,639318.7,780025.51,996256.17,0.0,719.0,719.0,5989365.359999999,7906.126250000001,5989365.359999999,0.0,89.07,171182.17,2800.0,157541.57,4329536.07,25.0,-599449.08,10840.6,208924.48,677838.509,1608853.49,0.0,208013.919,21132.41,758603.64,0.0,50345.87,50345.87,50975.8,1659829.29,50345.87,-629.93,0.0,208924.48,1559761.56,1559761.56,1060469.28,CONSTRUCCIONS REBUJENT SA_resum
2023-01-01,182126.87,702651.41,1634046.5,102187.0,138540.86,4136393.64,84592.62000000001,123391.7,18547.83,141607.33,160155.159,1035392.45,456132.73900000006,900018.54,935518.2,0.0,9157.43,9157.43,5704646.99,12456.87,5715146.99,0.0,0.0,395685.18,2800.0,377323.82,4136393.64,26.0,-483079.9900000001,15561.36,475262.35,797831.54,1437146.02,0.0,160342.24000000002,182126.87,947586.27,0.0,132449.9,119993.03,141607.33,1578753.35,119993.03,-9157.43,0.0,475262.35,2029731.68,2029731.68,1095673.3590000002,CONSTRUCCIONS REBUJENT SA_resum
