Año,Acreedores a L. P.,Acreedores comerciales,Activo circulante,Capital suscrito,Cash flow,Consumo de mercaderías y de materias,Deudas financieras,Deudores,Dotaciones para amortiz. de inmovil.,EBIT,EBITDA,Existencias,Fondo de maniobra,Fondos propios,Gastos de personal,Gastos extraordinarios,Gastos financieros,Gastos financieros y gastos asimilados,Importe neto Cifra de Ventas,Impuestos sobre sociedades,Ingresos de explotación,Ingresos extraordinarios,Ingresos financieros,Inmovilizado,Inmovilizado inmaterial,Inmovilizado material,Materiales,Número empleados,Otros Conceptos de Explotación,Otros activos fijos,Otros activos líquidos,Otros fondos propios,Otros gastos de explotación,Otros pasivos fijos,Otros pasivos líquidos,Pasivo fijo,Pasivo líquido,Provisiones,Result. ordinarios antes Impuestos,Resultado Actividades Ordinarias,Resultado Explotación,Resultado bruto,Resultado del Ejercicio,Resultado financiero,Resultados actividades extraordinarias,Tesorería,Total activo,Total pasivo y capital propio,Valor agregado,Empresa
1999-01-01,518201.58,443407.69,1499627.33,120202.42,66409.63,2062961.24,1639.59,750506.08,28114.73,113399.05,141513.78,571793.3300000001,1322299.41,210707.42,502082.12,0.0,58783.78,58783.78,2063265.35,16412.098,2064688.48,0.0,91.73,485453.02,193841.77,291611.25,1152551.56,20.0,-766530.3500000001,0.0,177327.91999999998,90505.0,1870725.67,0.0,1256171.34,518201.58,1256171.34,0.0,54706.99,38294.891,113399.05,2234615.96,38294.9,-58692.05,0.0,117368.08,1985080.34,1985080.34,643687.628,CONSTRUCCIONS NARCIS MATAS SL_resum
2000-01-01,433540.9,443407.69,1163222.45,120202.42,116539.09,2062961.24,1639.59,689609.91,78099.29,138069.65,216168.94,279942.26,969552.17,249147.22,505834.52,0.0,79880.75,79880.75,2369839.26,20698.35,2378786.619,579.57,369.68,490737.98,191996.11,298741.88,1290483.05,20.0,-766530.3500000001,-0.01,193670.279,128944.8,1870725.67,0.0,971272.3,433540.9,971272.3,0.0,58558.58,37860.23,138069.65,2234615.96,38439.8,-79511.07,579.57,173293.02,1653960.43,1653960.43,722952.71,CONSTRUCCIONS NARCIS MATAS SL_resum
2001-01-01,564914.74,443407.69,896621.8300000001,120202.42,124648.34,2062961.24,1639.59,572965.62,93689.27,85841.68000000001,179530.94999999998,184239.49,757205.11,280106.29000000004,513860.05,0.0,47265.5,47265.5,2038021.54,13268.18,2038021.54,285.72,5365.34,496627.4900000001,281776.5,213949.83,1030151.5,20.0,-766530.3500000001,901.16,139416.719,159903.87,1870725.67,0.0,548228.2899999999,564914.74,548228.2899999999,0.0,43941.52,30673.339,85841.68000000001,2234615.96,30959.07,-41900.15,285.72,111688.65,1393249.32,1393249.32,699042.07,CONSTRUCCIONS NARCIS MATAS SL_resum
2002-01-01,663462.16,443407.69,1013999.54,120202.42,155517.14,2062961.24,1639.59,529145.97,115790.1,101422.81,217212.91,326960.8,856106.7699999999,319833.32,447750.72,19375.27,38687.01,38687.01,1714370.88,14807.29,1714370.88,10513.929,659.87,598942.62,388535.34,209506.12,775124.39,20.0,-766530.3500000001,901.159,157892.77000000002,199630.9,1870725.67,0.0,629646.6799999999,663462.16,629646.6799999999,0.0,63395.67,48588.380000000005,101422.81,2234615.96,39727.04,-38027.14,-8861.34,124073.23,1612942.16,1612942.16,656762.16,CONSTRUCCIONS NARCIS MATAS SL_resum
2003-01-01,667215.3600000001,443407.69,911174.6,168103.08,184468.93,2062961.24,1639.59,617389.97,129329.01,114160.16,243489.169,99482.66,716872.63,543473.24,447174.53,1315.2,40564.71,40564.71,2017254.12,23245.68,2017254.12,4810.389,1294.96,741657.88,351840.37,388916.35,951613.33,20.0,-766530.3500000001,901.16,194301.97,375370.16,1870725.67,0.0,442143.88,667215.3600000001,442143.88,0.0,74890.40999999999,51644.73,114160.16,2234615.96,55139.92,-39269.75,3495.189,179658.91,1652832.48,1652832.48,695453.8500000001,CONSTRUCCIONS NARCIS MATAS SL_resum
2004-01-01,815794.88,443407.69,971101.68,168103.08,249940.75,2062961.24,1639.59,489214.26,164463.15,120775.87,285239.02,181807.09,671021.3500000001,628950.8400000001,513036.39,0.0,20631.28,20631.28,3406370.9,29244.56,3406370.9,12598.91,1978.66,938079.96,368450.4900000001,569629.47,1809328.87,22.333333333333332,-766530.3500000001,0.0,300080.33,460847.76,1870725.67,0.0,464435.92,815794.88,464435.92,0.0,102123.25,72878.69,120775.87,2234615.96,85477.6,-18652.62,12598.91,282145.32,1909181.64,1909181.64,812852.98,CONSTRUCCIONS NARCIS MATAS SL_resum
2005-01-01,850568.3,443407.69,945807.26,168103.08,330493.61,2062961.24,1639.59,507212.12,214055.21,102186.48,316241.69,154931.74000000002,662143.8600000001,745389.24,567283.59,2231.99,19144.52,19144.52,2601297.26,24191.37,2601297.26,58307.049,1512.75,1044502.67,433768.53,610734.14,1231868.1700000002,24.666666666666668,-766530.3500000001,0.0,283663.4,577286.16,1870725.67,0.0,394352.39,850568.3,394352.39,0.0,84554.70999999999,60363.34,102186.48,2234615.96,116438.4,-17631.77,56075.06,265099.01,1990309.93,1990309.93,941113.09,CONSTRUCCIONS NARCIS MATAS SL_resum
2006-01-01,894826.49,443407.69,1306610.309,168103.08,473734.17,2062961.24,1639.59,950402.44,313602.37,216005.06,529607.429,73326.23999999999,1023728.679,905521.04,653581.1699999999,0.0,22002.51,22002.51,4042939.29,54037.880000000005,4042939.29,19349.02,818.11,1170441.45,307311.94,783129.51,2224989.36,27.0,-766530.3500000001,80000.0,282881.629,737417.9600000001,1870725.67,0.0,676704.23,894826.49,676704.23,0.0,194820.66,140782.78,216005.06,2234615.96,160131.8,-21184.4,19349.02,268302.2,2477051.76,2477051.76,1203355.73,CONSTRUCCIONS NARCIS MATAS SL_resum
2007-01-01,1168630.53,443407.69,1520024.82,168103.08,620584.49,2062961.24,1639.59,1081497.6,370650.73,300293.03,670943.76,19000.0,1100497.6,1155454.8,682600.89,348.45,31724.6,31724.6,4026415.76,84002.89,4026415.76,57417.27,8299.4,1260007.74,500117.91,679889.8300000001,2066745.59,37.0,-766530.3500000001,80000.0,419527.22,987351.72,1870725.67,0.0,455947.23,1168630.53,455947.23,0.0,276867.83,192864.94,300293.03,2234615.96,249933.76,-23425.2,57068.82,362903.67,2780032.56,2780032.56,1418912.87,CONSTRUCCIONS NARCIS MATAS SL_resum
2008-01-01,588143.5,443407.69,2121458.609,234214.41,697282.61,2062961.24,1639.59,1252056.88,430093.92,363890.29,793984.21,101388.84,910038.03,2116810.819,674101.4,0.0,29675.17,29675.17,4297577.2,81800.34,4297577.2,0.0,14773.91,1293438.89,0.0,1213438.89,2062961.24,28.0,-766530.3500000001,80000.0,768012.89,1882596.41,1870725.67,0.0,264895.9,588143.5,709943.1799999999,0.0,348989.03,267188.69,363890.29,2234615.96,267188.69,-14901.259,0.0,598424.54,3414897.5,3414897.5,1482859.52,CONSTRUCCIONS NARCIS MATAS SL_resum
2009-01-01,620195.97,427860.05,2337421.35,234214.41,472683.17,2127254.009,1843.95,1042016.34,334105.51,210631.06,544736.57,151948.94,766105.23,2255388.48,719312.61,0.0,28391.65,28391.65,3866990.67,50690.73,3866990.67,0.0,7028.98,1091463.98,0.0,1033763.98,2127254.009,27.0,-475687.48,57700.0,1143456.069,2021174.07,1529105.5990000002,0.0,123596.88,620195.97,553300.88,0.0,189268.39,138577.66,210631.06,1739736.66,138577.66,-21362.67,0.0,537272.66,3428885.33,3428885.33,1271078.16,CONSTRUCCIONS NARCIS MATAS SL_resum
2010-01-01,536779.288,461360.62,2442069.2,234214.41,330468.23000000004,1624829.9,188070.385,1248524.47,283541.95,69849.12000000001,353391.07,166650.87,953814.719,2302314.76,765886.01,0.0,24602.49,24602.49,3292751.85,8620.710000000001,3292751.85,0.0,10300.36,1036885.51,0.0,1018885.51,1624829.9,27.0,-548644.87,18000.0,1026893.86,2068100.349,1598072.83,0.0,178500.04,536779.2899999999,639860.66,0.0,55546.99,46926.28,69849.12000000001,1667921.95,46926.28,-14302.13,0.0,506546.87,3478954.71,3478954.71,1129577.44,CONSTRUCCIONS NARCIS MATAS SL_resum
2011-01-01,444356.68,746516.2,3217543.02,234214.41,346956.66,2440484.2,374296.82,2397120.92,280211.35,97989.65,378201.0,455282.64,2105887.36,2369060.07,703510.01,0.0,34151.07,34151.07,4192328.88,21133.69,4193628.88,0.0,24040.42,1079631.54,0.0,1073131.54,2440484.2,27.0,-671433.669,6500.0,365139.46,2134845.66,1655155.03,15081.19,347863.6,459437.87,1468676.62,0.0,87879.0,66745.31,97989.65,1753144.6790000002,66745.31,-10110.65,0.0,365139.46,4297174.56,4297174.56,1105751.43,CONSTRUCCIONS NARCIS MATAS SL_resum
2012-01-01,426595.54,425691.43000000005,2635748.19,234214.41,305991.04,2638797.3,242639.419,1620656.72,240325.87,90386.26,330712.13,345518.59,1540483.88,2434725.24,683853.1,0.0,35653.07,35653.07,4366088.18,22078.39,4366465.979,0.0,33010.37,1051342.87,0.0,1046342.87,2529033.25,26.0,-713103.4500000001,5000.0,669572.88,2200510.83,1637282.42,21640.04,135799.38999999998,448235.58,804130.24,0.0,87743.56,65665.17000000001,90386.26,1727668.6790000002,65665.17000000001,-2642.699,0.0,669572.88,3687091.06,3687091.06,1047575.599,CONSTRUCCIONS NARCIS MATAS SL_resum
2013-01-01,150128.65,595593.2,2479082.67,234214.41,269651.52,2204996.97,122348.39,1302631.74,214235.43,65561.3,279796.73000000004,422365.34,1129403.88,2490063.79,529709.13,0.0,35611.01,35611.01,3706900.6,14847.85,3718430.38,0.0,40313.65,1005072.36,0.0,1002072.36,2281843.72,21.0,-703927.55,3000.0,754085.59,2255849.38,1447872.11,26795.4,99225.6,176924.05,817167.19,0.0,70263.93999999999,55416.09,65561.3,1513433.409,55416.09,4702.639,0.0,754085.59,3484155.03,3484155.03,849819.51,CONSTRUCCIONS NARCIS MATAS SL_resum
2014-01-01,819285.39,579663.93,2656572.23,234214.41,286282.21,3092616.95,317165.92000000004,1789926.97,199836.48,76537.06,276373.54,454268.16,1664531.1990000005,2069899.52,473990.33,0.0,13446.8,13446.8,4521734.41,-5116.3,4552635.819999999,0.0,18239.17,1311355.8,0.0,1286420.73,3124519.77,19.0,-709655.0,24935.07,412377.1,1835685.109,1383481.81,28648.16,153265.11000000002,847933.55,1050094.96,0.0,81329.43,86445.73,76537.06,1460018.87,86445.73,4792.369000000001,0.0,412377.1,3967928.03,3967928.03,768603.04,CONSTRUCCIONS NARCIS MATAS SL_resum
2015-01-01,1113237.66,551121.7899999999,2753608.27,234214.41,285629.78,3231174.85,241383.05,1649713.06,214277.57,122648.97,336926.54,651584.3,1750175.57,2141251.73,683838.3,0.0,26642.37,26642.37,5018058.87,24717.63,5018933.87,0.0,63.24,1519547.05,0.0,1456754.26,3428490.99,25.0,-766994.1789999999,62792.78999999999,452310.91,1907037.319,1665110.05,92723.51,133437.579,1205961.1700000002,925942.42,0.0,96069.84,71352.209,122648.97,1787759.019,71352.209,-26579.129,0.0,452310.91,4273155.319999999,4273155.319999999,1020828.08,CONSTRUCCIONS NARCIS MATAS SL_resum
2016-01-01,626244.919,1074062.21,2928423.84,234214.41,391336.67,5174814.648999999,241961.91,1805147.35,292689.32,150029.4,442718.72,675132.4500000001,1406217.5890000002,2239899.08,745487.11,0.0,20122.39,20122.39,7231125.87,31283.89,7231125.87,0.0,24.23,1492220.05,0.0,1469220.1700000002,5198362.8,28.0,-868105.39,22999.88,448144.04,2005684.67,1906281.82,82908.90999999999,155566.86,709153.8300000001,1471590.98,0.0,129931.24,98647.35,150029.4,2056311.22,98647.35,-20098.16,0.0,448144.04,4420643.89,4420643.89,1188230.059,CONSTRUCCIONS NARCIS MATAS SL_resum
2017-01-01,740971.64,664614.6,2501712.68,234214.41,462570.199,5111616.52,280524.21,1271586.13,323880.38,195908.57,519788.95,556770.64,1163742.1700000002,2378588.9,673025.8,0.0,13948.46,13948.46,7660024.95,43270.28999999999,7660584.95,0.0,0.0,2185205.54,0.0,1652679.44,4988754.71,26.0,-1356153.6800000002,532526.1,673355.91,2144374.489,2353059.86,77572.28,544646.59,818543.92,1489785.4,0.0,181960.11,138689.819,195908.57,2548968.43,138689.819,-13948.46,0.0,671855.91,4686918.22,4686918.22,1192814.75,CONSTRUCCIONS NARCIS MATAS SL_resum
2018-01-01,395156.06,349173.85,2770920.51,234214.41,793429.89,4355082.649999999,251464.12,1252427.33,361497.89,584453.89,945951.78,491523.82,1394777.3,2810520.9,773431.64,0.0,11061.22,11061.22,7040873.04,141460.67,7042448.04,0.0,0.0,1643791.61,0.0,1543791.61,4291335.83,29.0,-967981.97,100000.0,1026969.36,2576306.489,2102911.5,87090.85,521306.34,482246.91,1121944.31,0.0,573392.6699999999,431932.0,584453.89,2687365.389,431932.0,-11061.22,0.0,1003239.86,4414712.119999999,4414712.119999999,1719383.42,CONSTRUCCIONS NARCIS MATAS SL_resum
2019-01-01,203959.71,468207.08,2401082.74,234214.41,845261.399,3711617.349,184722.21,674784.37,384134.62,611424.09,995558.71,460256.77,666834.06,3271647.68,920189.69,0.0,9008.86,9008.86,6653128.87,141663.43,6655603.87,0.0,374.98,2041156.23,0.0,1741156.23,3678850.3,32.0,-1028238.119,300000.0,1266041.5990000002,3037433.2690000003,2332562.429,91605.77,222096.52,295565.48000000004,875025.81,0.0,602790.21,461126.779,611424.09,2943986.52,461126.779,-8633.88,0.0,1185887.64,4442238.970000001,4442238.970000001,1916123.38,CONSTRUCCIONS NARCIS MATAS SL_resum
2020-01-01,21121.8,312295.51,2259919.2,234214.41,984548.72,3979994.72,82017.15000000001,833765.47,386260.11,789444.54,1175704.65,438200.19,959670.149,3869936.29,826662.61,0.0,3297.84,3297.84,7074755.59,189197.94,7074755.59,0.0,1339.85,2348300.94,0.0,1748300.94,3959438.14,29.0,-1092393.61,600000.0,987953.54,3635721.88,2305316.329,79983.7,242865.69,101105.5,637178.3500000001,0.0,787486.55,598288.61,789444.54,3094760.869,598288.61,-1957.99,0.0,853456.47,4608220.14,4608220.14,2003707.11,CONSTRUCCIONS NARCIS MATAS SL_resum
2021-01-01,33333.379,761472.73,3217351.31,234214.41,1009832.26,4418712.6,39117.14,1798290.5,460930.76,709306.98,1170237.74,327819.73000000004,1364637.5,4418837.79,862592.9400000001,0.0,578.13,578.13,7519430.84,164521.05,7523515.84,0.0,4693.7,2579616.41,0.0,2179616.41,4309332.14,32.0,-1071972.559,400000.0,1091241.08,4184623.38,2395496.26,66136.86,478069.82,99470.24,1278659.6900000002,0.0,713422.55,548901.5,709306.98,3104803.24,548901.5,4115.569,0.0,949124.42,5796967.72,5796967.72,2037524.38,CONSTRUCCIONS NARCIS MATAS SL_resum
2022-01-01,6666.74,682742.55,3022453.15,234214.41,1084616.06,5638071.819999999,17930.649999999998,851637.92,452803.35,836390.98,1289194.33,804300.62,973195.99,5050650.5,802978.66,0.0,59.45,59.45,8998575.89,210772.24,8998872.89,0.0,6253.42,3346926.33,15000.0,2081926.33,6075052.71,29.0,-1268628.08,1250000.0,1366514.6090000002,4816436.09,2524410.09,75589.82,535799.2189999999,82256.56,1236472.42,0.0,842584.9500000001,631812.71,836390.98,3360801.07,631812.71,6193.969999999999,0.0,1189330.24,6369379.48,6369379.48,2098426.41,CONSTRUCCIONS NARCIS MATAS SL_resum
2023-01-01,6666.74,280097.68,2882871.83,234214.41,1894313.97,4918234.25,17930.649999999998,1248339.46,596034.9500000001,1715212.6800000002,2311247.63,292142.07,1260383.85,6348929.52,742539.3600000001,0.0,22.14,22.14,9153274.96,432844.29,9154712.86,0.0,15932.77,4173765.02,0.0,1828765.02,4444575.7,25.0,-1182691.62,2345000.0,1342390.299,6114715.108999999,2521265.929,100636.52,326973.13,100636.52,607070.81,0.0,1731123.31,1298279.02,1715212.6800000002,4236478.609999999,1298279.02,15910.63,0.0,1173003.15,7056636.85,7056636.85,3069719.76,CONSTRUCCIONS NARCIS MATAS SL_resum
