Año,Acreedores a L. P.,Acreedores comerciales,Activo circulante,Capital suscrito,Cash flow,Consumo de mercaderías y de materias,Deudas financieras,Deudores,Dotaciones para amortiz. de inmovil.,EBIT,EBITDA,Existencias,Fondo de maniobra,Fondos propios,Gastos de personal,Gastos extraordinarios,Gastos financieros,Gastos financieros y gastos asimilados,Importe neto Cifra de Ventas,Impuestos sobre sociedades,Ingresos de explotación,Ingresos extraordinarios,Ingresos financieros,Inmovilizado,Inmovilizado inmaterial,Inmovilizado material,Materiales,Número empleados,Otros Conceptos de Explotación,Otros activos fijos,Otros activos líquidos,Otros fondos propios,Otros gastos de explotación,Otros pasivos fijos,Otros pasivos líquidos,Pasivo fijo,Pasivo líquido,Provisiones,Result. ordinarios antes Impuestos,Resultado Actividades Ordinarias,Resultado Explotación,Resultado bruto,Resultado del Ejercicio,Resultado financiero,Resultados actividades extraordinarias,Tesorería,Total activo,Total pasivo y capital propio,Valor agregado,Empresa
1999-01-01,931568.76,0.0,140984.57,554433.6699999999,88424.07,0.0,0.0,92502.56,41241.43,114437.37,155678.8,37063.21,92502.56,956280.92,21996.06,0.0,59275.95,59275.95,497395.48,25406.04,293468.69,4527.3,12899.96,1981015.56,0.0,1901586.41,0.0,4.0,-41734.46,79429.15000000001,48482.01,401847.25,257753.84,0.0,234150.46,931568.76,234150.46,0.0,68061.38,42655.34,114437.37,714447.7799999999,47182.64,-46375.99,4527.3,48482.01,2122000.14,2122000.14,195102.12,DINA 2003 SL_resum
2000-01-01,953754.49,0.0,285481.8,554433.6699999999,190537.67,0.0,0.0,37643.41,46334.5,262105.41,308439.91000000003,37063.21,37643.41,1100484.09,28000.56,0.0,54890.99,54890.99,497395.48,77647.86,376515.24,0.0,14636.62,4152046.61,2041345.99,2025020.94,0.0,4.0,-41734.46,85679.68000000001,247838.389,546050.42,257753.84,0.0,2383289.84,953754.49,2383289.84,0.0,221851.03,144203.169,262105.41,714447.7799999999,144203.17,-40254.380000000005,0.0,247838.39,4437528.41,4437528.41,351077.08,DINA 2003 SL_resum
2001-01-01,931568.76,0.0,170299.22,554422.5,266355.11,0.0,0.0,43107.8,56364.25,294873.78,351238.03,37063.21,43107.8,1310474.96,31370.03,0.0,74055.73,74055.73,497395.48,94325.69,405883.52,69782.75,13715.75,4364074.39,1977538.55,2307106.69,0.0,4.0,-41734.46,79429.149,127191.42,756052.4600000001,257753.84,0.0,2292329.89,931568.76,2292329.89,0.0,234533.8,140208.11000000002,294873.78,714447.7799999999,209990.86,-60339.98,69782.75,127191.42,4534373.609999999,4534373.609999999,466106.559,DINA 2003 SL_resum
2002-01-01,1153943.24,0.0,224632.6,554422.5,408746.36,0.0,0.0,218598.89,39434.44,325740.61,365175.05,37063.21,218598.89,1679786.87,21897.76,0.0,70179.03,70179.03,497395.48,133384.75,449436.26,232432.53,14702.56,5310874.02,1913731.13,3317713.73,0.0,2.0,-41734.46,79429.15900000001,6033.709,1125364.37,257753.84,0.0,2701776.51,1153943.24,2701776.51,0.0,270264.14,136879.38999999998,325740.61,714447.7799999999,369311.92,-55476.47,232432.53,6033.71,5535506.619999999,5535506.619999999,634207.899,DINA 2003 SL_resum
2003-01-01,1410226.63,0.0,178422.7,554422.5,183881.37,0.0,0.0,178422.7,62454.64,280477.38,342932.02,37063.21,178422.7,1801213.6,83775.09,0.0,105149.0,105149.0,497395.48,65383.63,471198.09,0.0,11481.98,5204871.96,1849923.71,3277659.09,0.0,2.0,-41734.46,77289.16,0.0,1246791.1,257753.84,0.0,2171854.429,1410226.63,2171854.429,0.0,186810.36,121426.729,280477.38,714447.7799999999,121426.73,-93667.02,0.0,0.0,5383294.659999999,5383294.659999999,438189.089,DINA 2003 SL_resum
2004-01-01,1410226.63,0.0,166892.66,554422.5,171752.75,0.0,0.0,131300.01,62569.21,277052.71,339621.92000000004,37063.21,131300.01,1910397.14,85655.59,0.0,110620.31,110620.31,497395.48,58791.14,497395.48,117.52,1424.76,5143319.159999999,1849923.71,3214345.44,0.0,2.0,-41734.46,79050.01,35592.649,1355974.64,257753.84,0.0,1989588.05,1410226.63,1989588.05,0.0,167857.16,109066.02,277052.71,714447.7799999999,109183.54,-109195.55,117.52,35592.65,5310211.819999999,5310211.819999999,426819.79,DINA 2003 SL_resum
2005-01-01,1410226.63,0.0,428027.83,554422.5,184234.69,0.0,0.0,428027.83,78908.81,268959.29000000004,347868.1,37063.21,428027.83,2015723.02,114328.29,0.0,108514.01,108514.01,514232.7,56713.94,514232.7,0.0,1594.54,5714871.59,1722308.85,3913512.73,0.0,3.0,-41734.46,79050.009,0.0,1461300.52,257753.84,0.0,2716949.77,1410226.63,2716949.77,0.0,162039.81999999998,105325.88,268959.29000000004,714447.7799999999,105325.88,-106919.47,0.0,0.0,6142899.42,6142899.42,463790.93000000005,DINA 2003 SL_resum
2006-01-01,1410226.63,0.0,166199.14,554422.5,181817.15,0.0,0.0,166199.14,81450.64,274946.24,356396.88,37063.21,166199.14,2116089.529,120543.74,0.0,133130.28,133130.28,547227.91,54043.51,547227.91,11852.54,741.52,6053087.0,1658501.42,4315535.57,0.0,3.0,-41734.46,79050.009,0.0,1561667.029,257753.84,0.0,2692969.98,1410226.63,2692969.98,0.0,142557.47999999998,88513.97,274946.24,714447.7799999999,100366.51,-132388.76,11852.54,0.0,6219286.14,6219286.14,489534.68,DINA 2003 SL_resum
2007-01-01,1241976.0,0.0,457044.68,600699.5,250075.789,0.0,0.0,457044.68,89123.67000000001,350763.31,439886.98,37063.21,457044.68,2445292.2800000003,125600.39,0.0,143229.23,143229.23,623895.81,74870.75,623895.81,26904.51,1384.28,5909453.48,1594693.99,4248931.75,0.0,3.0,-41734.46,65827.73999999999,0.0,1844592.779,257753.84,0.0,2679229.88,1241976.0,2679229.88,0.0,208918.36,134047.609,350763.31,714447.7799999999,160952.12,-141844.94999999998,26904.51,0.0,6366498.159999999,6366498.159999999,593776.16,DINA 2003 SL_resum
2008-01-01,1248605.6800000002,0.0,1272243.46,600699.5,342339.77,0.0,12964.92,397527.42,89335.93999999999,456693.94,546029.88,37063.21,434590.63,2698296.11,126683.44,0.0,149802.86,149802.86,437813.18000000005,94680.32,714447.7799999999,0.0,40793.07,4232053.23,0.0,3545226.671666667,0.0,3.0,-41734.46,4232053.23,837652.8300000001,2097596.609,257753.84,0.0,1544429.98,1248605.6800000002,1557394.9,0.0,347684.15,253003.83,456693.94,714447.7799999999,253003.83,-109009.789,0.0,0.0,5504296.69,5504296.69,713506.39,DINA 2003 SL_resum
2009-01-01,1085116.0,0.0,1038481.98,600699.5,360629.81,0.0,12587.32,407258.55,89420.14,439202.54,528622.6789999999,9063.21,416321.76,2969505.7800000003,98621.59,0.0,88196.87000000001,88196.87000000001,251730.55000000005,116986.65,713381.6,0.0,37190.65,4150133.09,0.0,2841521.5933333337,0.0,3.0,-86137.33,4150133.09,622160.22,2368806.2800000003,274179.06,0.0,1121405.97,1085116.0,1133993.29,0.0,388196.32,271209.67,439202.54,713381.6,271209.67,-51006.219,0.0,0.0,5188615.07,5188615.07,664434.92,DINA 2003 SL_resum
2010-01-01,1585780.02,0.0,1062347.44,600699.5,452064.87,0.0,25787.32,270975.97000000003,90269.44,559801.69,650071.129,9063.21,280039.18,3331301.21,57024.9,0.0,85939.48999999999,85939.48999999999,65647.92,155055.18,816880.65,0.0,42988.41,4468336.659999999,0.0,2137816.515,0.0,2.0,-109784.62,4468336.659999999,782308.26,2730601.71,257078.96,0.0,587815.55,1585780.02,613602.87,0.0,516850.61,361795.43000000005,559801.69,816880.65,361795.43000000005,-42951.08,0.0,106912.81,5530684.1,5530684.1,750084.4400000001,DINA 2003 SL_resum
2011-01-01,7405747.0,0.0,5940089.7,600699.5,294117.98000000004,0.0,26387.32,378331.32,96687.53,581709.49,678397.02,5068778.09,5447109.41,3528731.66,61422.01,0.0,320286.34,320286.34,365284.85,84613.05,851375.3200000001,0.0,20620.35,5354123.71,0.0,1434111.436666667,0.0,4.0,-111556.29,5354123.71,492980.29,2928032.16,269665.829,0.0,333347.43000000005,7405747.0,359734.75,0.0,282043.5,197430.45,581709.49,851375.3200000001,197430.45,-299665.99000000005,0.0,336250.21,11294213.41,11294213.41,760439.38,DINA 2003 SL_resum
2012-01-01,8005747.0,0.0,5729771.34,600699.5,271662.15,0.0,26387.32,142774.67,113465.52,500104.89,613570.41,5068778.09,5211552.76,3686928.29,153881.75,0.0,336264.64,336264.64,664921.78,67798.56,906362.12,0.0,62154.94,6335258.19,0.0,730406.3583333339,0.0,2.0,-138909.96,6335258.19,518218.58,3086228.7890000003,406257.23,0.0,345966.92000000004,8005747.0,372354.24,0.0,225995.19,158196.63,500104.89,906362.12,158196.63,-274109.7,0.0,61047.52,12065029.53,12065029.53,829607.1,DINA 2003 SL_resum
2013-01-01,8055747.0,0.0,5792214.13,600699.5,286502.27900000004,0.0,26387.32,626394.12,113465.51,518077.53,631543.04,5054483.63,5680877.75,3688444.11,218547.46,0.0,334255.92000000004,334255.92000000004,964558.71,74615.82,965733.34,0.0,63830.98,6578705.859999999,0.0,26701.28,0.0,2.0,-115642.84,6552004.58,111336.38,3087744.61,447655.81,0.0,600341.56,8055747.0,626728.88,0.0,247652.59,173036.77000000002,518077.53,965733.34,173036.77000000002,-270424.94,0.0,0.0,12370919.99,12370919.99,913921.48,DINA 2003 SL_resum
2014-01-01,8540747.0,0.0,6564969.38,600699.5,265356.25,0.0,26387.32,656581.2699999999,113465.51,501950.15,615415.66,5068778.09,5725359.358999999,3840334.85,223906.86,0.0,382553.03,382553.03,240405.72,65176.76,941391.2,0.0,97670.38,7634242.23,0.0,339563.41000000003,0.0,2.0,-102068.68,7294678.818999999,839610.02,3239635.349,439441.05,0.0,1791742.44,8540747.0,1818129.76,0.0,217067.5,151890.74000000002,501950.15,941391.2,151890.74000000002,-284882.65,0.0,0.0,14199211.61,14199211.61,936992.9,DINA 2003 SL_resum
2015-01-01,9266604.0,0.0,7515430.72,600699.5,339471.99000000005,0.0,26387.32,870809.7799999999,142586.6,491691.81,634278.41,5068778.09,5939587.87,4037220.24,219979.64,0.0,358659.83,358659.83,240405.72,72361.68000000001,989317.53,0.0,136215.09,7341620.81,0.0,442796.4,0.0,2.0,-135059.47999999998,6898824.41,1575842.8490000002,3436520.74,497625.72,0.0,1526839.97,9266604.0,1553227.29,0.0,269247.07,196885.39,491691.81,989317.53,196885.39,-222444.74,0.0,0.0,14857051.53,14857051.53,990473.14,DINA 2003 SL_resum
2016-01-01,9039998.61,0.0,7626467.34,600699.5,437429.72,0.0,26387.32,786645.7699999999,142909.9,545404.14,688314.04,5068778.09,5855423.858999999,4331740.06,200487.46,0.0,279343.79000000004,279343.79000000004,239254.85,94113.73,1018106.99,0.0,122573.2,7615170.78,0.0,442796.4,0.0,4.0,-129305.49,7172374.38,1771043.48,3731040.559,472702.85,0.0,1843512.13,9039998.61,1869899.45,0.0,388633.55,294519.82,545404.14,1018106.99,294519.82,-156770.58899999998,0.0,0.0,15241638.12,15241638.12,1011374.7,DINA 2003 SL_resum
2017-01-01,11118378.57,0.0,7935654.46,600699.5,363158.43000000005,0.0,1269962.48,858442.24,142909.9,459114.33,602024.23,5068778.09,5927220.33,4551988.59,148871.56,0.0,309125.88,309125.88,3732627.4250000003,63750.65,902837.92,0.0,134010.73,9495558.89,0.0,342796.4,0.0,5.0,-151942.13,9152762.49,2008434.13,3951289.09,443723.589,0.0,490883.709,11118378.57,1760846.1900000002,0.0,283999.18,220248.53,459114.33,902837.92,220248.53,-175115.15,0.0,21166.82,17431213.35,17431213.35,884906.52,DINA 2003 SL_resum
2018-01-01,9458547.42,0.0,7951825.94,600699.5,2235937.659,5153047.34,1150495.54,4305540.359999999,142909.9,2399233.92,2542143.82,1500000.0,5805540.359999999,6645016.35,165888.74000000002,0.0,261938.38,261938.38,7226000.0,191066.81,8101228.0,0.0,146799.03,9732724.61,0.0,48352.5,5153047.34,5.0,-240148.1,9684372.11,2146285.58,6044316.85,548946.74,0.0,430491.24,9458547.42,1580986.78,0.0,2284094.57,2093027.759,2399233.92,2948180.66,2093027.759,-115139.35,0.0,20385.44,17684550.55,17684550.55,2854831.589,DINA 2003 SL_resum
2019-01-01,8689000.229999999,0.0,6042941.33,600699.5,-330810.28,380300.0,0.0,426512.38,142909.9,66788.479,209698.379,3726000.0,4152512.38,4171296.17,168340.94999999998,0.0,261400.99,261400.99,3630708.305,337320.01,918345.95,0.0,58212.34,8280541.18,0.0,166609.0,0.0,6.0,-160006.62,8113932.18,1890428.95,3570596.67,471257.47,0.0,1463186.1090000002,8689000.229999999,1463186.11,0.0,-136400.17,-473720.18,66788.479,538045.9500000001,-473720.18,-203188.65,0.0,0.0,14323482.51,14323482.51,436251.669,DINA 2003 SL_resum
2020-01-01,8885949.11,0.0,5754455.51,600699.5,191564.24,0.0,0.0,392388.6,142909.9,185302.04,328211.94,3726000.0,4118388.6,4219950.51,192520.01,0.0,174637.86,174637.86,35416.61,15764.26,836711.15,0.0,53754.42,8930498.53,0.0,225181.8,0.0,8.0,-315979.2,8705316.728999998,1636066.91,3619251.01,651409.11,0.0,1579054.42,8885949.11,1579054.42,0.0,64418.6,48654.34,185302.04,836711.15,48654.34,-120883.439,0.0,0.0,14684954.04,14684954.04,574486.37,DINA 2003 SL_resum
2021-01-01,7926682.17,0.0,5205570.74,600699.5,398450.709,799433.47,0.0,416310.81,142909.9,457518.9900000001,600428.89,3102035.68,3518346.49,4475491.319999999,189249.94,0.0,176988.57,176988.57,649999.92,84726.40999999999,1657536.99,0.0,59736.8,8777442.850000001,0.0,225181.8,875603.6699999999,6.0,-68424.68900000001,8552261.05,1687224.25,3874791.82,400584.529,0.0,1580840.0990000002,7926682.17,1580840.1,0.0,340267.22000000003,255540.809,457518.9900000001,858103.519,255540.809,-117251.77,0.0,0.0,13983013.59,13983013.59,849415.629,DINA 2003 SL_resum
2022-01-01,5653554.03,0.0,4418651.8,600699.5,465025.69,815231.81,0.0,440100.66,142909.9,561923.05,704832.9500000001,2286803.87,2726904.53,4797607.109999999,158656.81,0.0,170579.6,170579.6,749999.92,107396.84,1916398.069,0.0,38169.18,7294361.52,0.0,225181.8,826206.25,2.0,-237676.5,7069179.72,1691747.27,4196907.609999999,539243.21,0.0,1261852.1800000002,5653554.03,1261852.1800000002,0.0,429512.63,322115.79000000004,561923.05,1101166.259,322115.79000000004,-132410.41999999998,0.0,0.0,11713013.32,11713013.32,901658.94,DINA 2003 SL_resum
2023-01-01,5569080.619999999,0.0,3347721.06,600699.5,597924.24,1245352.2,1295442.97,586033.64,142909.9,812902.07,955811.97,1041451.67,1627485.31,3733417.36,164942.91,0.0,204115.74,204115.74,1234999.92,160738.97,2427483.11,0.0,6966.98,7905926.35,0.0,225181.8,1364694.0,2.0,-61376.03,7680744.55,1720235.75,3132717.86,369228.84,0.0,655706.4600000001,5569080.619999999,1951149.43,0.0,615753.31,455014.34,812902.07,1182130.909,455014.34,-197148.759,0.0,24181.18,11253647.41,11253647.41,1127721.86,DINA 2003 SL_resum
