Año,Acreedores a L. P.,Acreedores comerciales,Activo circulante,Capital suscrito,Cash flow,Consumo de mercaderías y de materias,Deudas financieras,Deudores,Dotaciones para amortiz. de inmovil.,EBIT,EBITDA,Existencias,Fondo de maniobra,Fondos propios,Gastos de personal,Gastos extraordinarios,Gastos financieros,Gastos financieros y gastos asimilados,Importe neto Cifra de Ventas,Impuestos sobre sociedades,Ingresos de explotación,Ingresos extraordinarios,Ingresos financieros,Inmovilizado,Inmovilizado inmaterial,Inmovilizado material,Materiales,Número empleados,Otros Conceptos de Explotación,Otros activos fijos,Otros activos líquidos,Otros fondos propios,Otros gastos de explotación,Otros pasivos fijos,Otros pasivos líquidos,Pasivo fijo,Pasivo líquido,Provisiones,Result. ordinarios antes Impuestos,Resultado Actividades Ordinarias,Resultado Explotación,Resultado bruto,Resultado del Ejercicio,Resultado financiero,Resultados actividades extraordinarias,Tesorería,Total activo,Total pasivo y capital propio,Valor agregado,Empresa
1999-01-01,115296.47,195090.14,725255.2799999999,60101.21,108148.63,1826173.0,0.0,458174.71,51440.33,111297.68,162738.01,193848.64,652023.3500000001,377482.62,274567.97000000003,5177.98,31789.92,31789.92,3651599.01,30535.24,3651599.01,12884.16,29.610000000000003,235714.14,98445.12,137269.02,3019331.37,19.0,-705538.24,0.0,73231.93,317381.41000000003,1186596.28,20837.89,468190.32,115296.47,468190.32,0.0,79537.36,49002.119,111297.68,1327435.21,56708.3,-31760.31,7706.18,53999.149,960969.42,960969.42,445041.76,DISTRIBUIDORA REGIONAL SA_resum
2000-01-01,46480.25,195090.14,947651.77,60101.21,117291.589,1826173.0,0.0,363871.46,51440.33,166903.2,218343.53,447796.72,811668.1789999999,443333.89,325238.78,50971.84,32655.58,32655.58,3736393.17,35458.37,3736393.17,18008.55,25.3,200298.96,74875.18000000001,125423.78,2954263.52,19.0,-705538.24,0.0,135983.59,383232.68,1186596.28,20837.89,658136.59,46480.25,658136.59,0.0,134272.91999999998,98814.55,166903.2,1327435.21,65851.259,-32630.28,-32963.289,125885.85,1147950.73,1147950.73,510644.319,DISTRIBUIDORA REGIONAL SA_resum
2001-01-01,44919.51,195090.14,1055777.81,60110.0,118931.08,1826173.0,0.0,610838.3600000001,52412.98,125617.07,178030.05,390762.58,1001600.94,509851.98,309534.42000000004,32.7,30257.15,30257.15,3843507.72,35817.44,3843507.72,6988.21,20.110000000000003,173777.06,67780.6,105996.46,3002057.84,18.0,-705538.24,0.0,54176.869,449741.98,1186596.28,20837.89,674783.38,44919.51,674783.38,0.0,95380.03,59562.59,125617.07,1327435.21,66518.1,-30237.04,6955.51,48808.0,1229554.87,1229554.87,494540.089,DISTRIBUIDORA REGIONAL SA_resum
2002-01-01,44919.51,195090.14,1178800.39,60110.0,203606.19,1826173.0,0.0,595513.8400000001,55624.45,166272.05,221896.5,361654.59,957168.429,657833.72,328820.93000000005,813.93,19050.82,19050.82,4027608.87,72838.16,4027608.87,74382.03,30.57,173025.3,48899.7,124125.6,3092758.26,19.0,-705538.24,0.0,221631.96,597723.72,1186596.28,20837.89,649072.4600000001,44919.51,649072.4600000001,0.0,147251.8,74413.63900000001,166272.05,1327435.21,147981.74000000002,-19020.25,73568.1,216263.09,1351825.6900000002,1351825.6900000002,624316.0989999999,DISTRIBUIDORA REGIONAL SA_resum
2003-01-01,223951.8875,195090.14,1435431.15,60101.21,182129.68,1826173.0,0.0,1015051.26,32195.61,193029.47,225225.08,368909.68,1383960.94,807767.7899999999,388751.08,0.0,19608.85,19608.85,4267819.23,73798.98,4267819.23,50280.12,32.309999999999995,142555.55,15711.240000000002,126844.31,3124770.66,19.0,-705538.24,0.0,51470.21,747666.58,1186596.28,20837.89,770218.91,223951.8875,770218.91,0.0,173452.93,99653.95,193029.47,1327435.21,149934.07,-19576.54,50280.12,49977.36,1577986.7,1577986.7,664288.59,DISTRIBUIDORA REGIONAL SA_resum
2004-01-01,402984.265,195090.14,1713056.9,60101.21,190917.729,1826173.0,0.0,1274720.42,32195.61,251599.25,283794.86,373909.57,1648629.99,966489.91,367058.83,0.0,18902.08,18902.08,3849025.31,78531.0,3849025.31,4530.26,25.69,113051.94,10356.18,102695.76,2570489.91,21.0,-705538.24,0.0,64426.91,906388.7,1186596.28,20837.89,859618.93,402984.265,859618.93,0.0,232722.86,154191.86,251599.25,1327435.21,158722.12,-18876.39,4530.26,63143.58,1826108.84,1826108.84,655409.639,DISTRIBUIDORA REGIONAL SA_resum
2005-01-01,582016.6425000001,195090.14,1856944.29,60101.21,190802.46,1826173.0,0.0,1062210.929,30560.980000000003,239833.52,270394.5,448354.84,1510565.769,1126731.39,373651.26,0.07,15760.23,15760.23,3659532.21,77037.54,3659532.21,13156.06,49.74,120754.59,25302.84,95451.75,2408067.97,21.0,-705538.24,0.0,346378.52,1066630.1790000002,1186596.28,20837.89,850967.49,582016.6425000001,850967.49,0.0,224123.03,147085.49,239833.52,1327435.21,160241.47999999998,-15710.49,13155.99,339910.319,1977698.88,1977698.88,657251.49,DISTRIBUIDORA REGIONAL SA_resum
2006-01-01,761049.02,195090.14,1365324.1700000002,60101.21,140953.65,1826173.0,0.0,219742.89,27925.3,174727.01,202652.31,654631.64,874374.53,1239759.74,400747.31,0.39,16452.527000000002,16452.527000000002,3550205.92,51615.08,3550205.92,6314.78,54.56,1196483.81,0.0,131899.87999999998,2272604.9,22.0,-705538.24,1064583.93,490949.639,1179658.53,1186596.28,20837.89,560999.22,761049.02,560999.22,0.0,158329.04,106713.96,174727.01,1327435.21,113028.35,-16397.97,6314.39,490949.64,2561807.98,2561807.98,609768.5680000001,DISTRIBUIDORA REGIONAL SA_resum
2007-01-01,761049.02,195090.14,1469583.28,60110.0,125917.43,1826173.0,0.0,202804.18,20241.41,156179.44999999998,176420.86,615182.1,817986.2799999999,1345435.76,443224.4,9.58,13939.03,13939.03,3275293.21,36703.84,3275293.21,110.01,39.01,1224854.5,48612.1,111658.47,1967928.42,21.0,-705538.24,1064583.929,651597.0,1285325.76,1186596.28,20837.89,587953.0,761049.02,587953.0,0.0,142279.43,105575.59,156179.44999999998,1327435.21,105676.02,-13900.02,100.43,651597.0,2694437.7800000003,2694437.7800000003,619784.7,DISTRIBUIDORA REGIONAL SA_resum
2008-01-01,718924.07,195090.14,1976971.91,60110.0,110035.93,1826173.0,0.0,478792.38,11894.46,140838.93,152733.38899999997,1091395.44,1570187.819,1443577.23,469163.58,0.0,10331.67,10331.67,3153608.21,33474.75,3153608.21,0.0,1108.96,234434.92,0.0,153545.23,1826173.0,28.0,-705538.24,80889.69,406784.09,1383467.23,1186596.28,20837.89,28067.64,739761.9600000001,28067.64,0.0,131616.22,98141.47,140838.93,1327435.21,98141.47,-9222.71,0.0,379577.34,2211406.83,2211406.83,623005.93,DISTRIBUIDORA REGIONAL SA_resum
2009-01-01,743985.809,195090.14,2249639.29,60110.0,63142.06,1913326.13,0.0,371190.38,11840.97,78816.72,90657.69,1199575.13,1375675.3690000002,1498351.3,402491.76,0.0,12080.72,12080.72,3018991.2,17100.37,3018991.2,0.0,1665.46,342270.0,0.0,260380.31,1913326.13,20.0,-612515.62,81889.69,678873.7799999999,1438241.3,1026848.35,16641.367000000002,137840.67,760627.1799999999,332930.81,0.0,68401.45999999999,51301.09,78816.72,1105665.07,51301.09,-10415.259,0.0,371386.17,2591909.29,2591909.29,494814.91,DISTRIBUIDORA REGIONAL SA_resum
2010-01-01,1044327.919,282856.27,2605561.14,60110.0,68206.5,1838270.99,0.0,448194.05,21651.83,72495.12000000001,94146.95,1312300.14,1477637.92,1544905.97,351237.32,0.0,12278.9,12278.9,2953621.36,15518.22,2953621.36,0.0,1856.67,343443.43000000005,0.0,261553.74,1838270.99,16.0,-669966.1,81889.69,845066.9500000001,1484795.97,1042855.249,15917.82,60996.59,1060245.74,343852.86,0.0,62072.89,46554.67,72495.12000000001,1115350.3690000002,46554.67,-10422.23,0.0,410758.67,2949004.57,2949004.57,447240.94,DISTRIBUIDORA REGIONAL SA_resum
2011-01-01,1023584.2,573013.14,2775516.97,60110.0,78457.14,1891083.51,11348.97,614108.81,33372.64,70178.70999999999,103551.35,1292754.81,1333850.48,1589990.47,374988.31,0.0,16420.04,16420.04,3108283.87,15028.17,3108283.87,0.0,6354.0,496450.17,0.0,414560.48,1891083.51,19.0,-738660.7,81889.69,868653.3500000001,1529880.47,1147021.65,15194.28,58836.08,1038778.48,643198.19,0.0,60112.67,45084.5,70178.70999999999,1217200.36,45084.5,-10066.04,0.0,440578.64,3271967.14,3271967.14,484893.66,DISTRIBUIDORA REGIONAL SA_resum
2012-01-01,1018924.07,235518.76,2444147.58,60110.0,83311.22,1872475.73,5290.589,808495.81,36035.15,70110.67000000001,106145.82,1042140.6,1615117.65,1637266.54,355823.67,0.0,11381.86,11381.86,3042083.06,15758.69,3042083.06,0.0,4305.95,487598.71,0.0,405709.02,1872475.73,18.0,-707637.8400000001,81889.69,593511.1699999999,1577156.54,1099496.66,14470.740000000002,20275.59,1033394.81,261084.94,0.0,63034.76,47276.07,70110.67000000001,1169607.33,47276.07,-7075.91,0.0,369202.89,2931746.29,2931746.29,466275.44,DISTRIBUIDORA REGIONAL SA_resum
2013-01-01,1197241.97,248924.5,2658503.11,60110.0,82454.64,1734604.8,41838.15,872101.1799999999,36035.15,62852.91,98888.06,962004.64,1585181.32,1683686.03,376718.67,0.0,7011.650000000001,7011.650000000001,2902751.71,15473.17,2902751.71,0.0,6051.4,886034.92,0.0,886034.92,1734604.8,18.0,-692540.1799999999,223711.57666666666,824397.2899999999,1623576.03,1105294.0,13747.2,359100.18,1210989.1700000002,649862.8300000001,0.0,61892.66,46419.49,62852.91,1168146.91,46419.49,-960.25,0.0,475089.01,3544538.03,3544538.03,481658.13,DISTRIBUIDORA REGIONAL SA_resum
2014-01-01,1137667.81,163189.25,2540088.27,60110.0,82510.2,1719640.6700000002,10045.37,785600.3300000001,36035.15,63789.39,99824.54,1055943.96,1678355.04,1730161.08,374849.01,0.0,3612.9,3612.9,2842562.76,15491.69,2842562.76,0.0,1790.25,1098179.77,0.0,1098179.77,1719640.6700000002,18.0,-648248.54,365533.4633333333,698543.98,1670051.08,1059132.7,13023.66,584180.87,1150691.47,757415.49,0.0,61966.74,46475.049,63789.39,1122922.0890000002,46475.049,-1822.65,0.0,449235.7,3638268.04,3638268.04,476463.8,DISTRIBUIDORA REGIONAL SA_resum
2015-01-01,1758028.42,169658.49,2858501.9,60110.0,82074.16,1946914.93,10446.62,1275383.6900000002,36035.14,64056.98,100092.12,925875.98,2031601.18,1776200.1,382104.69,0.0,4947.03,4947.03,3059436.81,13797.17,3059436.81,0.0,726.24,1582092.77,0.6000000000000001,1074736.82,1946914.93,18.0,-630325.07,507355.35,657242.23,1716090.1,1048464.9,12300.12,713960.92,1770328.54,894066.03,0.0,59836.19,46039.02,64056.98,1112521.88,46039.02,-4220.79,0.0,431974.43000000005,4440594.67,4440594.67,482923.05,DISTRIBUIDORA REGIONAL SA_resum
2016-01-01,380308.73,14172.08,1595351.33,60110.0,37317.72,1833279.53,11836.45,431342.34,36035.14,3252.49,39287.63,516456.7,933626.96,1777482.6800000002,349974.72000000003,0.0,3571.9700000000003,3571.9700000000003,2833870.66,-952.18,2833870.66,0.0,649.88,1598267.53,0.6000000000000001,1039351.68,1833279.53,16.0,-611328.7799999999,558915.25,647552.2899999999,1717372.6800000002,997338.64,11576.58,998242.34,391885.31,1024250.87,0.0,330.4,1282.58,3252.49,1000591.13,1282.58,-2922.089,0.0,547284.49,3193618.86,3193618.86,389912.23,DISTRIBUIDORA REGIONAL SA_resum
2017-01-01,203273.25999999998,30512.73,1536112.55,60110.0,60192.06,2095799.77,929.18,531864.26,36035.74,32513.17,68548.90999999999,478524.21,979875.74,1697733.0,356531.68,0.0,331.82,331.82,2971275.52,8052.110000000001,2971275.52,0.0,27.08,1208030.7,0.0,1133040.09,2095799.77,17.0,-450395.16,74990.61,525724.08,1637623.0,842962.58,10853.04,1004115.3,10853.04,1035557.21,0.0,32208.43,24156.32,32513.17,875475.75,24156.32,-304.74,0.0,425724.08,2744143.25,2744143.25,425107.67,DISTRIBUIDORA REGIONAL SA_resum
2018-01-01,26237.79,79057.64,1677650.83,60110.0,63751.45,1932913.29,19177.97,561677.02,36035.14,36464.28999999999,72499.43,505351.27,987970.65,1727204.45,343139.11,0.0,377.37,377.37,2791342.03,8389.92,2791342.03,0.0,19.31,1261111.35,0.0,1186197.34,1932913.29,17.0,-442790.2,74914.01,610622.54,1667094.45,821964.4500000001,10129.5,1076954.83,36367.28999999999,1175190.44,0.0,36106.23,27716.31,36464.28999999999,858428.739,27716.31,-358.06,0.0,510622.54,2938762.18,2938762.18,415657.85,DISTRIBUIDORA REGIONAL SA_resum
2019-01-01,6818.74,82876.5,1761127.61,60110.0,43086.28,2003391.63,19420.72,593592.9500000001,41113.89,2908.05,44021.94,545987.16,1056703.6090000002,1729176.84,347423.6,0.0,477.06,477.06,2845800.63,479.27,2845800.63,0.0,20.67,1231316.64,0.0,1156402.63,2003391.63,18.0,-450963.459,74914.01,621547.5,1669066.8390000002,839500.9500000001,9405.96,1144745.49,16224.7,1247042.71,0.0,2451.66,1972.389,2908.05,842409.0,1972.389,-456.39,0.0,615967.5,2992444.25,2992444.25,391466.209,DISTRIBUIDORA REGIONAL SA_resum
2020-01-01,20199.864999999998,78142.62000000001,1534972.51,60110.0,-139188.86,844097.42,6840.39,532496.11,41113.89,-240147.18,-199033.289,353785.53,808139.02,1548874.09,214390.06,0.0,257.29,257.29,1175437.98,-60100.92,1175437.98,0.0,0.8,1250580.13,0.0,1116288.74,844097.42,15.0,-315983.79000000004,134291.38899999997,648690.87,1488764.09,571487.74,8682.42,1143013.12,8682.42,1227996.13,0.0,-240403.67,-180302.75,-240147.18,331340.559,-180302.75,-256.48999999999995,0.0,642910.87,2785552.64,2785552.64,15357.57,DISTRIBUIDORA REGIONAL SA_resum
2021-01-01,33580.99,228915.57,1766413.23,60110.0,76396.049,1552464.07,0.0,690795.42,41113.89,47176.89,88290.78,385433.53,847313.38,1584156.25,246338.14,0.0,111.69,111.69,1997943.68,11790.72,2181652.21,0.0,7.68,1258662.54,0.0,1136885.41,1552464.07,15.0,-294559.22000000003,121777.13,690184.2799999999,1524046.25,582011.25,7958.88,1204045.07,7958.88,1432960.64,0.0,47072.880000000005,35282.159,47176.89,629188.139,35282.159,-104.009,0.0,684404.2799999999,3025075.77,3025075.77,334636.6,DISTRIBUIDORA REGIONAL SA_resum
2022-01-01,46962.115,145862.87999999998,2016005.74,60110.0,159507.22,2745147.12,0.0,672936.5,54067.7,141259.06,195326.76,456958.55,984032.17,1689595.77,355405.49000000005,0.0,0.0,1354.085,3694737.61,35829.77,3694737.61,0.0,10.23,1180887.77,0.0,1095063.95,2745147.12,15.0,-398858.24,85823.819,886110.69,1629485.77,808331.429,7235.34,1354199.52,7235.34,1500062.4,0.0,141269.29,105439.52,141259.06,949590.489,105439.52,10.23,0.0,879130.69,3196893.51,3196893.51,550742.48,DISTRIBUIDORA REGIONAL SA_resum
2023-01-01,60343.24,138744.84999999998,2018758.78,60110.0,185986.88,2917217.93,0.0,559350.08,60751.54,169567.18,230318.72,574141.72,994746.949,1814831.11,391028.52,0.0,2596.48,2596.48,3995165.68,41748.45,3995165.68,0.0,13.09,1248258.58,0.0,1165764.57,2917217.93,18.0,-456600.51,82494.01,885266.98,1754721.11,908380.57,9672.09,1243426.07,70015.33,1382170.92,0.0,166983.79,125235.34,169567.18,1077947.75,125235.34,-2583.3900000000003,0.0,885266.98,3267017.36,3267017.36,621360.3300000001,DISTRIBUIDORA REGIONAL SA_resum
