Año,Acreedores a L. P.,Acreedores comerciales,Activo circulante,Capital suscrito,Cash flow,Consumo de mercaderías y de materias,Deudas financieras,Deudores,Dotaciones para amortiz. de inmovil.,EBIT,EBITDA,Existencias,Fondo de maniobra,Fondos propios,Gastos de personal,Gastos extraordinarios,Gastos financieros,Gastos financieros y gastos asimilados,Importe neto Cifra de Ventas,Impuestos sobre sociedades,Ingresos de explotación,Ingresos extraordinarios,Ingresos financieros,Inmovilizado,Inmovilizado inmaterial,Inmovilizado material,Materiales,Número empleados,Otros Conceptos de Explotación,Otros activos fijos,Otros activos líquidos,Otros fondos propios,Otros gastos de explotación,Otros pasivos fijos,Otros pasivos líquidos,Pasivo fijo,Pasivo líquido,Provisiones,Result. ordinarios antes Impuestos,Resultado Actividades Ordinarias,Resultado Explotación,Resultado bruto,Resultado del Ejercicio,Resultado financiero,Resultados actividades extraordinarias,Tesorería,Total activo,Total pasivo y capital propio,Valor agregado,Empresa
1999-01-01,110908.42,8949.29,106224.06,3005.06,6200.84,85175.08,6089.99,46205.44,5320.860000000001,8516.8,13837.66,54994.57,101200.01,4657.6900000000005,47552.36,0.0,7260.33,7260.33,102834.93,377.13,102834.93,0.0,0.6300000000000001,81588.28,0.0,80819.02,29392.05,4.0,-28988.22,-0.01,5024.049,1652.629,144391.55,1339.14,72246.23,110908.42,72246.23,0.0,1257.11,879.979,8516.8,148596.75,879.98,-7259.7,0.0,5024.06,187812.35,187812.35,61390.66,ESTEVE GIFREU SL_resum
2000-01-01,110908.42,8949.29,106224.06,3005.06,6200.84,85175.08,6089.99,46205.44,5320.860000000001,8516.8,13837.66,54994.57,101200.01,4657.6900000000005,47552.36,0.0,7260.33,7260.33,102834.93,377.13,102834.93,0.0,0.6300000000000001,81588.28,769.2700000000001,80819.02,29392.05,4.0,-28988.22,-0.01,5024.049,1652.629,144391.55,1339.14,72246.23,110908.42,72246.23,0.0,1257.11,879.979,8516.8,148596.75,879.98,-7259.7,0.0,5024.06,187812.35,187812.35,61390.66,ESTEVE GIFREU SL_resum
2001-01-01,97168.93,8949.29,72918.9,3005.5,28729.64,85175.08,6089.99,69966.15000000001,5408.650000000001,41042.82,46451.47,2952.75,72918.9,27978.68,63821.82,0.0,7739.06,7739.06,274119.84,9994.71,274119.84,0.0,11.95,82189.76,544.2800000000001,81645.48,149021.52,5.0,-28988.22,0.0,0.0,24973.18,144391.55,1339.14,29961.04,97168.93,29961.04,0.0,33315.71,23321.0,41042.82,148596.75,23320.99,-7727.110000000001,0.0,2806.675,155108.66,155108.66,110285.229,ESTEVE GIFREU SL_resum
2002-01-01,125452.56,8949.29,69915.089,3005.5,10740.41,85175.08,6089.99,27706.21,8825.91,8684.449999999999,17510.36,37443.54,65149.75,29893.18,76108.40999999999,0.0,7569.83,7569.83,170762.28,820.5,170762.28,1619.88,0.5,123928.79,45481.850000000006,78446.93999999999,58650.44,5.0,-28988.22,0.0,4765.339,26887.68,144391.55,1339.14,38498.14,125452.56,38498.14,0.0,1115.12,294.619,8684.449999999999,148596.75,1914.5,-7569.33,1619.88,589.2900000000001,193843.88,193843.88,95239.15,ESTEVE GIFREU SL_resum
2003-01-01,53192.880000000005,8949.29,83118.84,3005.5,12495.77,85175.08,6089.99,37586.75,11138.33,2291.16,13429.49,41615.84,79202.59,31250.62,78389.33,0.0,6910.1900000000005,6910.1900000000005,177147.09,581.76,177159.09,6558.23,10.395,56660.57,38860.13,17800.440000000002,66607.93999999999,5.0,-28988.22,0.0,3916.25,28245.12,144391.55,1339.14,55335.91,53192.880000000005,55335.91,0.0,-4619.03,-5200.79,2291.16,148596.75,1357.44,-6910.1900000000005,6558.23,1962.86,139779.41,139779.41,98377.05,ESTEVE GIFREU SL_resum
2004-01-01,33888.05,8949.29,98676.54,3005.5,12177.86,85175.08,6089.99,61635.04,10505.54,6809.76,17315.3,34710.04,96345.08,32922.94,94183.65,0.0,4772.52,4772.52,255144.99,716.71,255144.99,351.79,20.29,50806.03,32369.12,18436.91,109535.97,3.0,-28988.22,0.0,2331.4590000000003,29917.44,144391.55,1339.14,82671.58,33888.05,82671.58,0.0,2037.24,1320.53,6809.76,148596.75,1672.32,-4772.52,351.79,1310.28,149482.57,149482.57,111850.74,ESTEVE GIFREU SL_resum
2005-01-01,50810.850000000006,8949.29,77218.93,3005.5,12841.95,85175.08,6089.99,34193.49,12489.03,4023.77,16512.8,40810.45,75003.93999999999,33275.86,96530.12,0.0,3519.6,3519.6,215435.01,151.25,215435.01,0.0,30.185,66527.39,42254.04,24273.35,83015.6,3.0,-28988.22,0.0,2214.99,30270.36,144391.55,1339.14,59659.61,50810.850000000006,59659.61,0.0,504.17,352.92,4023.77,148596.75,352.92,-3519.6,0.0,733.89,143746.31999999998,143746.31999999998,113042.92,ESTEVE GIFREU SL_resum
2006-01-01,59498.9,8949.29,119981.08,3005.5,14656.89,85175.08,6089.99,76753.43,13481.63,4478.68,17960.308999999997,41439.97,118193.4,34451.119999999995,103587.86,0.0,2839.82,2839.82,256477.78,503.68,256518.57,0.0,40.08,53447.63,33709.32,19738.31,111216.27,3.0,-28988.22,0.0,1787.6799999999998,31445.62,144391.55,1339.14,79478.69,59498.9,79478.69,0.0,1678.94,1175.26,4478.68,148596.75,1175.26,-2799.74,0.0,770.3399999999999,173428.71000000002,173428.71000000002,121588.25,ESTEVE GIFREU SL_resum
2007-01-01,55325.69,8949.29,104738.46,3005.5,15074.26,85175.08,6089.99,56813.49,13079.76,2699.07,15778.83,47924.97,104738.459,36445.62,93327.38,0.0,467.08,467.08,236784.44,238.39,236784.44,0.0,0.9,40367.87,11985.64,28382.23,105813.7,5.0,-28988.22,0.0,0.0,33440.119999999995,144391.55,1339.14,53335.02,55325.69,53335.02,0.0,2232.8900000000003,1994.5,2699.07,148596.75,1994.5,-466.18,0.0,565.125,145106.33,145106.33,109107.11,ESTEVE GIFREU SL_resum
2008-01-01,46416.04,8949.29,82463.51,3005.5,15634.72,85175.08,6089.99,22916.13,12479.92,4205.2,16685.118999999995,59187.47,73154.31,39600.42,102923.41,0.0,0.0,413.845,233771.83,1051.6,233771.83,0.0,1.2,32226.65,0.0,32226.65,93285.58,5.0,-28988.22,278.294,359.91,36594.92,144391.55,1339.14,12295.28,47755.18,27334.56,0.0,4206.4,3154.799,4205.2,148596.75,3154.799,1.2,0.0,359.91,114690.16,114690.16,119609.73,ESTEVE GIFREU SL_resum
2009-01-01,48370.46,6917.96,108680.93,3005.5,9292.2,68605.3,16136.12,52066.75,8727.67,786.8299999999999,9514.5,56520.47,101669.26,40164.95,94553.69,0.0,360.61,360.61,196287.2,-109.4,196287.2,0.0,28.91,25427.39,0.0,25427.39,73920.3,4.0,-23613.71,556.588,93.71,37159.45,126895.07,0.0,22518.829,48370.46,45572.91,0.0,455.13,564.53,786.8299999999999,127681.9,564.53,-331.7,0.0,93.71,134108.31999999998,134108.31999999998,104097.1,ESTEVE GIFREU SL_resum
2010-01-01,92179.35,5307.54,103356.24,3005.5,13326.25,58630.07,7066.55,39866.05,11872.12,4768.29,16640.41,63050.17,97608.68,41619.08,87911.42,0.0,2829.4500000000003,2829.4500000000003,189663.64,484.71,189663.64,0.0,0.0,62096.26,0.0,62096.26,58630.07,4.0,-26481.739,834.882,440.02,38613.579,126265.28,0.0,19279.980000000003,92179.35,31654.07,0.0,1938.84,1454.129,4768.29,131033.57,1454.129,-2829.4500000000003,0.0,440.02,165452.5,165452.5,104551.829,ESTEVE GIFREU SL_resum
2011-01-01,78839.58,7096.64,99016.09,3005.5,6665.55,42930.0,15587.88,32105.08,5273.0,4585.360000000001,9858.36,65578.17000000001,90586.61,43011.63,64123.14,0.0,2728.62,2728.62,122313.78,464.19,122313.78,0.0,0.0,58760.07,0.0,58760.07,44743.0,3.0,-5402.279,1113.176,1332.84,40006.13,74798.42,0.0,13240.43,78839.58,35924.950000000004,0.0,1856.74,1392.55,4585.360000000001,79383.78,1392.55,-2728.62,0.0,1332.84,157776.16,157776.16,73981.5,ESTEVE GIFREU SL_resum
2012-01-01,72112.23999999999,3103.92,91772.95,3005.5,5644.02,43543.46,16274.07,24759.61,9818.45,-3939.72,5878.73,66730.789,88386.479,38837.2,51778.0,0.0,1626.1799999999998,1626.1799999999998,128404.55,-1391.47,128404.55,0.0,0.0,50333.09,0.0,48941.62,44417.72,2.0,-27204.36,1391.47,282.55,35831.7,88800.81,0.0,11778.61,72112.23999999999,31156.6,0.0,-5565.9,-4174.429,-3939.72,84861.09,-4174.429,-1626.1799999999998,0.0,282.55,142106.04,142106.04,57656.73,ESTEVE GIFREU SL_resum
2013-01-01,78907.38,3486.67,84202.75,3005.5,-9187.879,19417.118,13633.67,16905.97,4675.88,-17163.29,-12487.41,66811.83,80231.13,24973.44,26710.37,0.0,1321.72,1321.72,55534.0,-4621.25,55534.0,0.0,0.0,50278.46,0.0,44265.74,18392.76,1.0,-21893.92,6012.72,484.95,21967.939,53280.17,0.0,13480.05,78907.38,30600.39,0.0,-18485.01,-13863.759,-17163.29,36116.882000000005,-13863.759,-1321.72,0.0,484.95,134481.21000000002,134481.21000000002,14222.96,ESTEVE GIFREU SL_resum
2014-01-01,78772.20999999999,1439.87,82588.3,3005.5,10316.27,21406.12,5892.52,18780.66,6717.06,6138.46,12855.52,63701.33,81042.12000000001,28572.65,10000.0,0.0,1339.51,1339.51,63208.19,1199.74,63208.19,0.0,0.0,42361.66,0.0,37548.68,18295.62,1.0,-18946.55,4812.98,106.31,25567.149,35663.61,0.0,10272.71,78772.20999999999,17605.1,0.0,4798.95,3599.21,6138.46,41802.07,3599.21,-1339.51,0.0,106.31,124949.96,124949.96,22855.52,ESTEVE GIFREU SL_resum
2015-01-01,40608.310000000005,6726.02,69301.77,3005.5,7778.63,28231.16,5997.77,25476.33,6698.01,2418.24,9116.25,43343.1,62093.409,29653.27,14000.0,0.0,977.41,977.41,68187.23999999999,360.21,68187.23999999999,0.0,0.0,35303.44,0.0,30850.67,28015.93,1.0,-16839.829999999998,4452.77,482.34,26647.769,37537.84,0.0,21619.839,40608.310000000005,34343.63,0.0,1440.83,1080.62,2418.24,39956.08,1080.62,-977.41,0.0,482.34,104605.21,104605.21,23116.25,ESTEVE GIFREU SL_resum
2016-01-01,34165.74,9463.97,63489.78,3005.5,10523.43,43710.18,6249.97,17323.52,6500.09,5536.1,12036.19,42201.850000000006,50061.399,33676.61,14000.0,0.0,171.65,171.65,87181.31,1341.11,87181.31,0.0,0.0,27462.24,0.0,24350.58,42883.18,1.0,-17434.940000000002,3111.66,3964.41,30671.109,37935.03,0.0,13645.7,34165.74,23109.67,0.0,5364.45,4023.34,5536.1,43471.13,4023.34,-171.65,0.0,181.47,90952.02,90952.02,26036.19,ESTEVE GIFREU SL_resum
2017-01-01,33357.0,9141.33,67872.18000000001,3005.5,8754.9945,63611.82,6502.17,16878.38,5466.835,3500.4500000000003,3500.4500000000003,50041.850000000006,57778.899,36037.53,14000.0,0.0,352.55,352.55,104552.1,786.98,104552.1,0.0,0.0,26675.26,0.0,24350.58,70136.82,1.0,-23439.829,2324.68,951.95,33032.03,37439.83,0.0,9509.41,33357.0,25152.91,0.0,3147.9,2360.92,3500.4500000000003,40940.28,2360.92,-352.55,0.0,951.95,94547.44,94547.44,17500.45,ESTEVE GIFREU SL_resum
2018-01-01,33357.0,7834.87,72901.06,3005.5,6986.559,66912.649,5852.17,24002.87,4433.58,3400.01,7833.59,47025.15,63193.15,38590.51,17200.0,0.0,0.0,328.06666666666666,109657.55,851.0,109657.55,0.0,3.97,21803.08,0.0,20329.4,63778.65,1.0,-17711.309999999998,1473.6799999999998,1873.04,35585.01,39344.89,0.0,9069.59,33357.0,22756.63,0.0,3403.98,2552.98,3400.01,42744.9,2552.98,3.97,0.0,1873.04,94704.14,94704.14,25037.559,ESTEVE GIFREU SL_resum
2019-01-01,33357.0,3463.04,60626.850000000006,3005.5,-4553.620000000001,58319.350000000006,2570.48,12388.77,401.94,-6614.41,-6212.469999999999,46916.01,55841.74,33634.950000000004,16800.0,0.0,0.0,303.58333333333337,90523.86,-1651.85,90523.86,0.0,7.0,23052.99,0.0,19927.460000000003,56075.08,1.0,-21616.980000000003,3125.53,1322.07,30629.449,38818.92,0.0,10654.369,33357.0,16687.89,0.0,-6607.41,-4955.559,-6614.41,32204.509,-4955.559,7.0,0.0,1322.07,83679.84,83679.84,10594.53,ESTEVE GIFREU SL_resum
2020-01-01,34648.46,18360.43,68004.38,3005.5,3268.779,68592.79,3860.4300000000003,16422.7,401.94,4161.55,4563.49,44841.41,42903.68,36501.78999999999,16800.0,0.0,279.1,279.1,111240.44,1015.61,111240.44,0.0,0.0,28135.44,0.0,26025.52,67570.43999999999,1.0,-21284.16,2109.92,6740.27,33496.289,38486.1,0.0,6629.139,34648.46,24989.57,0.0,3882.45,2866.8390000000004,4161.55,42647.649,2866.8390000000004,-279.1,0.0,2763.52,96139.82,96139.82,21363.489,ESTEVE GIFREU SL_resum
2021-01-01,51407.95,11752.21,86921.69,3005.5,7163.389,82845.14,5150.38,50485.96,2585.3300000000004,6516.620000000001,9101.95,35592.61,74326.36,41079.850000000006,18422.05,0.0,336.66,336.66,130941.87,1602.6899999999998,130941.87,0.0,0.79,39272.0,0.0,38764.77,72560.14,1.0,-20572.73,507.23,843.12,38074.349,41580.11,0.0,16803.3,51407.95,33705.89,0.0,6180.75,4578.059,6516.620000000001,48096.72899999999,4578.059,-335.87,0.0,843.12,126193.69,126193.69,27524.789,ESTEVE GIFREU SL_resum
2022-01-01,47570.1,13046.99,85185.70999999999,3005.5,6650.360000000001,64014.87,3742.92,45269.78,4122.59,3588.44,7711.03,38132.51,70355.3,43607.62,31302.75,0.0,238.17,238.17,127133.98,822.5,127133.98,0.0,0.0,36392.93,0.0,36392.93,62844.62,2.0,-24105.33,507.23,1783.42,40602.119,59530.67,0.0,13611.01,47570.1,30400.92,0.0,3350.27,2527.77,3588.44,63119.109,2527.77,-238.17,0.0,1783.42,121578.64,121578.64,39013.78,ESTEVE GIFREU SL_resum
2023-01-01,73135.78,20315.18,87748.89,3005.5,6650.360000000001,98579.25,675.73,51529.93,4122.59,3506.9700000000003,3506.9700000000003,35263.86,66478.61,46277.07,50891.66,0.0,0.0,238.17,181045.54,837.52,181045.54,0.0,0.0,72395.75,0.0,72395.75,98579.25,2.0,-28067.66,507.23,955.1,43271.57,78959.32,0.0,19740.88,73135.78,40731.78999999999,0.0,3506.9700000000003,2669.4500000000003,3506.9700000000003,82466.29,2669.4500000000003,0.0,0.0,955.1,160144.64,160144.64,54398.63,ESTEVE GIFREU SL_resum
