Año,Acreedores a L. P.,Acreedores comerciales,Activo circulante,Capital suscrito,Cash flow,Consumo de mercaderías y de materias,Deudas financieras,Deudores,Dotaciones para amortiz. de inmovil.,EBIT,EBITDA,Existencias,Fondo de maniobra,Fondos propios,Gastos de personal,Gastos extraordinarios,Gastos financieros,Gastos financieros y gastos asimilados,Importe neto Cifra de Ventas,Impuestos sobre sociedades,Ingresos de explotación,Ingresos extraordinarios,Ingresos financieros,Inmovilizado,Inmovilizado inmaterial,Inmovilizado material,Materiales,Número empleados,Otros Conceptos de Explotación,Otros activos fijos,Otros activos líquidos,Otros fondos propios,Otros gastos de explotación,Otros pasivos fijos,Otros pasivos líquidos,Pasivo fijo,Pasivo líquido,Provisiones,Result. ordinarios antes Impuestos,Resultado Actividades Ordinarias,Resultado Explotación,Resultado bruto,Resultado del Ejercicio,Resultado financiero,Resultados actividades extraordinarias,Tesorería,Total activo,Total pasivo y capital propio,Valor agregado,Empresa
1999-01-01,58219.68,20337.08,72121.70999999999,3005.06,17502.69,234363.02,0.0,25800.13,3646.27,6432.27,6432.27,23100.68,48900.810000000005,6156.820000000001,68403.87000000001,0.0,394.86,394.86,283260.03,1815.05,283260.03,0.0,12.77,12159.68,0.0,12159.68,174109.08,5.0,-65204.33,0.0,23220.9,3151.759,238775.48,0.0,78124.57,58219.68,78124.57,0.0,6050.17,4235.120000000001,6432.27,248053.42,4235.120000000001,-382.1,0.0,23220.9,84281.39,84281.39,74848.9,ESTRUCTURAS FORTS SL_resum
2000-01-01,58219.68,20337.08,31621.82,3005.06,17502.69,234363.02,0.0,14374.71,3646.27,21637.99,25284.26,12282.46,26657.17,19529.05,68919.04,0.0,1874.3,1874.3,359700.73000000004,5938.469999999999,359700.73000000004,0.0,31.2,106718.79,0.0,106718.79,222243.7,5.0,-65204.33,0.0,4964.650000000001,16523.989,238775.48,0.0,60591.880000000005,58219.68,60591.880000000005,0.0,19794.89,13856.419,21637.99,248053.42,13856.42,-1843.11,0.0,4964.650000000001,138340.61000000002,138340.61000000002,94234.5,ESTRUCTURAS FORTS SL_resum
2001-01-01,53613.45,20337.08,63202.28,3005.06,15837.97,234363.02,0.0,25338.01,4660.33,19399.06,24059.39,12282.46,37620.47,17336.62,87045.83,0.0,3437.3,3437.3,315219.85,4790.42,315219.85,0.0,6.3,103154.73,0.0,103154.73,169323.29,5.0,-65204.33,0.0,25581.81,14331.56,238775.48,0.0,95406.939,53613.45,95406.939,0.0,15968.06,11177.64,19399.06,248053.42,11177.64,-3431.0,0.0,25581.81,166357.01,166357.01,111111.52,ESTRUCTURAS FORTS SL_resum
2002-01-01,48445.13,20337.08,103103.07,3005.06,11628.69,234363.02,0.0,65468.78,4776.68,13033.41,17810.09,25282.460000000003,90751.239,24188.62,102129.26,0.0,3253.02,3253.02,342764.38,2936.57,342764.38,0.0,8.189,100325.41,0.0,100325.41,186787.77,5.0,-65204.33,0.0,12351.83,21183.559,238775.48,0.0,130794.73,48445.13,130794.73,0.0,9788.58,6852.01,13033.41,248053.42,6852.01,-3244.8300000000004,0.0,12351.83,203428.48,203428.48,119947.54,ESTRUCTURAS FORTS SL_resum
2003-01-01,43038.72,20337.08,192822.89,3005.06,26312.86,234363.02,0.0,83662.28,5260.45,32516.27,37776.72,25282.460000000003,108944.739,45241.03,83634.90999999999,0.0,2457.51,2457.51,554391.61,9020.77,554391.9,0.0,14.42,98276.45,0.0,98276.45,400288.63,4.0,-65204.33,0.0,83878.15000000001,42235.97,238775.48,0.0,202819.59,43038.72,202819.59,0.0,30073.18,21052.41,32516.27,248053.42,21052.41,-2443.09,0.0,83878.15000000001,291099.34,291099.34,121426.049,ESTRUCTURAS FORTS SL_resum
2004-01-01,37217.8,20337.08,211964.59,3005.06,35027.89,234363.02,0.0,32024.05,9201.07,39752.17,48953.24,25282.460000000003,57306.509,71067.85,75351.98999999999,0.0,2171.8500000000004,2171.8500000000004,622597.9400000001,11826.46,622597.9400000001,0.0,72.96000000000001,103523.66,0.0,103523.66,445920.05,2.0,-65204.33,0.0,154658.08,68062.79,238775.48,0.0,207202.6,37217.8,207202.6,0.0,37653.28,25826.82,39752.17,248053.42,25826.82,-2098.8900000000003,0.0,154658.08,315488.25,315488.25,124378.19,ESTRUCTURAS FORTS SL_resum
2005-01-01,31099.97,20337.08,142711.3,3005.06,20973.989,234363.02,0.0,91609.1,10974.14,16306.91,27281.05,25282.460000000003,116891.56,81067.7,112960.36,0.0,2052.889,2052.889,439332.55,4389.02,439332.55,48.97,85.88,101250.32,0.0,101250.32,230921.4,5.0,-65204.33,0.0,25819.739,78062.64,238775.48,0.0,131793.949,31099.97,131793.949,0.0,14339.9,9950.88,16306.91,248053.42,9999.85,-1967.01,48.97,25819.74,243961.62,243961.62,140376.259,ESTRUCTURAS FORTS SL_resum
2006-01-01,24757.52,20337.08,138264.77000000002,3005.06,24016.33,234363.02,0.0,76544.73,15642.09,13088.73,28730.82,25282.460000000003,101827.19,89441.93999999999,170436.76,0.0,1195.33,1195.33,662541.39,3588.96,662541.39,0.0,69.8,108921.83,0.0,108921.83,398459.91,7.0,-65204.33,0.0,36437.58,86436.88,238775.48,0.0,132987.139,24757.52,132987.139,0.0,11963.2,8374.240000000002,13088.73,248053.42,8374.240000000002,-1125.53,0.0,36437.58,247186.6,247186.6,199237.38,ESTRUCTURAS FORTS SL_resum
2007-01-01,18211.21,20337.08,174979.49,3005.06,26729.11,234363.02,0.0,107532.97,17742.97,13734.65,31477.62,25282.460000000003,132815.43,98428.08,150015.91999999998,0.0,1791.82,1791.82,538000.64,2995.38,538000.64,0.0,38.690000000000005,117773.4,0.0,117623.4,301242.31,6.0,-65204.33,150.0,42164.06,95423.02,238775.48,0.0,176113.6,18211.21,176113.6,0.0,11981.52,8986.140000000001,13734.65,248053.42,8986.140000000001,-1753.13,0.0,42164.06,292752.89,292752.89,181532.23,ESTRUCTURAS FORTS SL_resum
2008-01-01,11383.95,20337.08,154200.72,3005.06,22585.25,234363.02,0.0,87118.52,16264.85,9277.94,25542.79,25282.460000000003,92063.9,105232.66,157306.3,0.0,884.81,884.81,482416.44,2106.8100000000004,482416.44,0.0,34.08,101508.55,0.0,101358.55,234363.02,7.0,-65204.33,150.0,41799.74,102227.599,238775.48,0.0,118755.58,11383.95,139092.66,0.0,8427.210000000001,6320.4,9277.94,248053.42,6320.4,-850.729,0.0,41799.74,255709.27,255709.27,182883.169,ESTRUCTURAS FORTS SL_resum
2009-01-01,4135.729,36158.24,227255.98,3005.06,26352.379,271943.47000000003,0.0,139325.28,13841.62,16073.8,29915.42,25282.460000000003,128449.5,117743.42,182976.41,0.0,456.74,456.74,529879.06,3127.7,529879.06,0.0,21.4,94534.52,0.0,94334.52,271943.47000000003,7.0,-45043.76,200.0,62648.24,114738.359,241861.79,0.0,163753.11000000002,4135.729,199911.35,0.0,15638.46,12510.759,16073.8,257935.59,12510.759,-435.34,0.0,62648.24,321790.5,321790.5,212913.229,ESTRUCTURAS FORTS SL_resum
2010-01-01,11442.642666666667,51095.41,284630.12,3005.06,25094.3,353032.08,0.0,157572.25,15244.240000000002,12367.28,27611.52,80497.64,186974.48,127593.48,214566.1,0.0,60.46,60.46,648500.15,2462.51,648500.15,0.0,5.75,89290.28,0.0,89090.28,353032.08,7.0,-53290.45,200.0,46560.23,124588.419,283100.79000000004,0.0,195231.509,11442.642666666667,246326.92,0.0,12312.57,9850.06,12367.28,295468.07,9850.06,-54.71,0.0,46560.23,373920.4,373920.4,242183.37,ESTRUCTURAS FORTS SL_resum
2011-01-01,18749.556333333334,54656.22,301025.75,3005.06,19744.19,409303.83,0.0,125400.8,13476.69,7827.54,21304.23,86600.09,157344.67,133860.97999999998,209748.67,0.0,0.0,719.645,696744.07,1566.87,696744.07,0.0,6.83,89415.84,0.0,89215.84,409303.83,8.0,-56387.34,200.0,89024.86,130855.92,279612.7,0.0,201924.389,18749.556333333334,256580.61,0.0,7834.37,6267.5,7827.54,287440.23900000006,6267.5,6.83,0.0,89024.86,390441.59,390441.59,231059.73,ESTRUCTURAS FORTS SL_resum
2012-01-01,26056.47,55341.810000000005,326560.24,3005.06,17927.22,413429.76,0.0,158956.69,10801.23,10279.7,21080.93,86600.09,190214.97,140986.97,184968.75,0.0,1378.83,1378.83,679280.42,1781.5,679280.42,0.0,6.619999999999999,92614.61,0.0,92414.61,413429.76,7.0,-59800.98,200.0,81003.45999999999,137981.91,255570.96,0.0,196789.599,26056.47,252131.41,0.0,8907.49,7125.99,10279.7,265850.66,7125.99,-1372.21,0.0,81003.45999999999,419174.85,419174.85,206056.3,ESTRUCTURAS FORTS SL_resum
2013-01-01,20492.93,109118.85,361276.04,3005.06,21183.08,518683.23,0.0,139987.56,13601.0,10773.38,24374.379,87542.3,118411.009,148569.05,184440.1,0.0,1300.92,1300.92,780955.6,1895.51,780955.6,0.0,5.13,89309.40999999999,0.0,89109.40999999999,518683.23,7.0,-53457.89,200.0,133746.18,145563.99,251498.99,0.0,172404.62,20492.93,281523.47000000003,0.0,9477.59,7582.08,10773.38,262272.37,7582.08,-1295.79,0.0,133746.18,450585.45,450585.45,208819.61,ESTRUCTURAS FORTS SL_resum
2014-01-01,55.93,65132.2,299879.58,3005.06,20431.32,529173.16,0.0,91390.71,16330.2,7318.769999999999,23648.97,87542.3,113800.81,152670.17,214849.67,0.0,579.87,579.87,822746.49,2637.78,822951.88,0.0,0.0,86863.5,0.0,86663.5,529173.16,8.0,-55280.08,200.0,120946.57,149665.11000000002,286459.95,0.0,168884.78,55.93,234016.98,0.0,6738.9,4101.119000000001,7318.769999999999,293778.72000000003,4101.119000000001,-579.87,0.0,120946.57,386743.08,386743.08,238498.64,ESTRUCTURAS FORTS SL_resum
2015-01-01,55.93,70857.01,350375.98000000004,3005.06,21993.63,659931.87,0.0,164304.23,18027.33,5151.7,23179.03,105423.15,198870.37,156636.47,232787.42,0.0,0.0,579.87,965204.63,1185.4,965223.29,0.0,0.0,71406.17000000001,0.0,69206.17000000001,659931.87,8.0,-49324.97,2200.0,80648.6,153631.409,300139.72000000003,118.54,194114.2,174.47,264971.21,0.0,5151.7,3966.299,5151.7,305291.42000000004,3966.299,0.0,0.0,80648.6,421782.15,421782.15,255966.45,ESTRUCTURAS FORTS SL_resum
2016-01-01,55.93,146696.44,477196.25,3005.06,33528.850000000006,724639.55,0.0,148020.9,12789.7,27263.04,40052.74,132452.299,133776.759,177375.62,291441.89,0.0,0.0,579.87,1122809.6800000002,7033.75,1122809.6800000002,0.0,509.86,61690.06,0.0,59490.06,724639.55,10.0,-66675.5,2200.0,196723.05,174370.56,370907.09,821.92,213936.4,877.8499999999999,360632.84,0.0,27772.9,20739.15,27263.04,398170.129,20739.15,509.86,0.0,196723.05,538886.31,538886.31,332004.49000000005,ESTRUCTURAS FORTS SL_resum
2017-01-01,55.93,80656.70999999999,418413.54,3005.06,21214.02,482503.17,0.0,146901.47,7268.99,17870.04,25139.03,155904.5,222149.259,191320.65,297529.89,0.0,0.0,579.87,914165.21,4064.05,914165.21,0.0,139.04,57009.7,0.0,54809.7,482503.17,10.0,-108993.12,2200.0,115607.57,188315.59,413792.0,1228.33,202161.62,1284.26,282818.33,0.0,18009.08,13945.03,17870.04,431662.04,13945.03,139.04,0.0,115607.57,475423.24,475423.24,322807.96,ESTRUCTURAS FORTS SL_resum
2018-01-01,55.93,83759.7,430729.67,3005.06,12273.13,599721.41,0.0,131456.47,5285.53,8964.59,14250.119,187362.52,235059.289,198308.25,309377.36,0.0,0.0,579.87,1023616.99,1976.99,1023616.99,0.0,0.0,51764.21,0.0,49524.17,599721.41,10.0,-100268.1,2240.04,111910.68,195303.19,414930.9900000001,1228.33,199141.669,1284.26,282901.37,0.0,8964.59,6987.6,8964.59,423895.579,6987.6,0.0,0.0,111910.68,482493.88,482493.88,323627.48000000004,ESTRUCTURAS FORTS SL_resum
2019-01-01,55.93,120310.13,476902.98,3005.06,31173.75,680888.1,0.0,150157.71000000002,5805.85,33620.82,39426.67,186506.02,216353.599,223676.15,360195.85,0.0,0.0,579.87,1216382.36,8252.92,1216382.36,0.0,0.0,52529.89,0.0,50329.89,680888.1,12.0,-135871.74000000002,2200.0,140239.25,220671.09,501873.4390000001,2049.62,183341.039,2105.55,303651.17,0.0,33620.82,25367.9,33620.82,535494.26,25367.9,0.0,0.0,140239.25,529432.87,529432.87,399622.519,ESTRUCTURAS FORTS SL_resum
2020-01-01,55.93,198750.46,563145.52,3005.06,36684.69,674675.6699999999,0.0,169599.57,5672.91,40638.59,46311.5,157956.72,128805.83,254687.93,347696.97000000003,0.0,0.0,579.87,1196315.45,9626.81,1196315.45,0.0,0.0,46856.98,0.0,44656.98,674675.6699999999,11.0,-127631.31,2200.0,235589.23,251682.87,481001.189,2893.76,153614.419,2949.69,352364.88,0.0,40638.59,31011.78,40638.59,521639.779,31011.78,0.0,0.0,235589.23,610002.5,610002.5,394008.469,ESTRUCTURAS FORTS SL_resum
2021-01-01,55.93,133884.95899999997,629518.6799999999,3005.06,66683.48999999999,742783.74,0.0,200404.41,5000.56,81211.35,86211.90999999999,85520.92,152040.37099999998,316370.86,352780.27,0.0,0.0,579.87,1325425.91,19528.42,1325425.91,0.0,0.0,41856.39,0.0,39656.39,742783.74,12.0,-143649.99,2200.0,343593.35,313365.8,501430.82,3299.08,217764.24,3355.01,351649.2,0.0,81211.35,61682.93,81211.35,582642.169,61682.93,0.0,0.0,343593.35,671375.07,671375.07,438992.18,ESTRUCTURAS FORTS SL_resum
2022-01-01,55.93,171322.63,707386.7,3005.06,59508.42,650266.57,0.0,216221.68,3678.25,74741.73999999999,78419.98999999999,147875.77000000002,192774.819,372201.03,373186.73,0.0,0.0,579.87,1246716.58,18911.57,1246716.58,0.0,0.0,50312.68,0.0,35978.14,650266.57,14.0,-144843.29,14334.54,343289.25,369195.97,521708.27,4783.83,209335.96,4839.76,380658.59,0.0,74741.73999999999,55830.17,74741.73999999999,596450.01,55830.17,0.0,0.0,343289.25,757699.38,757699.38,451606.72,ESTRUCTURAS FORTS SL_resum
2023-01-01,55.93,144625.24000000002,853264.14,3005.06,159917.269,787725.38,0.0,192220.27,2884.86,208122.8,211007.659,110058.75,157653.78,529233.439,406107.77,0.0,0.0,579.87,1562022.64,51090.39,1562022.64,0.0,0.0,47427.82,0.0,33093.28,787725.38,12.0,-157181.83,14334.54,550985.12,526228.38,566174.4600000001,9892.87,216940.41,9892.87,361565.65,0.0,208122.8,157032.409,208122.8,774297.259,157032.409,0.0,0.0,550985.12,900691.9600000001,900691.9600000001,617115.43,ESTRUCTURAS FORTS SL_resum
