Año,Acreedores a L. P.,Acreedores comerciales,Activo circulante,Capital suscrito,Cash flow,Consumo de mercaderías y de materias,Deudas financieras,Deudores,Dotaciones para amortiz. de inmovil.,EBIT,EBITDA,Existencias,Fondo de maniobra,Fondos propios,Gastos de personal,Gastos extraordinarios,Gastos financieros,Gastos financieros y gastos asimilados,Importe neto Cifra de Ventas,Impuestos sobre sociedades,Ingresos de explotación,Ingresos extraordinarios,Ingresos financieros,Inmovilizado,Inmovilizado inmaterial,Inmovilizado material,Materiales,Número empleados,Otros Conceptos de Explotación,Otros activos fijos,Otros activos líquidos,Otros fondos propios,Otros gastos de explotación,Otros pasivos fijos,Otros pasivos líquidos,Pasivo fijo,Pasivo líquido,Provisiones,Result. ordinarios antes Impuestos,Resultado Actividades Ordinarias,Resultado Explotación,Resultado bruto,Resultado del Ejercicio,Resultado financiero,Resultados actividades extraordinarias,Tesorería,Total activo,Total pasivo y capital propio,Valor agregado,Empresa
1999-01-01,126792.95,1607098.32,406401.03,60101.21,61067.380000000005,5770597.79,860705.3300000001,177903.47,38933.4,75346.56,114279.959,214482.37,392385.839,132894.91,194574.66,0.0,47046.25,45888.45,1694994.37,6518.429999999999,1789666.55,0.0,352.1,497319.1,132020.98899999997,363927.79,1243986.6,9.0,-448095.23,1370.32,14015.19,72793.7,1309452.4,0.0,644032.2699999999,126792.95,644032.2699999999,0.0,28652.41,22133.980000000003,75346.56,1563467.6790000002,22133.980000000003,-46694.14,0.0,13173.77,903720.12,903720.12,308048.92000000004,ESTUDI GRAF SA_resum
2000-01-01,218744.6,1607098.32,615578.76,60101.21,99919.67,5770597.79,860705.3300000001,228015.97,49446.28,116529.66,165975.94,301360.01,529375.98,183368.3,238985.59,0.0,54213.75,54205.26,2183109.63,12032.35,2376124.719,0.0,189.84,656669.56,298146.77,357152.48000000004,1651045.21,8.0,-448095.23,1370.31,86202.78,123267.09,1309452.4,0.0,870135.42,218744.6,870135.42,0.0,62505.75,50473.4,116529.66,1563467.6790000002,50473.39,-54023.91,0.0,85146.68000000001,1272248.32,1272248.32,405142.87,ESTUDI GRAF SA_resum
2001-01-01,205335.11,1607098.32,594194.3500000001,90149.99,134772.07,5770597.79,860705.3300000001,167895.05,82683.73,119285.28,201969.01,245873.37,413768.42,223436.39,253529.57,0.0,54647.65,54608.24,2518234.93,12617.66,2518234.93,0.0,68.36999999999999,719725.76,232654.43,371508.72,1837072.04,9.0,-448095.23,115562.61,180425.93,133286.4,1309452.4,0.0,885148.61,205335.11,885148.61,0.0,64706.0,52088.34,119285.28,1563467.6790000002,52088.34,-54579.28,0.0,180425.93,1313920.11,1313920.11,455527.54,ESTUDI GRAF SA_resum
2002-01-01,165023.99,1607098.32,727240.41,90150.0,138671.02,5770597.79,860705.3300000001,263149.12,81939.75,121442.95,203382.7,342298.22000000003,605447.3400000001,280167.67,262137.88,0.0,50969.93,50969.93,2199316.65,13742.36,2226316.65,0.0,0.6100000000000001,633321.25,167162.1,376440.04,1554954.31,12.0,-448095.23,89719.11,121793.07,190017.669,1309452.4,0.0,915370.0,165023.99,915370.0,0.0,70473.63,56731.27,121442.95,1563467.6790000002,56731.27,-50969.32,0.0,121793.07,1360561.66,1360561.66,465521.19,ESTUDI GRAF SA_resum
2003-01-01,123111.34,1607098.32,778268.37,90150.0,131965.14,5770597.79,860705.3300000001,238562.81,82398.03,106776.89,189174.919,460739.8,699302.61,329734.78,285298.95,0.0,45202.84,45202.84,1974185.62,12006.94,2001185.62,0.0,2.035,536371.99,101669.78,374432.7,1307948.92,11.0,-448095.23,60269.509,78965.76,239584.78,1309452.4,0.0,861794.24,123111.34,861794.24,0.0,61574.05,49567.11,106776.89,1563467.6790000002,49567.11,-45202.84,0.0,78965.76,1314640.36,1314640.36,474473.87,ESTUDI GRAF SA_resum
2004-01-01,381835.56,1607098.32,1308138.59,90150.0,114222.849,5770597.79,860705.3300000001,312456.46,75631.43,148707.76,224339.19,642107.47,954563.929,368326.2,333595.18,48932.3,51839.27,51839.27,2469025.84,9348.23,2475025.84,0.0,3.46,414899.35,42749.98,366139.25,1620638.48,12.0,-448095.23,6010.119000000001,353574.66,278176.2,1309452.4,0.0,972876.18,381835.56,972876.18,0.0,96871.95,87523.72,148707.76,1563467.6790000002,38591.42,-51835.810000000005,-48932.3,353574.66,1723037.94,1723037.94,509005.529,ESTUDI GRAF SA_resum
2005-01-01,360209.18,1607098.32,1857158.0,90150.0,120460.14,5770597.79,860705.3300000001,332492.04,62221.01,122406.08,184627.09,701516.73,1034008.77,426565.33,461713.02,0.0,50378.14,50378.14,3468612.5,14107.61,3468612.5,0.0,318.8,482308.62,101263.05,375035.45,2554532.02,12.0,-448095.23,6010.119000000001,823149.23,336415.33,1309452.4,0.0,1552692.11,360209.18,1552692.11,0.0,72346.73999999999,58239.13,122406.08,1563467.6790000002,58239.13,-50059.34,0.0,823149.23,2339466.62,2339466.62,646658.91,ESTUDI GRAF SA_resum
2006-01-01,846435.12,1607098.32,2352333.51,90150.0,102006.62,5770597.79,860705.3300000001,945127.31,51424.84,138649.51,190074.35,805304.4600000001,1750431.77,477147.11,555215.65,5952.01,72429.16,72429.16,4450569.91,12252.73,4450569.91,0.0,2566.17,1068830.02,79847.16,945782.86,3311326.45,13.0,-448095.23,43200.0,601901.739,386997.11,1309452.4,0.0,2097581.299,846435.12,2097581.299,0.0,68786.52,56533.78999999999,138649.51,1563467.6790000002,50581.78,-69862.98999999999,-5952.01,601901.74,3421163.53,3421163.53,741904.16,ESTUDI GRAF SA_resum
2007-01-01,985238.38,1607098.32,2782460.55,90150.0,274363.32,5770597.79,860705.3300000001,881067.9400000001,191506.06,223776.65,415282.709,1514310.1,2395378.04,560004.37,570596.58,0.0,137777.27000000002,137777.27000000002,6278052.44,16076.78,6278052.44,0.0,12934.66,1972959.31,58431.28999999999,1850728.02,4786846.79,13.0,-448095.23,63800.0,387082.509,469854.37,1309452.4,0.0,3210177.11,985238.38,3210177.11,0.0,98934.04,82857.26,223776.65,1563467.6790000002,82857.26,-124842.61,0.0,387082.51,4755419.859999999,4755419.859999999,998813.95,ESTUDI GRAF SA_resum
2008-01-01,997927.41,1607098.32,4209456.54,90150.0,286123.58,5770597.79,860705.3300000001,2259152.47,229069.29,254015.28,483084.57,1807905.31,2459959.46,617058.66,632287.88,0.0,191244.09,191107.35,7334065.470000001,11070.23,7334065.470000001,0.0,5353.33,630425.26,54004.96615384615,588225.26,5770597.79,13.0,-448095.23,42200.0,142398.76,526908.66,1309452.4,0.0,757092.08,997927.41,3224895.73,0.0,68124.52,57054.28999999999,254015.28,1563467.6790000002,57054.28999999999,-185890.76,0.0,142398.76,4839881.8,4839881.8,1120589.04,ESTUDI GRAF SA_resum
2009-01-01,612966.7899999999,626535.2,2164870.12,90150.0,161151.11000000002,4896983.119999999,899188.76,337569.97000000003,133253.64,258561.12,391814.76,1687434.16,1398468.93,644956.13,622674.2799999999,0.0,227180.43,227180.43,6306219.01,5412.95,6306219.01,0.0,1929.73,704035.37,49578.6423076923,673032.7,4896983.119999999,13.0,-394746.85,31002.67,139865.99,554806.13,1150674.77,0.0,85258.61,612966.7899999999,1610982.57,0.0,33310.42,27897.469,258561.12,1409235.8890000002,27897.469,-225250.699,0.0,139865.99,2868905.49,2868905.49,1016418.77,ESTUDI GRAF SA_resum
2010-01-01,386760.85,374618.48,2187235.61,90150.0,144830.8,5881223.68,1219186.6900000002,488997.69,103719.12,203708.84,307427.95900000003,1566453.27,1680832.48,686067.81,633555.1799999999,0.0,155262.94,155262.94,7560081.31,8406.75,7560081.31,0.0,1072.53,602811.97,45152.31846153845,594311.97,5881223.68,14.0,-737874.49,8500.0,131784.65,595917.81,1475148.79,0.0,123413.75,386760.85,1717218.92,0.0,49518.43,41111.68,203708.84,1678857.63,41111.68,-154190.41,0.0,131784.65,2790047.58,2790047.58,942055.67,ESTUDI GRAF SA_resum
2011-01-01,186145.53,23419.41,2256635.44,90150.0,151292.94999999998,6557062.659999999,1745991.62,519745.2,100173.2,271237.75,371410.95,1718886.77,2215212.56,737547.56,650458.7899999999,0.0,210437.55,210437.55,8336361.41,9918.76,8336361.41,0.0,238.31,557732.4600000001,40725.99461538461,503842.46,6557062.659999999,11.0,-757429.01,53890.0,18003.47,647397.56,1508061.0,0.0,121263.78,186145.53,1890674.81,0.0,61038.51,51119.75,271237.75,1779298.75,51119.75,-210199.24,0.0,18003.47,2814367.9,2814367.9,1022108.05,ESTUDI GRAF SA_resum
2012-01-01,728192.59,262199.40900000004,2869454.37,90150.0,198841.08,5642005.04,1988407.08,587987.3200000001,139679.37,331383.63,471063.0,2214898.26,2540686.17,796709.2699999999,578166.13,0.0,258688.53,258688.53,7504763.25,13652.7,7504763.25,0.0,119.31,1051505.8,36299.67076923077,925615.8,5642005.04,13.0,-813529.08,125890.0,66568.789,706559.2699999999,1531374.58,0.0,145451.81999999998,728192.59,2396058.31,0.0,72814.40999999999,59161.71,331383.63,1862758.21,59161.71,-258569.22,0.0,66568.789,3920960.17,3920960.17,1049348.44,ESTUDI GRAF SA_resum
2013-01-01,801458.61,134560.6,2796024.32,90150.0,247314.419,7194174.33,1618837.92,1019007.96,185717.5,356732.06,542449.56,1663365.59,2547812.949,858306.19,624561.6799999999,0.0,280928.2,280804.36,9153711.33,14214.67,9153711.33,0.0,7.73,617139.0,31873.34692307692,491249.0,7194174.33,12.0,-792525.76,125890.0,113650.77,768156.19,1602804.94,0.0,258099.445,801458.61,1753398.52,0.0,75811.59,61596.92,356732.06,1959537.0,61596.92,-280920.47000000003,0.0,113650.77,3413163.32,3413163.32,1166895.13,ESTUDI GRAF SA_resum
2014-01-01,556046.3300000001,230959.46,3070656.32,90150.0,193572.449,8742531.44,1560182.08,2254864.93,112095.37,403583.28,515678.65,748727.41,2772632.88,939783.27,554617.74,0.0,305227.86,305227.86,10640522.64,18802.4,10640522.64,0.0,1924.06,587061.89,27447.023076923073,396171.89,8742531.44,12.0,-827694.81,190890.0,67063.979,849633.269,1494407.92,0.0,370747.07,556046.3300000001,2161888.61,0.0,100279.48,81477.07900000001,403583.28,1897991.2,81477.07900000001,-303303.8,0.0,67063.979,3657718.21,3657718.21,1072220.45,ESTUDI GRAF SA_resum
2015-01-01,828667.48,53709.43,3002705.27,90150.0,668623.52,7365903.49,1195703.22,2342008.45,137731.03,907122.75,1044853.78,377742.97,2666041.989,1470675.76,647749.63,0.0,227519.76,227519.76,10026413.43,152357.12,10026413.43,0.0,3646.62,702681.03,23020.699230769227,631791.03,7365903.49,14.0,-967906.53,70890.0,282953.85,1380525.76,1753387.1900000002,0.0,156630.41,828667.48,1406043.06,0.0,683249.61,530892.49,907122.75,2660509.939,530892.49,-223873.14,0.0,282953.85,3705386.3,3705386.3,1696250.03,ESTUDI GRAF SA_resum
2016-01-01,835508.87,473057.8,4084070.16,90150.0,229314.5,5673280.98,1919165.02,2667508.79,165124.33,162071.4,327195.73000000004,1012707.16,3207158.15,1534865.93,657010.7899999999,0.0,82126.43,82126.43,7749626.21,18635.86,7749626.21,0.0,2881.06,805497.57,18594.375384615385,734607.57,5673280.98,14.0,-1092138.71,70890.0,403854.21,1444715.93,1914273.83,0.0,126970.11,835508.87,2519192.93,0.0,82826.03,64190.17,162071.4,2076345.229,64190.17,-79245.37000000001,0.0,403854.21,4889567.73,4889567.73,987087.58,ESTUDI GRAF SA_resum
2017-01-01,1949105.86,387394.14,4048480.09,1000000.0,333660.44,5528502.22,2361836.55,3013986.49,227976.23,203644.7,431620.93000000005,960808.0,3587400.35,1650400.14,654022.8,0.0,67277.98999999999,67180.64,7521262.26,30682.52,7521262.26,0.0,0.02,2678998.2,14168.051538461536,2655498.2,5528502.22,15.0,-907116.31,23500.0,73685.6,650400.14,1789115.34,0.0,378741.6,1949105.86,3127972.29,0.0,136366.73,105684.21,203644.7,1992760.04,105684.21,-67277.97,0.0,73685.6,6727478.29,6727478.29,1085546.4,ESTUDI GRAF SA_resum
2018-01-01,1470494.95,1132344.0,4830517.48,1000000.0,496053.449,6410218.930000001,2748356.12,3533147.62,378510.5,222613.77,601124.2699999999,1286306.49,3687110.11,1767943.09,804986.89,0.0,70945.43999999999,69896.62000000001,8632402.139999999,34125.380000000005,8632402.139999999,0.0,0.0,2513074.43,9741.727692307686,2489574.43,6410218.930000001,17.0,-816072.05,23500.0,11063.37,767943.09,1999569.44,0.0,224453.75,1470494.95,4105153.87,0.0,151668.33,117542.949,222613.77,2222183.21,117542.949,-70945.43999999999,0.0,11063.37,7343591.91,7343591.91,1405062.3390000002,ESTUDI GRAF SA_resum
2019-01-01,2408706.4,1308465.91,5488508.359999999,1000000.0,543846.54,7761305.6,3047947.23,4289206.3,348621.71,316671.05,665292.76,1162524.22,4143264.609,1963167.92,717542.9400000001,0.0,64810.4,64810.4,10017897.61,56678.18,10017897.61,0.0,42.36,3429708.58,5315.403846153844,3421208.58,7761305.6,16.0,-873756.309,8500.0,36777.84,963167.919,1939920.96,0.0,189929.48,2408706.4,4546342.619999999,0.0,251903.01,195224.83,316671.05,2256592.01,195224.83,-64768.04,0.0,36777.84,8918216.94,8918216.94,1382878.059,ESTUDI GRAF SA_resum
2020-01-01,3311342.18,1021705.97,3321707.13,1000000.0,603978.3400000001,6950507.119999999,1502234.49,1979137.38,356785.74,394825.02,751610.76,1142578.1700000002,2100009.58,2210360.52,778435.19,0.0,72093.13,72093.13,9213364.25,75772.73,9213364.25,0.0,233.44,4942875.13,889.08,4933486.05,6950507.119999999,17.0,-732811.1799999999,8500.0,199991.58,1210360.52,1868032.11,0.0,218939.099,3311342.18,2742879.56,0.0,322965.33,247192.6,394825.02,2262857.13,247192.6,-71859.69,0.0,199991.58,8264582.26,8264582.26,1530279.39,ESTUDI GRAF SA_resum
2021-01-01,2728073.07,1861080.41,5158827.92,1000000.0,576497.59,9149082.87,2418248.11,3464712.15,333199.44,398597.39,731796.8300000001,1178489.99,2782121.7290000003,2453658.67,664850.41,0.0,83138.48999999999,83138.48999999999,11201898.88,73683.61,11201898.88,0.0,1522.86,4696406.18,7117.41,4680788.7700000005,9149082.87,16.0,-656168.7699999999,8500.0,515625.78,1453658.6700000002,1654218.62,0.0,394173.839,2728073.07,4673502.359999999,0.0,316981.76,243298.15,398597.39,2052816.01,243298.15,-81615.63,0.0,515625.78,9855234.1,9855234.1,1398170.1,ESTUDI GRAF SA_resum
2022-01-01,2503838.19,1753214.9049999998,6299313.24,1000000.0,561621.03,10946723.31,3938872.3,4160420.31,379513.54,350705.6,730219.139,1446279.52,5606699.83,2635766.16,697216.13,0.0,119728.51,119728.51,13287315.1,53403.55,13288603.6,0.0,4533.95,5050051.6,72771.20999999999,4968780.39,10946723.31,15.0,-914445.02,8500.0,692613.41,1635766.16,1991174.69,0.0,2270888.19,2503838.19,6209760.49,0.0,235511.04,182107.49,350705.6,2341880.2890000003,182107.49,-115194.56,0.0,692613.41,11349364.84,11349364.84,1431969.22,ESTUDI GRAF SA_resum
2023-01-01,2585413.24,1645349.4,6310257.819999999,1000000.0,624933.4600000001,9940690.58,3814506.35,4963785.73,439295.23,515226.93000000005,954522.159,1292529.56,4610965.89,2817867.39,714236.92,0.0,273054.61,273054.61,12662692.18,56534.09,12662769.84,0.0,0.0,4970173.92,52365.74,4909308.18,9940690.58,15.0,-1053320.1800000002,8500.0,53942.53,1817867.39,2206852.33,0.0,417295.36,2585413.24,5877151.109999999,0.0,242172.32,185638.23,515226.93000000005,2722079.26,185638.23,-273054.61,0.0,53942.53,11280431.739999998,11280431.739999998,1668759.08,ESTUDI GRAF SA_resum
