Año,Acreedores a L. P.,Acreedores comerciales,Activo circulante,Capital suscrito,Cash flow,Consumo de mercaderías y de materias,Deudas financieras,Deudores,Dotaciones para amortiz. de inmovil.,EBIT,EBITDA,Existencias,Fondo de maniobra,Fondos propios,Gastos de personal,Gastos extraordinarios,Gastos financieros,Gastos financieros y gastos asimilados,Importe neto Cifra de Ventas,Impuestos sobre sociedades,Ingresos de explotación,Ingresos extraordinarios,Ingresos financieros,Inmovilizado,Inmovilizado inmaterial,Inmovilizado material,Materiales,Número empleados,Otros Conceptos de Explotación,Otros activos fijos,Otros activos líquidos,Otros fondos propios,Otros gastos de explotación,Otros pasivos fijos,Otros pasivos líquidos,Pasivo fijo,Pasivo líquido,Provisiones,Result. ordinarios antes Impuestos,Resultado Actividades Ordinarias,Resultado Explotación,Resultado bruto,Resultado del Ejercicio,Resultado financiero,Resultados actividades extraordinarias,Tesorería,Total activo,Total pasivo y capital propio,Valor agregado,Empresa
1999-01-01,89139.78,392567.63,870636.2789999999,126212.54,48170.01,1037897.14,0.0,466251.61,41881.64,31388.12,73269.76,392235.67,858487.2799999999,366300.36,274343.02,0.0,29296.469,29292.37,1392186.79,2714.6,1392186.79,292.75,6618.58,133779.7,120910.15,12869.54,889793.1,13.0,-435900.85,0.01,12148.999,240087.82,826498.26,849.21,548975.8300000001,89139.78,548975.8300000001,849.21,8710.220000000001,5995.619000000001,31388.12,964850.96,6288.37,-22677.9,292.75,5257.55,1004415.97,1004415.97,354520.0,FILLS DE RAMON CASELLAS SL_resum
2000-01-01,55325.27,392567.63,825243.3200000001,126212.54,50049.7,1037897.14,0.0,579814.6,42840.69,37403.89,80244.58,201482.35,781296.9500000001,373509.38,287238.16,0.0,29148.23,29148.23,1387816.91,3089.57,1387816.91,485.54,1557.389,108293.15,94256.79,14036.36,848354.3400000001,13.0,-435900.85,0.0,43946.37,247296.84,826498.26,849.21,504701.83,55325.27,504701.83,849.21,9813.05,6723.48,37403.89,964850.96,7209.01,-27590.84,485.54,38697.08,933536.47,933536.47,369525.66,FILLS DE RAMON CASELLAS SL_resum
2001-01-01,100849.87,392567.63,793911.8600000001,126212.54,67851.459,1037897.14,0.0,487533.21,60030.71,37317.71,97348.42,251200.35,738733.56,381330.12,231290.59,0.0,27383.38,27383.38,1603005.14,3351.75,1603005.14,2.66,1235.51,186289.47,163518.49,17962.88,1067171.36,10.0,-435900.85,4808.1,55178.3,255117.58,826498.26,849.21,498021.34,100849.87,498021.34,849.21,11169.84,7818.09,37317.71,964850.96,7820.75,-26147.87,2.66,41829.62,980201.33,980201.33,329877.18,FILLS DE RAMON CASELLAS SL_resum
2002-01-01,55919.12,392567.63,1180597.55,126212.54,85936.05,1037897.14,0.0,816969.65,73263.63,35394.09,108657.72,174069.07,991038.72,394002.54,249367.34,0.0,19045.62,19045.62,1792158.9,5431.04,1792158.9,1172.49,582.5,120676.72,97373.3,18495.32,1199725.05,10.0,-435900.85,4808.099,189558.829,267790.0,826498.26,849.21,851352.61,55919.12,851352.61,849.21,16930.97,11499.93,35394.09,964850.96,12672.42,-18463.12,1172.49,183935.21,1301274.27,1301274.27,359780.05,FILLS DE RAMON CASELLAS SL_resum
2003-01-01,189802.24,392567.63,1245577.779,126212.54,85327.31,1037897.14,0.0,746344.76,72374.9,17934.21,90309.109,230685.49,977030.25,406954.95,281825.56,0.0,22101.28,22101.28,1575043.06,5551.08,1575043.06,16510.439,6160.120000000001,334914.15,296957.76,33148.28999999999,893508.72,11.0,-435900.85,4808.1,268547.52900000004,280742.41000000003,826498.26,849.21,983734.74,189802.24,983734.74,849.21,1993.05,-3558.029,17934.21,964850.96,12952.41,-15941.16,16510.439,251741.65,1580491.93,1580491.93,394805.23,FILLS DE RAMON CASELLAS SL_resum
2004-01-01,171664.07,392567.63,873800.47,126212.54,137388.43,1037897.14,0.0,456616.88,120630.93,39963.69,160594.62,267809.77,724426.65,423712.45,318711.43000000005,0.0,18692.28,18692.28,1410149.94,7181.78,1410149.94,1034.48,1633.389,351981.47000000003,307020.63,40152.74,674541.14,11.0,-435900.85,4808.099,149373.819,297499.91000000003,826498.26,849.21,630405.42,171664.07,630405.42,849.21,22904.8,15723.02,39963.69,964850.96,16757.5,-17058.89,1034.48,136510.13,1225781.94,1225781.94,481973.91900000005,FILLS DE RAMON CASELLAS SL_resum
2005-01-01,845092.9,392567.63,1030813.26,126212.54,163200.18,1037897.14,0.0,881682.02,121049.68,81300.53,202350.21,123540.49,1005222.51,465862.95,358906.59,0.0,22544.3,22544.3,1703227.02,18064.5,1703227.02,0.0,1458.77,1167388.87,196176.62,966404.15,952001.25,10.0,-435900.85,4808.1,25590.75,339650.41000000003,826498.26,849.21,887246.2799999999,845092.9,887246.2799999999,849.21,60215.0,42150.5,81300.53,964850.96,42150.5,-21085.53,0.0,20193.03,2198202.13,2198202.13,562715.57,FILLS DE RAMON CASELLAS SL_resum
2006-01-01,611954.88,392567.63,805397.1699999999,126212.54,184887.13,1037897.14,0.0,677416.38,110116.73,148643.71000000002,258760.44,91256.88,768673.26,540633.3500000001,301865.93000000005,0.0,44142.72,44142.72,1713537.49,32044.47,1713537.49,1069.82,1244.06,1195172.81,96178.64,1094186.07,979144.3,10.0,-435900.85,4808.1,36723.91,414420.81,826498.26,849.21,847981.75,611954.88,847981.75,849.21,105745.05,73700.58,148643.71000000002,964850.96,74770.4,-42898.66,1069.82,23906.16,2000569.98,2000569.98,562940.25,FILLS DE RAMON CASELLAS SL_resum
2007-01-01,399855.08,392567.63,721788.21,126212.54,148936.539,1037897.14,0.0,660673.62,79474.78,151235.99,230710.77,34167.3,694840.92,610095.11,349769.36,0.0,59810.33,59810.33,1773403.89,23153.89,1773403.89,0.0,1189.99,1147221.27,31350.85,1111062.32,1016331.2,10.0,-435900.85,4808.099,26947.29,483882.57,826498.26,849.21,859059.2889999999,399855.08,859059.2889999999,849.21,92615.65,69461.76,151235.99,964850.96,69461.76,-58620.34,0.0,18769.480000000003,1869009.48,1869009.48,581670.12,FILLS DE RAMON CASELLAS SL_resum
2008-01-01,214684.11,392567.63,535182.61,126212.54,118735.42,1037897.14,308186.63,429215.13,41509.18,138352.7,179861.87999999998,36437.4,73084.9,687321.3500000001,349088.23000000004,0.0,36212.5,36212.5,2002748.1,25742.08,2002748.1,0.0,828.12,1109349.73,0.0,1104541.63,1037897.14,10.0,-435900.85,4808.1,69530.08,561108.81,826498.26,849.21,40923.41,215533.32,741677.6699999999,849.21,102968.32,77226.23999999999,138352.7,964850.96,77226.23999999999,-35384.380000000005,0.0,69530.08,1644532.34,1644532.34,529778.23,FILLS DE RAMON CASELLAS SL_resum
2009-01-01,205806.16,476128.7,498106.58,126212.54,82619.6,803353.41,121470.12,404987.74,727.21,127138.75,127865.96,38208.6,-32932.36,769213.74,350884.6,0.0,17948.9,17948.9,1688384.55,27297.460000000003,1688384.55,0.0,0.0,1111146.28,0.0,1106338.1800000002,803353.41,9.0,-406280.58,4808.1,54910.24,643001.2,757892.39,849.21,35784.93,206655.37,633383.75,849.21,109189.85,81892.39,127138.75,885031.14,81892.39,-17948.9,0.0,54910.24,1609252.86,1609252.86,478750.56,FILLS DE RAMON CASELLAS SL_resum
2010-01-01,260570.48,410397.43000000005,571381.2799999999,126212.54,66340.01,688605.8500000001,191542.92,141694.56,4019.47,92005.86,96025.33,425388.25,156685.37999999998,831534.2799999999,349774.55,0.0,8911.81,8911.81,1409562.31,20773.51,1409562.31,0.0,0.0,1153426.28,0.0,1148618.1800000002,595495.3500000001,9.0,-275156.58,4808.1,4298.469999999999,705321.74,628950.6,849.21,29913.239,261419.69,631853.59,849.21,83094.05,62320.54,92005.86,720956.4600000001,62320.54,-8911.81,0.0,4298.469999999999,1724807.56,1724807.56,445799.879,FILLS DE RAMON CASELLAS SL_resum
2011-01-01,247474.16,500672.24,691308.37,126212.54,44454.25,482454.66,193046.44,212165.94,6307.5,64816.02,71123.519,431741.35,143235.05,869681.03,361532.37,0.0,13953.68,13953.68,1232830.0,12715.59,1232830.0,0.0,0.0,1147118.78,0.0,1142310.6800000002,482454.66,9.0,-317719.45,4808.1,47401.08,743468.49,685559.3200000001,849.21,26704.07,248323.37,720422.75,849.21,50862.34,38146.75,64816.02,750375.3400000001,38146.75,-13953.68,0.0,47401.08,1838427.15,1838427.15,432655.889,FILLS DE RAMON CASELLAS SL_resum
2012-01-01,228065.46,323604.59,639630.93,126212.54,32393.259,422086.38,90044.95,207146.55,6307.5,51242.07,57549.57,420677.1,304219.059,895766.7899999999,329101.57,0.0,16461.05,16461.05,980176.63,8695.26,986632.63,0.0,0.0,970252.24,0.0,965444.14,422086.38,9.0,-177895.11000000002,4808.1,11807.28,769554.25,513304.18,849.21,71552.17000000001,228914.67,485201.71,849.21,34781.02,26085.759,51242.07,564546.25,26085.759,-16461.05,0.0,11807.28,1609883.1700000002,1609883.1700000002,386651.14,FILLS DE RAMON CASELLAS SL_resum
2013-01-01,224850.23,200627.45,709818.01,311324.27,28147.01,434119.84,99248.849,233752.82,11133.83,39839.76,50973.59,426051.15,459176.519,1097891.7,300527.73000000004,0.0,17162.19,17162.19,951908.51,5664.39,958364.51,0.0,0.0,990665.83,0.0,985857.73,434119.84,8.0,-172743.34999999998,4808.1,50014.04,786567.43,484404.91,849.21,77016.4,225699.44,376892.7,849.21,22677.57,17013.18,39839.76,524244.67,17013.18,-17162.19,0.0,50014.04,1700483.84,1700483.84,351501.32,FILLS DE RAMON CASELLAS SL_resum
2014-01-01,226920.9,212977.72,664060.3500000001,311324.27,23011.73,463277.13,98180.57,203782.21,11458.0,31005.08,42463.08,433444.25,424248.74,1109445.43,281746.14,0.0,15600.11,15600.11,916043.5,3851.24,922499.5,0.0,0.0,1003136.39,0.0,998328.29,463277.13,7.0,-135013.15,4808.1,26833.89,798121.16,428217.29,849.21,18822.91,227770.11,329981.2,849.21,15404.97,11553.73,31005.08,459222.37,11553.73,-15600.11,0.0,26833.89,1667196.74,1667196.74,324209.22000000003,FILLS DE RAMON CASELLAS SL_resum
2015-01-01,195957.0,245577.13,639573.42,311324.27,30970.57,489915.5,23779.43,199472.94,14763.84,33641.850000000006,48405.69,432654.16,386549.97,1125652.16,279307.37,0.0,12032.87,12032.87,969995.86,5402.25,976451.86,0.0,0.0,989110.78,0.0,984302.68,489915.5,7.0,-158823.3,4808.1,7446.320000000001,814327.89,452894.51,849.21,36869.27,196806.21,306225.83,849.21,21608.980000000003,16206.73,33641.850000000006,486536.36,16206.73,-12032.87,0.0,7446.320000000001,1628684.2,1628684.2,327713.06,FILLS DE RAMON CASELLAS SL_resum
2016-01-01,181958.9,271308.31,676265.23,311324.27,24973.129,565334.76,40451.66,243234.63,13107.88,24871.28,37979.159,430579.9,402506.22,1137517.41,292612.43000000005,0.0,9463.740000000002,9463.740000000002,1065394.33,3955.09,1072600.33,0.0,412.8,990577.46,0.0,985769.36,565334.76,8.0,-176673.97999999998,4808.1,2450.7,826193.14,482394.2890000001,849.21,34757.19899999999,182808.11,346517.17,849.21,15820.34,11865.25,24871.28,507265.57,11865.25,-9050.94,0.0,2450.7,1666842.6900000002,1666842.6900000002,331004.39,FILLS DE RAMON CASELLAS SL_resum
2017-01-01,156828.64,283283.93000000005,685819.9500000001,311324.27,28310.480000000003,566725.12,36758.63,250782.94,12355.79,30120.7,42476.49,430760.95,398259.96,1153472.1,313727.94,0.0,8847.78,8847.78,1080269.55,5318.23,1086725.55,0.0,0.0,978962.59,0.0,974154.49,566725.12,8.0,-163796.0,4808.1,4276.06,842147.8300000001,489879.73,849.21,33590.03,157677.84999999998,353632.59,849.21,21272.92,15954.689,30120.7,520000.43000000005,15954.689,-8847.78,0.0,4276.06,1664782.54,1664782.54,356204.43000000005,FILLS DE RAMON CASELLAS SL_resum
2018-01-01,213896.06,105872.98,537537.89,311324.27,36808.62,772914.11,50797.25,271677.25,18249.08,32782.47,51031.55,246646.72,412450.9900000001,1172031.64,305884.24,0.0,8036.42,8036.42,1314841.15,6186.51,1319391.15,0.0,0.0,1031280.98,0.0,1026472.88,772914.11,8.0,-189561.25,4808.1,19213.92,860707.37,513694.57,849.21,25371.73,214745.27,182041.96,849.21,24746.05,18559.54,32782.47,546477.039,18559.54,-8036.42,0.0,19213.92,1568818.87,1568818.87,356915.79000000004,FILLS DE RAMON CASELLAS SL_resum
2019-01-01,165747.81,315294.65,564231.14,311324.27,49613.12,713608.99,16363.61,208588.5,31886.06,33596.9,65482.96,256794.17,150088.02,1189758.7,339573.64,0.0,6981.929999999999,6981.929999999999,1380118.35,9549.27,1380118.35,0.0,661.3599999999999,1155836.1700000002,0.0,1151028.07,713608.99,8.0,-261452.76,4808.1,98848.47,878434.43,632912.4600000001,849.21,32053.33,166597.02,363711.59,849.21,27276.33,17727.06,33596.9,666509.3600000001,17727.06,-6320.57,0.0,92375.47,1720067.31,1720067.31,405717.96,FILLS DE RAMON CASELLAS SL_resum
2020-01-01,346490.85,288166.43000000005,673433.9400000001,311324.27,62526.53,631655.43,0.0,243043.73,43497.54,34442.59,77940.13,249323.44,204200.74,1208787.6900000002,367315.84,0.0,9107.42,9107.42,1309339.3,6392.67,1321339.3,0.0,86.49000000000001,1269152.01,0.0,1264343.91,631655.43,9.0,-244427.9,4808.1,181066.77,897463.42,655241.2799999999,849.21,98291.769,347340.06,386458.2,849.21,25421.66,19028.989,34442.59,689683.87,19028.989,-9020.93,0.0,181066.77,1942585.95,1942585.95,445342.459,FILLS DE RAMON CASELLAS SL_resum
2021-01-01,319587.02,312165.87,647772.66,311324.27,75796.72,814585.1699999999,0.0,246110.29,53710.98,38608.66,92319.64,223518.31,157462.729,1230873.43,414217.04,0.0,9164.12,9164.12,1536580.6800000002,7361.92,1536580.6800000002,0.0,3.12,1263923.87,0.0,1259115.77,814585.1699999999,10.0,-215458.83,4808.1,178144.06,919549.16,683386.8500000001,849.21,48221.0,320436.23000000004,360386.87,849.21,29447.66,22085.739,38608.66,721995.509,22085.739,-9161.0,0.0,167799.16,1911696.53,1911696.53,506539.79900000006,FILLS DE RAMON CASELLAS SL_resum
2022-01-01,240247.34,266432.90900000004,615947.74,311324.27,80228.16,920756.95,0.0,244671.32,54389.07,42877.12,97266.19,180279.02,158517.43,1256712.52,487898.88,0.0,8425.0,8425.0,1762470.84,8613.03,1762470.84,0.0,0.0,1211175.56,0.0,1206367.46,920756.95,11.0,-256548.82,4808.1,190997.4,945388.25,798836.769,849.21,62881.32,241096.55,329314.23000000004,849.21,34452.119999999995,25839.09,42877.12,841713.89,25839.09,-8425.0,0.0,180652.5,1827123.3,1827123.3,585165.07,FILLS DE RAMON CASELLAS SL_resum
2023-01-01,154287.64,289862.54,604721.39,311324.27,77370.73,843134.57,0.0,237009.12,54126.66,40800.41,94927.07,138519.07,85665.65000000001,1279956.59,470828.85,0.0,10611.93,10611.93,1673496.07,7748.03,1673496.07,0.0,803.62,1160109.56,0.0,1153881.56,843134.57,10.0,-264605.577,6228.0,229193.199,968632.32,789561.088,849.21,39874.97,155136.84999999998,329737.51,849.21,30992.1,23244.07,40800.41,830361.5,23244.07,-9808.31,0.0,218848.3,1764830.95,1764830.95,566559.54,FILLS DE RAMON CASELLAS SL_resum
