Año,Acreedores a L. P.,Acreedores comerciales,Activo circulante,Capital suscrito,Cash flow,Consumo de mercaderías y de materias,Deudas financieras,Deudores,Dotaciones para amortiz. de inmovil.,EBIT,EBITDA,Existencias,Fondo de maniobra,Fondos propios,Gastos de personal,Gastos extraordinarios,Gastos financieros,Gastos financieros y gastos asimilados,Importe neto Cifra de Ventas,Impuestos sobre sociedades,Ingresos de explotación,Ingresos extraordinarios,Ingresos financieros,Inmovilizado,Inmovilizado inmaterial,Inmovilizado material,Materiales,Número empleados,Otros Conceptos de Explotación,Otros activos fijos,Otros activos líquidos,Otros fondos propios,Otros gastos de explotación,Otros pasivos fijos,Otros pasivos líquidos,Pasivo fijo,Pasivo líquido,Provisiones,Result. ordinarios antes Impuestos,Resultado Actividades Ordinarias,Resultado Explotación,Resultado bruto,Resultado del Ejercicio,Resultado financiero,Resultados actividades extraordinarias,Tesorería,Total activo,Total pasivo y capital propio,Valor agregado,Empresa
1999-01-01,339494.62,614034.74,886676.8400000001,6010.120000000001,44759.94,0.0,210354.24,271227.89,10751.96,62581.05,73333.01,503503.22,774731.11,378747.26,29086.95,248.49,8158.969999999999,8158.969999999999,604824.91,20165.6,604824.91,0.0,19273.68,683462.3600000001,2782.9,680679.4600000001,480683.09,3.0,-65478.7,0.0,111945.729,372737.14,156617.47,0.0,851897.3200000001,339494.62,851897.3200000001,0.0,54422.07,34256.47,62581.05,269701.46,34007.98,-8158.969999999999,-248.49,111945.73,1570139.21,1570139.21,102171.459,FINQUES CALELLA SL_resum
2000-01-01,311453.4016666667,614034.74,807949.9500000001,6010.120000000001,251637.44,0.0,210354.24,27349.06,20026.84,337373.23000000004,357400.07,177398.51,204747.57,603131.01,14597.39,0.0,9533.82,9533.82,1923238.73,115863.2,1975208.76,360.72,19273.68,1079608.8,2794.24,1076814.56,1567987.04,1.0,-65478.7,0.0,603202.379,597120.89,156617.47,0.0,1284427.75,311453.4016666667,1284427.75,0.0,347113.08,231249.88,337373.23000000004,269701.46,231610.6,9739.85,360.72,603202.39,1887558.75,1887558.75,391631.85,FINQUES CALELLA SL_resum
2001-01-01,283412.18333333335,614034.74,851582.71,6010.120000000001,116003.95,0.0,210354.24,236700.08,20328.480000000003,122189.21,142517.69,151323.07,388023.15,698806.48,15844.61,1778.82,10497.97,10497.97,805356.21,46422.02,857224.049,13516.18,18668.9,1068295.5,2235.3900000000003,1066060.11,685153.8,1.0,-65478.7,0.0,463559.559,692796.3600000001,156617.47,0.0,1221071.74,283412.18333333335,1221071.74,0.0,130360.14,83938.12000000001,122189.21,269701.46,95675.47,8170.929999999999,11737.36,463559.56,1919878.22,1919878.22,188768.55,FINQUES CALELLA SL_resum
2002-01-01,255370.965,614034.74,594589.39,6010.120000000001,47641.67,0.0,210354.24,205371.36428571428,22326.35,-25770.38,-3444.03,151323.07,151323.07,724121.8,15844.66,455.1,124.15,124.15,0.0,10849.42,55278.08,56225.6,6288.77,1217009.27,216.0,1216793.27,0.0,1.0,-65478.7,0.0,443266.32,718111.6799999999,156617.47,0.0,1087476.86,255370.965,1087476.86,0.0,-19605.76,-30455.18,-25770.38,269701.46,25315.32,6164.620000000001,55770.5,443266.32,1811598.66,1811598.66,74459.9,FINQUES CALELLA SL_resum
2003-01-01,227329.74666666664,614034.74,608554.02,6010.120000000001,47148.14,0.0,210354.24,174042.64857142855,31270.69,26497.53,57768.22,151323.07,151323.07,739999.25,17063.480000000003,22332.4,21.39,21.39,98759.51,6804.620000000001,98759.51,0.2,18538.13,1220552.39,162.0,1220390.39,0.0,1.0,-65478.7,0.0,457230.95,733989.13,156617.47,0.0,1089107.16,227329.74666666664,1089107.16,0.0,45014.27,38209.649,26497.53,269701.46,15877.45,18516.74,-22332.2,457230.95,1829106.41,1829106.41,71037.63,FINQUES CALELLA SL_resum
2004-01-01,199288.52833333332,614034.74,563332.12,6010.120000000001,99800.54,0.0,210354.24,142713.93285714285,31587.99,81804.78,113392.77,151323.07,151323.07,808211.8,17063.480000000003,376.46,1043.56,1043.56,284744.28,29795.07,284744.28,0.0,17622.86,1406162.28,108.0,1406054.28,123243.75,1.0,-65478.7,0.0,412009.05,802201.6799999999,156617.47,0.0,1161282.6,199288.52833333332,1161282.6,0.0,98384.08,68589.01,81804.78,269701.46,68212.55,16579.3,-376.46,412009.05,1969494.4,1969494.4,147702.65,FINQUES CALELLA SL_resum
2005-01-01,171247.31,614034.74,262110.14,6010.120000000001,117238.9,0.0,210354.24,111385.21714285715,31800.08,91204.29,123004.37,151323.07,151323.07,893650.62,19142.45,0.0,391.98,391.98,179922.97999999998,36855.28999999999,179922.97999999998,16529.79,14952.01,1726584.22,54.0,1726530.22,0.0,1.0,-65478.7,0.0,110787.07,887640.5,156617.47,0.0,1095043.74,171247.31,1095043.74,0.0,105764.32,68909.03,91204.29,269701.46,85438.82,14560.03,16529.79,110787.07,1988694.36,1988694.36,173628.62,FINQUES CALELLA SL_resum
2006-01-01,143206.09166666665,614034.74,308977.06,6010.120000000001,204787.07,0.0,210354.24,80056.50142857144,41040.32,239690.44,280730.76,146781.77000000002,146781.77000000002,1057397.37,31678.17,0.0,319.18,319.18,379338.59,78924.98999999999,379338.59,314.35,2986.13,1886260.1,557.2,1885534.5,4541.3,2.0,-65478.7,725.6,162195.29,1051387.25,156617.47,0.0,1137839.79,143206.09166666665,1137839.79,0.0,242357.39,163432.4,239690.44,269701.46,163746.75,2666.9500000000003,314.35,162195.29,2195237.16,2195237.16,315709.41000000003,FINQUES CALELLA SL_resum
2007-01-01,115164.87333333332,614034.74,264540.2,6010.120000000001,132869.669,0.0,210354.24,48727.78571428571,44630.2,111128.82,155759.02,146781.77000000002,146781.77000000002,1145636.84,36952.61,478.95,243.21,243.21,281262.6,29413.16,281262.6,1000.0,6245.969999999999,1960800.75,1060.4,1960075.15,0.0,2.0,-65478.7,725.6,117758.43,1139626.72,156617.47,0.0,1079704.11,115164.87333333332,1079704.11,0.0,117131.58,87718.42,111128.82,269701.46,88239.47,6002.76,521.049,117758.43,2225340.95,2225340.95,199478.65,FINQUES CALELLA SL_resum
2008-01-01,87123.655,614034.74,341144.72000000003,6010.120000000001,142001.81,0.0,210354.24,17399.07,53776.57,113083.99,166860.56,146781.77000000002,-449853.9,1233862.08,37362.2,0.0,99.64,99.64,269701.46,29558.94,269701.46,0.0,4799.83,1977500.35,1563.6,104035.95,0.0,2.0,-65478.7,1873464.4,176963.87999999998,1227851.96,156617.47,0.0,260394.01,87123.655,1084782.99,0.0,117784.18,88225.239,113083.99,269701.46,88225.239,4700.1900000000005,0.0,176963.87999999998,2318645.07,2318645.07,209022.59,FINQUES CALELLA SL_resum
2009-01-01,59082.43666666665,604735.64,453143.97,6010.120000000001,130668.84,0.0,210354.24,8527.62,64107.86,73247.26,137355.12,146781.77000000002,-449426.25,1300423.06,38846.64,0.0,122.85,122.85,1500.0,16640.24,266892.26,0.0,10076.81,1924213.08,2066.8,92600.9,0.0,2.0,-90690.5,1831612.18,297834.58,1294412.939,193644.999,0.0,261844.11,59082.43666666665,1076933.99,0.0,83201.22,66560.979,73247.26,266892.26,66560.979,9953.96,0.0,297834.58,2377357.05,2377357.05,186278.57,FINQUES CALELLA SL_resum
2010-01-01,31041.218333333323,605288.1,544011.1699999999,6010.120000000001,147337.169,0.0,210354.24,871.64,66533.27,92751.52,159284.79,146781.77000000002,-457634.689,1381226.96,40976.08,0.0,239.91,239.91,0.0,20200.97,297792.35,0.0,8493.26,1912465.89,2570.0,120135.93,0.0,2.0,-97531.48,1789759.96,396357.76,1375216.8390000002,205040.83,0.0,259607.76,31041.218333333323,1075250.1,0.0,101004.87,80803.9,92751.52,297792.35,80803.9,8253.349999999999,0.0,396357.76,2456477.06,2456477.06,208754.13,FINQUES CALELLA SL_resum
2011-01-01,3000.0,605154.31,669350.42,6010.120000000001,122495.19,0.0,210354.24,9300.05,73210.61,50423.21,123633.82,146781.77000000002,-449072.4900000001,1430511.54,49487.95,0.0,43.71,43.71,0.0,12321.14,284541.07,0.0,11226.22,1843513.49,1381.25,94197.34,0.0,2.0,-111419.3,1747934.9,513268.6,1424501.42,234117.86,0.0,263843.817,3000.0,1079352.37,0.0,61605.72,49284.58,50423.21,284541.07,49284.58,11182.51,0.0,513268.6,2512863.91,2512863.91,184347.99,FINQUES CALELLA SL_resum
2012-01-01,3000.0,607288.16,737913.76,6010.120000000001,101824.34,0.0,210354.24,18697.21,60812.26,35038.41,95850.67,146781.77000000002,-441809.18,1471523.62,52650.34,0.0,210.68,210.68,0.0,10278.69,256789.52,0.0,16463.04,1820350.24,552.5,110470.45,0.0,2.0,-108288.51,1709327.29,572434.7799999999,1465513.5,221751.11,0.0,266097.97900000005,3000.0,1083740.38,0.0,51290.77,41012.079,35038.41,256789.52,41012.079,16252.36,0.0,572434.7799999999,2558264.0,2558264.0,164964.05,FINQUES CALELLA SL_resum
2013-01-01,3000.0,607966.3200000001,746388.58,6010.120000000001,52871.58,0.0,210354.24,20058.97,26735.94,9467.32,36203.259,146781.77000000002,-441125.579,1497659.26,44049.21,0.0,362.25,362.25,0.0,4612.17,238282.01,0.0,21642.74,1833964.11,650.505,138587.56,0.0,2.0,-158029.54,1695376.55,579547.8400000001,1491649.14,228814.69,0.0,261372.87,3000.0,1079693.43,0.0,30747.81,26135.64,9467.32,238282.01,26135.64,21280.49,0.0,579547.8400000001,2580352.69,2580352.69,101895.209,FINQUES CALELLA SL_resum
2014-01-01,4000.0,593074.54,700002.81,6010.120000000001,43717.809,0.0,210354.24,35048.67,33126.589,-1815.64,31310.949,146781.77000000002,-411244.1,1508250.48,41202.3,0.0,406.0,406.0,0.0,1869.04,236200.14,0.0,14681.9,1874206.66,748.51,142780.84999999998,0.0,2.0,-163686.88899999997,1731425.81,518172.37,1502240.3590000002,238015.778,0.0,258530.21,4000.0,1061958.99,0.0,12460.26,10591.22,-1815.64,236200.14,10591.22,14275.9,0.0,518172.37,2574209.47,2574209.47,87195.149,FINQUES CALELLA SL_resum
2015-01-01,4000.0,605089.08,589961.9,6010.120000000001,106935.769,0.0,210354.24,65514.67,57114.23,55731.880000000005,112846.11,146781.77000000002,-392792.639,1558072.02,37453.8,0.0,1392.6,389.97,0.0,16941.39,313397.08,0.0,12423.65,2057047.3,846.515,204525.6,0.0,2.0,-163097.17,1852521.7,377665.459,1552061.9,257665.2,0.0,269493.86,4000.0,1084937.1800000002,0.0,66762.929,49821.539,55731.880000000005,313397.08,49821.539,11031.05,0.0,67994.22,2647009.2,2647009.2,161720.92899999995,FINQUES CALELLA SL_resum
2016-01-01,9500.0,605832.62,793313.43,6010.120000000001,126655.959,0.0,210354.24,2741.24,71376.48,67651.01,139027.49,151901.22,-451190.16,1613351.5,40908.89,0.0,35.4,35.4,0.0,17908.8,312106.95,0.0,5572.67,1916513.76,944.52,256668.95,0.0,2.0,-132170.569,1659844.81,638670.97,1607341.38,244455.939,0.0,270788.83,9500.0,1086975.6900000002,0.0,73188.28,55279.479,67651.01,312106.95,55279.479,5537.27,0.0,27032.64,2709827.19,2709827.19,185509.05,FINQUES CALELLA SL_resum
2017-01-01,11500.0,605948.62,801930.74,6010.120000000001,76712.06,0.0,210354.24,12055.19,72819.15000000001,4355.360000000001,77174.51,146781.77000000002,-447111.66,1617244.41,41064.48,0.0,289.08,289.08,0.0,2714.77,260618.74,0.0,2541.4,1874769.69,1042.525,242826.36,0.0,1.0,-142379.75,1631943.33,643093.7799999999,1611234.289,256263.38,0.0,231653.16,11500.0,1047956.02,0.0,6607.68,3892.91,4355.360000000001,260618.74,3892.91,2252.32,0.0,78931.63,2676700.43,2676700.43,120780.39,FINQUES CALELLA SL_resum
2018-01-01,21500.0,608021.31,817293.98,6010.120000000001,44495.0,0.0,210354.24,14494.88,77304.39,-31445.52,45858.869,146781.77000000002,-446744.66,1584435.02,61383.810000000005,0.0,3846.0,423.67500000000007,0.0,4036.448,278176.64,0.0,2482.129,1860894.49,1140.53,255460.29,0.0,3.0,-170933.96,1604293.6700000002,656017.3300000001,1578424.9,309622.16,0.0,253877.9,21500.0,1072253.45,0.0,-32809.39,-32809.39,-31445.52,278176.64,-32809.39,-1363.87,0.0,48534.07,2678188.47,2678188.47,105878.81,FINQUES CALELLA SL_resum
2019-01-01,23000.0,601732.69,1471654.96,6611.13,75324.31,0.0,210354.24,29212.960000000003,72153.85,3718.65,75872.5,177683.37,-394836.36,2187605.48,69090.98999999999,0.0,558.2700000000001,558.2700000000001,0.0,5358.126,300736.07,0.0,10.08,1807957.1,658.0,230906.91,0.0,2.0,-155772.58,1576392.1900000002,1264758.63,2180994.35,297017.42000000004,0.0,256919.65,23000.0,1069006.58,0.0,3170.46,3170.46,3718.65,300736.07,3170.46,-548.1890000000001,0.0,751038.26,3279612.06,3279612.06,144973.57,FINQUES CALELLA SL_resum
2020-01-01,27000.0,606015.75,1472421.92,6611.13,55623.82,0.0,210354.24,38189.15,74826.85,-18779.09,56047.76,381643.46,-186183.139,2168402.45,68322.40999999999,0.0,517.2800000000001,517.2800000000001,0.0,6679.804,288453.1,0.0,93.34,1817959.31,175.47,259732.69,0.0,2.0,-164082.93,1558051.15,1052589.31,2161791.32,307232.19,0.0,278608.79000000004,27000.0,1094978.78,0.0,-19203.03,-19203.03,-18779.09,288453.1,-19203.03,-423.939,0.0,552589.31,3290381.23,3290381.23,124463.51,FINQUES CALELLA SL_resum
2021-01-01,31500.0,635373.39,1542932.76,6611.13,63839.319,124.89,210354.24,36762.03,79513.93,-15511.69,64002.239,1013331.49,414720.13,2152727.84,85625.36,0.0,1162.92,1162.92,0.0,8001.482,306834.41000000003,0.0,1000.0,1786015.88,175.47,254476.15,124.89,3.0,-157081.91999999998,1531539.73,492839.24,2146116.71,322221.20900000003,0.0,298993.17,31500.0,1144720.8,0.0,-15674.61,-15674.61,-15511.69,306709.51900000003,-15674.61,-162.92000000000002,0.0,490308.13,3328948.64,3328948.64,150627.6,FINQUES CALELLA SL_resum
2022-01-01,44166.66,613137.04,480069.55,8293.967999999999,120707.31,0.0,210354.24,59825.55,88428.45999999999,42251.16,130679.62,146804.53,-406506.96,2746699.63,101811.97,0.0,649.15,649.15,0.0,9323.16,496710.61,0.0,0.0,3427991.15,175.47,407869.38,0.0,3.0,-264219.02,3020121.77,273439.47000000003,2738405.66,454459.45,0.0,293703.13,44166.66,1117194.41,0.0,41602.01,32278.85,42251.16,496710.61,32278.85,-649.15,0.0,272722.07,3908060.7,3908060.7,232491.59,FINQUES CALELLA SL_resum
2023-01-01,44166.66,608171.2699999999,371173.36,8293.967999999999,222979.469,0.0,210354.24,50407.13,117900.97,143383.03,261284.0,146781.77000000002,-410982.37,2851778.13,116286.77,0.0,3.23,3.23,0.0,38302.83,528887.5889999999,0.0,1.53,3661822.17,175.47,398311.39,0.0,3.0,-151316.81999999998,3263510.7800000003,173984.46,2843484.16,385504.56,0.0,318525.23000000004,44166.66,1137050.74,0.0,143381.33,105078.499,143383.03,528887.5889999999,105078.499,-1.7000000000000002,0.0,173044.36,4032995.53,4032995.53,377572.29900000006,FINQUES CALELLA SL_resum
