Año,Acreedores a L. P.,Acreedores comerciales,Activo circulante,Capital suscrito,Cash flow,Consumo de mercaderías y de materias,Deudas financieras,Deudores,Dotaciones para amortiz. de inmovil.,EBIT,EBITDA,Existencias,Fondo de maniobra,Fondos propios,Gastos de personal,Gastos extraordinarios,Gastos financieros,Gastos financieros y gastos asimilados,Importe neto Cifra de Ventas,Impuestos sobre sociedades,Ingresos de explotación,Ingresos extraordinarios,Ingresos financieros,Inmovilizado,Inmovilizado inmaterial,Inmovilizado material,Materiales,Número empleados,Otros Conceptos de Explotación,Otros activos fijos,Otros activos líquidos,Otros fondos propios,Otros gastos de explotación,Otros pasivos fijos,Otros pasivos líquidos,Pasivo fijo,Pasivo líquido,Provisiones,Result. ordinarios antes Impuestos,Resultado Actividades Ordinarias,Resultado Explotación,Resultado bruto,Resultado del Ejercicio,Resultado financiero,Resultados actividades extraordinarias,Tesorería,Total activo,Total pasivo y capital propio,Valor agregado,Empresa
1999-01-01,38041.78999999999,0.0,185796.32,30050.61,21695.43,611815.76,15624.93,86654.13,13147.89,20233.31,33381.19899999999,89765.92,176420.05,80899.08,100611.05,592.7,8006.21,8006.21,577537.8500000001,3901.69,656390.9,694.63,120.2,39704.57,11600.740000000002,18678.42,472031.42,6.0,-76051.43999999999,9425.41,9376.27,50848.47,278198.649,156.55,106560.02,38041.78999999999,106560.02,0.0,12347.3,8445.609,20233.31,290705.38,8547.54,-7886.01,101.929,7814.74,225500.9,225500.9,134214.37999999998,FONTAS 26 GESTIO SOCIEDAD LIMITADA._resum
2000-01-01,30924.54,0.0,242867.419,30050.0,16733.980000000003,611815.76,15624.93,114889.08,8350.49,20070.62,28421.11,111521.65,226410.729,89282.58,105502.42,0.0,8094.2,8094.2,657278.6,3592.92,743584.23,0.0,2492.5499999999997,35637.350000000006,10084.07,16127.87,552542.64,6.0,-76051.43999999999,9425.409,16456.689,59232.58,278198.649,156.55,158297.65,30924.54,158297.65,0.0,11976.42,8383.5,20070.62,290705.38,8383.49,-8094.2,0.0,15566.6,278504.77,278504.77,133923.52,FONTAS 26 GESTIO SOCIEDAD LIMITADA._resum
2001-01-01,22010.85,0.0,259919.47,30050.0,17998.0,611815.76,15624.93,116189.04,8936.17,22104.1,31040.269,132959.17,249148.21,98344.42,122798.55,0.0,9158.64,9158.64,878693.8300000001,3883.63,960580.409,0.0,4864.9,38756.0,9483.07,19847.53,738696.81,7.0,-76051.43999999999,9425.4,10771.259,68294.42,278198.649,156.55,178320.2,22010.85,178320.2,0.0,12945.46,9061.829,22104.1,290705.38,9061.83,-9158.64,0.0,10373.240000000002,298675.47000000003,298675.47000000003,153838.81999999998,FONTAS 26 GESTIO SOCIEDAD LIMITADA._resum
2002-01-01,6944.110000000001,0.0,308395.24,30050.0,16362.09,611815.76,15624.93,116153.21,11080.75,9269.42,20350.17,172706.87999999998,288860.09,103625.76,127465.65,260.54,13110.89,13110.89,1024444.13,2252.8,1084145.91,4398.9,7237.25,24724.37,7283.24,17139.09,862816.48,7.0,-76051.43999999999,302.039,19535.149,73575.76,278198.649,156.55,222549.74,6944.110000000001,222549.74,0.0,3395.78,1142.98,9269.42,290705.38,5281.34,-5873.64,4138.359,19438.89,333119.61,333119.61,159191.43,FONTAS 26 GESTIO SOCIEDAD LIMITADA._resum
2003-01-01,39302.32,0.0,280749.86,30050.0,16016.13,611815.76,15624.93,131766.579,9309.8,18613.18,27922.980000000003,133152.19,264918.768,110332.09,107268.03,150.09,9836.77,9836.77,827127.97,1992.47,894289.559,72.48,6031.623333333333,15556.7,1.41,15555.29,699322.7799999999,6.0,-76051.43999999999,0.0,15831.09,80282.09,278198.649,156.55,146672.15,39302.32,146672.15,0.0,8776.41,6783.94,18613.18,290705.38,6706.33,-9836.77,-77.61,15831.09,296306.56,296306.56,135113.4,FONTAS 26 GESTIO SOCIEDAD LIMITADA._resum
2004-01-01,28202.51,0.0,266039.7,30050.0,13703.99,611815.76,15624.93,115636.17,7679.38,14997.14,22676.52,133902.93,249539.099,116356.7,127471.16,0.0,6390.55,6390.55,745807.24,2581.98,799881.47,0.0,4825.996666666666,12527.1,4613.17,12527.1,587384.02,7.0,-76051.43999999999,0.0,16500.6,86306.7,278198.649,156.55,134007.59,28202.51,134007.59,0.0,8606.59,6024.610000000001,14997.14,290705.38,6024.610000000001,-6390.55,0.0,16500.598,278566.8,278566.8,150147.68,FONTAS 26 GESTIO SOCIEDAD LIMITADA._resum
2005-01-01,20344.53,0.0,270495.55,30050.0,14853.35,611815.76,15624.93,132396.94,7872.96,6272.3,14145.26,116677.89,249074.83,123337.09,159669.71000000002,12.45,4581.929999999999,4581.929999999999,833383.9400000001,2991.59,887552.22,8294.059,3620.37,34664.64,9224.93,25439.71,639908.64,7.0,-76051.43999999999,0.0,21420.719,93287.09,278198.649,156.55,161478.57,20344.53,161478.57,0.0,1690.37,-1301.22,6272.3,290705.38,6980.39,-4581.929999999999,8281.609,21420.72,305160.19,305160.19,182096.58,FONTAS 26 GESTIO SOCIEDAD LIMITADA._resum
2006-01-01,20144.82,0.0,334264.46,30050.0,23117.78,611815.76,15624.93,180638.39,14163.33,16249.86,30413.19,142257.41999999998,322895.81,132291.54,199498.37,118.08,5122.42,5122.42,963435.54,3864.27,1014531.92,1809.36,2414.743333333333,39755.61,10822.7,28932.91,704343.59,8.0,-76051.43999999999,0.0,11368.649,102241.54,278198.649,156.55,221583.71,20144.82,221583.71,0.0,11127.44,7263.17,16249.86,290705.38,8954.449999999999,-5122.42,1691.28,11368.65,374020.07,374020.07,231602.84,FONTAS 26 GESTIO SOCIEDAD LIMITADA._resum
2007-01-01,3671.63,0.0,302305.64,30050.0,19425.449,611815.76,15624.93,141187.28,11691.97,14263.96,25955.93,137520.91999999998,278708.2,140025.02,180815.54,81.14,3844.47,3844.47,838268.3600000001,2604.8700000000003,916527.47,0.0,1209.1166666666659,40555.6,7588.42,32967.18,631310.3300000001,8.0,-76051.43999999999,0.0,23597.44,109975.019,278198.649,156.55,199164.59,3671.63,199164.59,0.0,10419.49,7814.620000000001,14263.96,290705.38,7733.48,-3844.47,-81.14,23597.44,342861.24,342861.24,206690.33,FONTAS 26 GESTIO SOCIEDAD LIMITADA._resum
2008-01-01,5260.860000000001,80895.15000000001,242119.72,30050.0,19006.84,611815.76,15624.93,100779.98,11782.04,12506.73,24288.77,128973.39,148858.22,148413.14,190365.17,0.0,2877.15,2877.15,835425.93,2408.27,902521.14,0.0,3.49,31371.480000000003,1422.83,29948.65,611567.09,8.0,-76051.43999999999,112518.535,12366.349,118363.14,278198.649,156.55,23140.57,5417.41,119660.65,0.0,9633.07,7224.799,12506.73,290705.38,7224.799,-2873.66,0.0,8969.710000000001,273491.2,273491.2,214657.43,FONTAS 26 GESTIO SOCIEDAD LIMITADA._resum
2009-01-01,145755.44,130420.2,273261.33,30050.0,11300.94,433535.86,19678.38,115606.94,7912.9,7071.620000000001,14984.52,151668.15,136854.88899999997,151801.18,164160.11000000002,0.0,2549.23,2549.23,648975.01,1134.35,691096.16,0.0,0.0,46591.59,678.99,45912.6,437042.75,7.0,-78415.67000000001,225037.07,5986.24,121751.18,250488.68,0.0,17953.16,145859.80666666667,168051.74000000002,0.0,4522.39,3388.04,7071.620000000001,257560.3,3388.04,-2549.23,0.0,5986.24,319852.92000000004,319852.92000000004,179144.63,FONTAS 26 GESTIO SOCIEDAD LIMITADA._resum
2010-01-01,286250.01999999996,128238.86,297010.54,30050.0,12527.59,459832.07,36053.22,116826.66,8457.55,7657.42,16114.97,167862.0,156449.8,155871.22,164687.65,0.0,2197.78,2197.78,676367.9600000001,1389.6,714898.039,0.0,0.0,41801.34,134.58,41666.76,460487.84,7.0,-74263.35,337555.605,12321.88,125821.219,247408.549,0.0,18648.58,286302.2033333333,182940.66,0.0,5459.64,4070.04,7657.42,255065.969,4070.04,-2197.78,0.0,12321.88,338811.88,338811.88,180802.62,FONTAS 26 GESTIO SOCIEDAD LIMITADA._resum
2011-01-01,426744.6,3950.23,244098.0,30050.0,3150.3990000000003,211857.39,92869.66,149816.94999999998,2479.68,25951.35,28431.03,82914.63,228781.35,156541.94,69419.86,0.0,25003.94,25003.94,343999.3,276.69,361941.48,0.0,0.0,462424.44,2567.29,12350.3,165966.03,3.0,-52233.2,450074.14,11366.42,126491.94,124132.74,0.0,26416.01,426744.6,123235.9,0.0,947.41,670.72,25951.35,150084.09,670.72,-25003.94,0.0,11321.65,706522.4400000001,706522.4400000001,97850.89,FONTAS 26 GESTIO SOCIEDAD LIMITADA._resum
2012-01-01,394463.3,6088.120000000001,186673.97,45976.5,11047.93,39062.5,33333.36,88293.88,2752.09,37482.42,40234.509,82914.63,165120.38999999998,326058.48000000004,47963.23,0.0,26530.05,26530.05,160875.0,2656.53,160875.0,0.0,0.0,628379.37,5000.0,13376.37,39062.5,2.0,-33614.759999999995,610003.0,15465.46,280081.98000000004,84330.08,0.0,55110.08,394463.3,94531.56,0.0,10952.37,8295.84,37482.42,121812.5,8295.84,-26530.05,0.0,15465.46,815053.3400000001,815053.3400000001,88197.73999999999,FONTAS 26 GESTIO SOCIEDAD LIMITADA._resum
2013-01-01,362182.0,0.0,145866.1,45976.5,3850.86,40187.5,33333.36,46000.54,3062.54,20820.31,23882.85,82914.63,128915.17,326846.8,51391.8,0.0,19749.4,19749.4,132960.0,282.59,132960.0,0.0,0.0,631505.8400000001,9323.28,11990.55,40187.5,2.0,-17497.85,610192.01,16950.93,280870.3,71952.19,0.0,55009.78,362182.0,88343.14,0.0,1070.91,788.3199999999999,20820.31,92772.5,788.3199999999999,-19749.4,0.0,16950.93,777371.9400000001,777371.9400000001,75274.65000000001,FONTAS 26 GESTIO SOCIEDAD LIMITADA._resum
2014-01-01,329900.7,0.0,133324.9,45976.5,7102.98,24947.05,33333.36,39407.3,3219.52,23378.8,26598.32,72967.58,112374.88,330730.26,56653.26,0.0,18200.85,18200.85,124826.48,1294.49,124826.48,0.0,0.0,628105.09,7489.58,10604.73,24947.05,2.0,-16627.848,610010.7799999999,20950.02,284753.76,76500.62800000001,0.0,67465.67000000001,329900.7,100799.03,0.0,5177.95,3883.46,23378.8,99879.43,3883.46,-18200.85,0.0,20950.02,761429.99,761429.99,83251.57900000001,FONTAS 26 GESTIO SOCIEDAD LIMITADA._resum
2015-01-01,297619.4,165.54,119686.31,45976.5,-7707.17,15000.0,33333.36,15712.95,3207.25,1318.22,4525.469999999999,72967.58,88514.98999999999,319815.84,58947.32,0.0,15870.78,15870.78,92248.44,-3638.14,92248.44,0.0,0.0,628528.2,5655.88,9231.18,15000.0,2.0,-13775.65,613641.14,31005.78,273839.34,75930.22,0.0,97280.37,297619.4,130779.27,0.0,-14552.56,-10914.42,1318.22,77248.43999999999,-10914.42,-15870.78,0.0,31005.78,748214.51,748214.51,63472.78999999999,FONTAS 26 GESTIO SOCIEDAD LIMITADA._resum
2016-01-01,315338.1,0.0,113406.05,45976.5,5863.44,39666.56,33333.36,57535.37,3180.77,18557.95,21738.72,33301.019,90836.389,322498.51,26924.92,0.0,14981.06,14981.06,99353.38,894.22,99353.38,0.0,0.0,624453.21,3822.18,7884.110000000001,39666.56,1.0,-11023.18,612746.92,22569.66,276522.01,41128.869,0.0,66689.289,315338.1,100022.65,0.0,3576.8900000000003,2682.67,18557.95,59686.82,2682.67,-14981.06,0.0,22569.66,737859.26,737859.26,48663.639,FONTAS 26 GESTIO SOCIEDAD LIMITADA._resum
2017-01-01,283056.8,0.0,66457.13,45976.5,-949.319,900.0,33333.36,23157.05,3174.09,6644.09,9818.18,33301.019,56458.069,318375.1,28692.62,0.0,12141.97,12141.97,50400.0,-1374.47,50400.0,0.0,0.0,622653.59,1988.48,6543.72,900.0,1.0,-10989.2,614121.39,9999.06,272398.6,42855.91,0.0,54345.46,283056.8,87678.82,0.0,-5497.88,-4123.41,6644.09,49500.0,-4123.41,-12141.97,0.0,9999.06,689110.72,689110.72,38510.79899999999,FONTAS 26 GESTIO SOCIEDAD LIMITADA._resum
2018-01-01,250775.5,0.0,78940.14,45976.5,46858.039,4300.0,33333.36,23763.0,3129.06,2444.26,5573.320000000001,33301.019,57064.019,362104.08,28899.88,0.0,10805.62,10805.62,44400.0,-2090.34,44400.0,0.0,50000.0,621614.87,155.78,5247.360000000001,4300.0,1.0,-9926.8,616211.73,21876.12,316127.58,41955.74,0.0,54342.07,250775.5,87675.43,0.0,41638.64,43728.979,2444.26,44400.0,43728.979,39194.380000000005,0.0,12180.07,700555.01,700555.01,84473.2,FONTAS 26 GESTIO SOCIEDAD LIMITADA._resum
2019-01-01,218494.2,0.0,71707.53,45976.5,25290.8,7700.0,33333.36,17658.760000000002,1303.72,7131.01,8434.730000000001,33301.019,50959.778,386091.16,28985.27,0.0,8487.640000000001,8487.640000000001,44400.0,-337.64000000000004,44400.0,0.0,25006.07,620648.7899999999,155.78,4099.42,7700.0,1.0,-6980.0,616549.37,20747.75,340114.66,37268.99,0.0,54437.6,218494.2,87770.95999999999,0.0,23649.44,23987.079,7131.01,44400.0,23987.079,16518.43,0.0,11789.7,692356.3200000001,692356.3200000001,62426.07,FONTAS 26 GESTIO SOCIEDAD LIMITADA._resum
2020-01-01,186212.9,0.0,59476.1,45976.5,21233.879,11100.0,33333.36,13003.0,1095.48,612.06,1707.54,22201.02,35204.02,406229.56,29003.52,0.0,7094.1900000000005,7094.1900000000005,44400.0,-1620.53,44400.0,0.0,25000.0,621173.8400000001,155.78,3003.94,11100.0,1.0,-2588.94,618169.9,24272.08,360253.06,32687.94,0.0,54874.12,186212.9,88207.48,0.0,18517.87,20138.399,612.06,33300.0,20138.399,17905.809999999998,0.0,13526.03,680649.9400000001,680649.9400000001,55711.06,FONTAS 26 GESTIO SOCIEDAD LIMITADA._resum
2021-01-01,184931.6,0.0,60448.19,45976.5,2357.4,330.0,33333.36,21388.18,1064.1899999999998,7354.13,8418.32,21871.02,43259.2,407522.77,29085.5,0.0,5629.85,5629.85,44400.0,431.07,44400.0,0.0,0.0,619678.58,155.78,1939.75,330.0,1.0,-6566.18,617738.8300000001,17188.99,361546.27,36715.87,0.0,54339.04,184931.6,87672.4,0.0,1724.28,1293.21,7354.13,44070.0,1293.21,-5629.85,0.0,11410.86,680126.7699999999,680126.7699999999,37503.82,FONTAS 26 GESTIO SOCIEDAD LIMITADA._resum
2022-01-01,152650.3,0.0,48694.61,45976.5,2457.069,350.0,33333.36,12952.18,982.77,7141.51,8124.28,21521.02,34473.2,408997.07,29203.2,0.0,5175.77,5175.77,44400.0,491.44,44400.0,0.0,0.0,618204.37,155.78,956.98,350.0,1.0,-6722.52,617247.39,14221.41,363020.57,36908.49,0.0,71918.25,152650.3,105251.61,0.0,1965.74,1474.3,7141.51,44050.0,1474.3,-5175.77,0.0,14221.41,666898.98,666898.98,37327.48,FONTAS 26 GESTIO SOCIEDAD LIMITADA._resum
2023-01-01,120369.0,0.0,45694.52,45976.5,26117.72,350.0,33333.36,11630.06,222.11,8152.84,8374.949999999999,21521.02,33151.08,434892.68,28784.29,0.0,6542.02,6542.02,44400.0,715.21,44400.0,0.0,25000.0,617267.05,155.78,734.87,350.0,1.0,-7240.76,616532.1799999999,12543.44,388916.18,36247.16,0.0,74366.53,120369.0,107699.89,0.0,26610.82,25895.61,8152.84,44400.0,25895.61,18457.980000000003,0.0,12543.44,662961.57,662961.57,62159.24,FONTAS 26 GESTIO SOCIEDAD LIMITADA._resum
