Año,Acreedores a L. P.,Acreedores comerciales,Activo circulante,Capital suscrito,Cash flow,Consumo de mercaderías y de materias,Deudas financieras,Deudores,Dotaciones para amortiz. de inmovil.,EBIT,EBITDA,Existencias,Fondo de maniobra,Fondos propios,Gastos de personal,Gastos extraordinarios,Gastos financieros,Gastos financieros y gastos asimilados,Importe neto Cifra de Ventas,Impuestos sobre sociedades,Ingresos de explotación,Ingresos extraordinarios,Ingresos financieros,Inmovilizado,Inmovilizado inmaterial,Inmovilizado material,Materiales,Número empleados,Otros Conceptos de Explotación,Otros activos fijos,Otros activos líquidos,Otros fondos propios,Otros gastos de explotación,Otros pasivos fijos,Otros pasivos líquidos,Pasivo fijo,Pasivo líquido,Provisiones,Result. ordinarios antes Impuestos,Resultado Actividades Ordinarias,Resultado Explotación,Resultado bruto,Resultado del Ejercicio,Resultado financiero,Resultados actividades extraordinarias,Tesorería,Total activo,Total pasivo y capital propio,Valor agregado,Empresa
1999-01-01,10324.48,51846.17,129843.5,6010.120000000001,13871.02,147643.91,0.0,73257.57,8883.359999999999,8487.08,17370.440000000002,45695.44,118953.01,32510.66,109455.66,37.71,1380.31,1380.31,329443.47000000003,2137.57,329443.47000000003,13.01,43.16,11600.5,10191.8,1408.6899999999998,174812.71000000002,6.0,-39517.25,0.01,10890.489,26500.54,147504.72,0.0,98608.86,10324.48,98608.86,0.0,7149.929999999999,5012.360000000001,8487.08,143909.46,4987.660000000001,-1337.15,-24.7,10247.26,141444.0,141444.0,126844.56,FUSTERIA CUFI FIOL SL_resum
2000-01-01,2950.3100000000004,51846.17,162350.84999999998,6010.120000000001,12085.57,147643.91,0.0,91261.53,7511.04,7278.67,14789.71,48314.17,139575.7,37085.19,108044.5,166.76999999999998,585.1700000000001,585.1700000000001,339613.95,1960.51,339613.95,0.0,8.31,5218.94,2842.04,2376.9,189536.2,6.0,-39517.25,0.0,22775.15,31075.07,147504.72,0.0,127534.29,2950.3100000000004,127534.29,0.0,6701.81,4741.3,7278.67,143909.46,4574.53,-576.8599999999999,-166.76999999999998,22714.33,167569.79,167569.79,122675.749,FUSTERIA CUFI FIOL SL_resum
2001-01-01,8379.525000000001,51846.17,140258.9,6010.120000000001,7136.2,147643.91,0.0,85285.9,2882.4500000000003,8349.467999999999,11231.918,35471.43,120757.329,41338.94,103740.96,2226.75,60.82,60.82,407025.0,1823.03,407025.0,0.0,14.88,2336.49,0.0,2336.49,260738.49,6.0,-39517.25,0.0,19501.57,35328.82,147504.72,0.0,101256.45,8379.525000000001,101256.45,0.0,8303.53,6480.5,8349.467999999999,143909.46,4253.75,-45.94,-2226.75,19501.57,142595.38999999998,142595.38999999998,112761.01,FUSTERIA CUFI FIOL SL_resum
2002-01-01,13808.740000000002,51846.17,135341.94,6010.120000000001,8520.61,147643.91,0.0,87079.85,2279.84,-4171.938999999999,-1892.099,29230.9,116310.75,47579.7,121512.55,270.46,433.89,433.89,402176.09,2683.64,402176.09,13762.97,37.73,25274.01,0.0,25274.01,235249.25,6.0,-39517.25,0.0,19031.19,41569.579,147504.72,0.0,99227.51,13808.740000000002,99227.51,0.0,-4568.1,-7251.74,-4171.938999999999,143909.46,6240.77,-396.16,13492.51,19031.19,160615.94999999998,160615.94999999998,133150.69,FUSTERIA CUFI FIOL SL_resum
2003-01-01,8643.46,51846.17,136112.22,6010.120000000001,11275.84,147643.91,0.0,57621.43,4313.68,9232.43,13546.11,17990.02,75611.45,51953.22,126696.74,32.349999999999994,1004.4,1004.4,391330.43000000005,2983.78,391330.43000000005,1703.71,46.55,20960.33,0.0,20960.33,221678.01,6.0,-39517.25,0.0,60500.77,45943.1,147504.72,0.0,96475.87,8643.46,96475.87,0.0,8274.58,5290.799,9232.43,143909.46,6962.160000000001,-957.85,1671.36,60500.77,157072.55,157072.55,141960.759,FUSTERIA CUFI FIOL SL_resum
2004-01-01,3007.6,51846.17,142963.4,6010.120000000001,12391.88,147643.91,0.0,107633.6,4313.68,11733.46,16047.14,10153.1,117786.7,60030.42,123511.61,321.28,533.8199999999999,533.8199999999999,368718.73,3462.08,368718.73,636.8299999999999,25.09,16646.649999999998,0.0,16646.649999999998,200773.87,5.0,-39517.25,0.0,25176.699,54020.29899999999,147504.72,0.0,96572.03,3007.6,96572.03,0.0,11224.73,7762.650000000001,11733.46,143909.46,8078.2,-508.73,315.55,25176.7,159610.05,159610.05,139899.38999999998,FUSTERIA CUFI FIOL SL_resum
2005-01-01,4464.85,51846.17,117692.7,6010.120000000001,8528.949999999999,147643.91,0.0,69579.98,4631.9,6969.120000000001,11601.02,19245.3,88825.28,63927.47,131937.94999999998,1668.63,77.24000000000001,77.24000000000001,368000.42,1820.16,368000.42,472.93,21.03,13232.06,0.0,12413.81,191773.63,5.0,-39517.25,818.25,28867.42,57917.350000000006,147504.72,0.0,66997.289,4464.85,66997.289,0.0,6912.91,5092.75,6969.120000000001,143909.46,3897.05,-56.21,-1195.7,28867.42,130924.76,130924.76,142364.3,FUSTERIA CUFI FIOL SL_resum
2006-01-01,5922.1,51846.17,176891.84999999998,6010.120000000001,9297.02,147643.91,0.0,126436.09,4561.160000000001,8236.958999999999,12798.119,14382.02,140818.11000000002,68663.33,129228.2,1879.57,394.445,394.445,524360.8,2029.65,524360.8,382.8,25.32,1912.07,0.0,1093.82,344283.29000000004,5.0,-39517.25,818.25,36073.74,62653.21,147504.72,0.0,110140.59,5922.1,110140.59,0.0,8262.28,6232.63,8236.958999999999,143909.46,4735.860000000001,25.32,-1496.77,36073.74,178803.91999999998,178803.91999999998,140554.87,FUSTERIA CUFI FIOL SL_resum
2007-01-01,7379.35,51846.17,113789.94,6010.120000000001,7242.019,147643.91,0.0,73233.39,2669.58,6666.84,9336.42,15627.88,88861.27,73235.77,73393.88,7.8,711.65,711.65,259906.51,1546.6799999999998,259906.51,43.47,128.258,9118.04,0.0,9099.79,153653.06,1.0,-39517.25,18.25,24928.67,67225.65000000001,147504.72,0.0,42292.86,7379.35,42292.86,0.0,6083.45,4536.769,6666.84,143909.46,4572.44,-583.39,35.67,24928.67,122907.98,122907.98,82894.23,FUSTERIA CUFI FIOL SL_resum
2008-01-01,32815.73,51846.17,136394.94999999998,6010.120000000001,1160.57,147643.91,0.0,51886.24,3936.6,-3595.26,341.339,51125.63,51165.7,70459.73999999999,104050.87,0.0,528.12,528.12,291553.37,-925.34,291553.37,0.0,422.01,32989.53,1113.35,30854.460000000003,147643.91,3.0,-39517.25,1021.72,33383.08,64449.619,147504.72,0.0,14262.84,32815.73,66109.009,0.0,-3701.37,-2776.029,-3595.26,143909.46,-2776.029,-106.11,0.0,30404.68,169384.47999999998,169384.47999999998,104814.22,FUSTERIA CUFI FIOL SL_resum
2009-01-01,30532.12,19684.47,117945.15,26108.0,17220.18,163387.18,0.0,28724.93,13823.37,5901.26,19724.63,32572.0,41612.46,93954.43,108948.95,0.0,1558.24,1558.24,339966.28,1132.27,339966.28,0.0,186.06,37035.58,615.38,36323.82,163387.18,3.0,-47905.52,96.38,56648.22,67846.43,170677.84,0.0,10809.71,30532.12,30494.18,0.0,4529.08,3396.8100000000004,5901.26,176579.1,3396.8100000000004,-1372.1799999999998,0.0,56648.22,154980.73,154980.73,128859.64,FUSTERIA CUFI FIOL SL_resum
2010-01-01,23650.3,25804.43,133897.84999999998,26108.0,17266.2,173731.46,0.0,61480.57,13187.1,6649.64,19836.74,20428.0,56104.14,98033.53,109772.5,0.0,1589.16,1589.16,337532.67,1019.77,337532.67,0.0,38.39,30689.8,117.41,29076.01,173731.46,3.0,-34191.97,1496.38,51989.28,71925.53,157151.57,0.0,17099.39,23650.3,42903.82,0.0,5098.87,4079.1,6649.64,163801.21000000002,4079.1,-1550.77,0.0,51989.28,164587.65,164587.65,129647.63,FUSTERIA CUFI FIOL SL_resum
2011-01-01,16922.8,23443.61,133143.75,26108.0,12871.58,158655.46,0.0,67198.18000000001,11369.95,2860.26,14230.21,26583.47,70338.04,99535.16,110009.34,0.0,1012.46,1012.46,326252.48000000004,500.55,326252.48000000004,0.0,154.38000000000002,24839.85,0.0,23343.47,158655.46,3.0,-43357.47,1496.38,39362.1,73427.16,164736.76,0.0,18082.03,16922.8,41525.64,0.0,2002.18,1501.63,2860.26,167597.02,1501.63,-858.08,0.0,39362.1,157983.6,157983.6,124393.93,FUSTERIA CUFI FIOL SL_resum
2012-01-01,11249.02,15363.62,124787.37,26108.0,7175.9,100391.94,0.0,20703.75,8615.92,-1192.83,7423.09,45615.9,50956.029,98095.14,98361.18,0.0,724.49,724.49,252514.72,-454.58,252514.72,0.0,22.72,18337.71,0.0,16386.75,100391.94,2.0,-46338.51,1950.96,58467.72,71987.14,153315.61000000002,0.0,18417.3,11249.02,33780.92,0.0,-1894.6,-1440.02,-1192.83,152122.78,-1440.02,-701.7700000000001,0.0,58467.72,143125.08,143125.08,105806.989,FUSTERIA CUFI FIOL SL_resum
2013-01-01,25313.16,30635.43,140229.76,26108.0,10955.729,163438.84999999998,0.0,47364.880000000005,7831.09,4918.29,12749.38,61551.2,78280.65000000001,101219.78,93995.35,0.0,889.2700000000001,889.2700000000001,299848.1,1041.55,299848.1,0.0,137.17,34900.310000000005,0.0,33403.93,163438.84999999998,2.0,-29664.519,1496.38,31313.68,75111.78,131490.96,0.0,17961.7,25313.16,48597.13,0.0,4166.189,3124.639,4918.29,136409.249,3124.639,-752.1,0.0,31313.68,175130.07,175130.07,106881.899,FUSTERIA CUFI FIOL SL_resum
2014-01-01,39976.380000000005,31348.75,158176.77000000002,26108.0,9356.8,159677.47999999998,0.0,44356.850000000006,7941.41,4133.24,12074.65,74398.0,87406.1,102635.17,99039.47,0.0,2247.17,2247.17,302810.99000000005,471.8,302810.99000000005,0.0,1.12,32468.91,0.0,30972.53,159677.47999999998,2.0,-32019.39,1496.38,39421.92,76527.17000000001,139000.27000000002,0.0,16685.38,39976.380000000005,48034.13,0.0,1887.19,1415.39,4133.24,143133.509,1415.39,-2246.05,0.0,39421.92,190645.68,190645.68,111115.24,FUSTERIA CUFI FIOL SL_resum
2015-01-01,36959.66,24370.58,139199.81999999998,26108.0,12383.73,241802.15,0.0,51252.78999999999,7619.71,8416.34,16036.05,16469.0,43351.21,107399.19,105535.54,0.0,2049.3100000000004,2049.3100000000004,403832.05,1603.01,403832.05,0.0,0.0,43444.24,0.0,41947.86,241802.15,2.0,-40458.310000000005,1496.38,71478.03,81291.19,153613.55899999998,0.0,13914.63,36959.66,38285.21,0.0,6367.03,4764.019,8416.34,162029.9,4764.019,-2049.3100000000004,0.0,71478.03,182644.06,182644.06,121571.59,FUSTERIA CUFI FIOL SL_resum
2016-01-01,30152.06,23418.16,146514.5,26108.0,12343.93,101093.31,0.0,37891.75,9451.26,5826.99,15278.25,57603.0,72076.59,110291.86,98890.98,0.0,1955.09,1955.09,253358.76,979.23,253358.76,0.0,0.0,35042.98,0.0,33546.6,101093.31,2.0,-38096.22,1496.38,51019.75,84183.86,146438.46,0.0,17695.4,30152.06,41113.56,0.0,3871.9,2892.67,5826.99,152265.44999999998,2892.67,-1955.09,0.0,51019.75,181557.48,181557.48,114169.229,FUSTERIA CUFI FIOL SL_resum
2017-01-01,25693.55,20387.52,152258.38999999998,26108.0,12446.36,103509.35,0.0,43565.83,8515.57,6801.05,15316.619,61979.0,85157.31,114222.65,98561.09,0.0,1560.0,1560.0,252938.07,1310.26,252938.07,0.0,0.0,30237.91,2396.03,26345.5,103509.35,2.0,-35551.01,1496.38,46713.56,88114.65000000001,142627.67,0.0,22192.58,25693.55,42580.1,0.0,5241.05,3930.79,6801.05,149428.72,3930.79,-1560.0,0.0,46713.56,182496.3,182496.3,113877.709,FUSTERIA CUFI FIOL SL_resum
2018-01-01,15307.03,21342.87,156963.87999999998,26108.0,12404.66,121936.67,0.0,36842.59,7523.37,7699.79,15223.16,97654.63,113154.35,119103.94,101976.28,0.0,1158.07,1158.07,284307.84,1660.43,284307.84,0.0,0.0,24008.01,1571.03,20940.6,121936.67,2.0,-45171.73,1496.38,22466.66,92995.939,154671.37999999998,0.0,25218.05,15307.03,46560.92,0.0,6541.72,4881.29,7699.79,162371.17,4881.29,-1158.07,0.0,22466.66,180971.89,180971.89,117199.44,FUSTERIA CUFI FIOL SL_resum
2019-01-01,42421.58,54513.27,189761.09,26108.0,14165.0,253959.91,0.0,64367.880000000005,11101.6,5356.820000000001,16458.418999999998,102284.0,112138.61,122167.34,100550.28,0.0,1255.62,1255.62,424355.9,1037.8,424355.9,0.0,0.0,50392.46,3581.54,45314.54,253959.91,2.0,-53387.28999999999,1496.38,23109.21,96059.34,165039.17,0.0,21051.36,42421.58,75564.63,0.0,4101.2,3063.3990000000003,5356.820000000001,170395.99,3063.3990000000003,-1255.62,0.0,23109.21,240153.55,240153.55,117008.7,FUSTERIA CUFI FIOL SL_resum
2020-01-01,78708.27,65880.88,247890.84,26108.0,16890.43,203319.47,1318.98,116646.67,13520.11,5705.64,19225.75,97028.0,147793.789,125537.66,100869.94,0.0,1211.88,1211.88,381184.18,1123.44,382184.18,0.0,0.0,48908.93,5294.55,41271.46,203319.47,2.0,-58769.019,2342.92,34216.17,99429.66,173159.069,0.0,25353.980000000003,78708.27,92553.84,0.0,4493.76,3370.32,5705.64,178864.71000000002,3370.32,-1211.88,0.0,34216.17,296799.77,296799.77,120095.69,FUSTERIA CUFI FIOL SL_resum
2021-01-01,106170.99,36204.89,205502.55,26108.0,21913.5,306299.79000000004,1133.28,92115.44,17584.5,7689.74,25274.239,68750.0,124660.55,129866.66,106670.0,0.0,1917.74,1917.74,509386.64,1443.0,509386.64,0.0,0.0,88588.83,4271.83,81974.08,306299.79000000004,2.0,-71142.61,2342.92,44637.11,103758.66,195397.11,0.0,20715.56,106170.99,58053.73,0.0,5772.0,4329.0,7689.74,203086.85,4329.0,-1917.74,0.0,44637.11,294091.38,294091.38,131944.239,FUSTERIA CUFI FIOL SL_resum
2022-01-01,81373.97,42080.27,203830.17,26108.0,18032.21,221481.85,753.03,69026.12000000001,15692.77,6089.4,21782.17,104204.0,131149.84999999998,132206.1,106365.23,0.0,2936.82,2936.82,421290.98,813.14,421290.98,0.0,0.0,73915.73,1990.72,69582.09,221481.85,2.0,-71661.73,2342.92,30600.05,106098.1,193719.729,0.0,21332.53,81373.97,64165.83,0.0,3152.58,2339.44,6089.4,199809.129,2339.44,-2936.82,0.0,30600.05,277745.9,277745.9,128147.4,FUSTERIA CUFI FIOL SL_resum
2023-01-01,56209.47,35281.33,183758.46,26108.0,18832.15,171590.94999999998,4565.620000000001,24077.43,15397.92,7475.94,22873.86,140339.0,129135.099,135640.33,113051.33,0.0,2979.36,2979.36,390016.8,1062.35,390016.8,0.0,0.0,63446.7,135.58,60968.2,171590.94999999998,2.0,-82500.65900000001,2342.92,19342.03,109532.33,210949.91,0.0,15508.41,56209.47,55355.36,0.0,4496.58,3434.23,7475.94,218425.849,3434.23,-2979.36,0.0,18642.03,247205.16,247205.16,135925.19,FUSTERIA CUFI FIOL SL_resum
