Año,Acreedores a L. P.,Acreedores comerciales,Activo circulante,Capital suscrito,Cash flow,Consumo de mercaderías y de materias,Deudas financieras,Deudores,Dotaciones para amortiz. de inmovil.,EBIT,EBITDA,Existencias,Fondo de maniobra,Fondos propios,Gastos de personal,Gastos extraordinarios,Gastos financieros,Gastos financieros y gastos asimilados,Importe neto Cifra de Ventas,Impuestos sobre sociedades,Ingresos de explotación,Ingresos extraordinarios,Ingresos financieros,Inmovilizado,Inmovilizado inmaterial,Inmovilizado material,Materiales,Número empleados,Otros Conceptos de Explotación,Otros activos fijos,Otros activos líquidos,Otros fondos propios,Otros gastos de explotación,Otros pasivos fijos,Otros pasivos líquidos,Pasivo fijo,Pasivo líquido,Provisiones,Result. ordinarios antes Impuestos,Resultado Actividades Ordinarias,Resultado Explotación,Resultado bruto,Resultado del Ejercicio,Resultado financiero,Resultados actividades extraordinarias,Tesorería,Total activo,Total pasivo y capital propio,Valor agregado,Empresa
1999-01-01,342285.64,612016.02,1605812.65,60101.21,246270.25,1912854.25,0.0,1358059.16,156028.81,160993.79,317022.6,133884.53,1491943.6900000002,461294.12,910671.52,237.54,43387.97,43387.97,3917276.4,48591.55,3917276.4,15432.769,6031.94,769037.76,406265.5,360963.22,2037469.99,43.0,-714539.08,1809.04,113868.959,401192.91,2365022.14,17880.09,1571270.65,342285.64,1571270.65,0.0,123637.76,75046.209,160993.79,2416033.23,90241.44,-37356.03,15195.229,85521.0,2374850.41,2374850.41,1248921.29,GRAFIQUES ALZAMORA SA_resum
2000-01-01,237287.57,612016.02,1890000.5,60101.21,329152.96,1912854.25,0.0,1636270.24,219663.73,214384.37,434048.1,129228.01,1765498.25,570783.3500000001,1004375.34,0.0,53416.43,53416.43,4387284.2700000005,55737.27,4387284.2700000005,1590.3,2668.26,582481.9,244047.98,336624.87,2262143.96,42.0,-714539.08,1809.05,124502.25,510682.139,2365022.14,17880.09,1664411.49,237287.57,1664411.49,0.0,163636.2,107898.93,214384.37,2416033.23,109489.23,-50748.17,1590.3,103509.1,2472482.4,2472482.4,1442681.999,GRAFIQUES ALZAMORA SA_resum
2001-01-01,1065139.909,612016.02,1788666.99,60110.0,565829.71,1912854.25,0.0,1409403.86,325075.08,164197.0,489272.08,67546.23999999999,1476950.1,811537.98,1114620.73,0.0,75263.61,75263.61,4342005.149999999,39570.25,4342005.149999999,179544.87,11846.62,1604954.43,1345288.94,254856.44,2086271.08,48.0,-714539.08,4809.049,311716.889,751427.98,2365022.14,17880.09,1516943.53,1065139.909,1516943.53,0.0,100780.01,61209.759,164197.0,2416033.23,240754.63,-63416.99,179544.87,153530.96,3393621.42,3393621.42,1795284.3,GRAFIQUES ALZAMORA SA_resum
2002-01-01,761603.87,612016.02,1827577.13,60110.0,474040.33,1912854.25,0.0,1450054.71,358828.19,228030.8,586858.99,73298.93999999999,1523353.65,926750.11,1145509.76,1026.21,62489.63,62489.63,4290058.178,62037.3,4290058.178,10249.6,2484.88,1282236.82,1093891.2,183536.57,1996755.25,47.0,-714539.08,4809.05,304223.48000000004,866640.11,2365022.14,17880.09,1421459.97,761603.87,1421459.97,0.0,168026.05,105988.749,228030.8,2416033.23,115212.14,-60004.75,9223.39,217328.86,3109813.95,3109813.95,1744077.019,GRAFIQUES ALZAMORA SA_resum
2003-01-01,1676384.82,612016.02,2310220.02,500000.0,526756.1889999999,1912854.25,0.0,1517200.29,351788.61,171118.9,522907.51,42090.82,1559291.11,1101717.6900000002,1205278.0,0.0,50551.01,50551.01,4520843.5,61943.8,4520843.5,112685.81,3657.68,2098139.24,1882106.5,211229.7,2089758.08,47.0,-714539.08,4803.04,750928.91,601717.69,2365022.14,17880.09,1630256.75,1676384.82,1630256.75,0.0,124225.57,62281.77,171118.9,2416033.23,174967.58,-46893.33,112685.81,552766.64,4408359.26,4408359.26,1844528.999,GRAFIQUES ALZAMORA SA_resum
2004-01-01,1459836.88,612016.02,2106690.19,500000.0,399811.31,1912854.25,0.0,1665373.63,337683.84,143084.15,480767.9900000001,43237.76,1708611.39,1163845.16,1216403.78,0.0,58086.95,58086.95,4390588.06,33453.259999999995,4390588.06,8839.7,1743.83,1804714.91,1612689.47,187222.4,1867555.96,46.0,-714539.08,4803.039,398078.8,663845.159,2365022.14,17880.09,1287723.06,1459836.88,1287723.06,0.0,86741.03,53287.77,143084.15,2416033.23,62127.47,-56343.12,8839.7,246611.8,3911405.1,3911405.1,1707755.3,GRAFIQUES ALZAMORA SA_resum
2005-01-01,1798919.31,612016.02,2616166.2800000003,500000.0,436800.3,1912854.25,0.0,1904131.3,389328.38,162125.68,551454.06,161486.33,2065617.63,1211317.08,1180410.1700000002,65501.01,63122.310000000005,63122.310000000005,4246734.59,13114.68,4246734.59,10541.06,16543.18,1910191.02,1719580.32,185807.66,1947267.44,43.0,-714539.08,4803.039,550548.649,711317.08,2365022.14,17880.09,1516120.91,1798919.31,1516120.91,0.0,115546.55,102431.87,162125.68,2416033.23,47471.92,-46579.13,-54959.95,388448.23,4526357.3,4526357.3,1693447.46,GRAFIQUES ALZAMORA SA_resum
2006-01-01,1165404.92,612016.02,2432986.04,500000.0,423155.65,1912854.25,0.0,1997442.83,386849.24,139628.07,526477.31,170690.65,2168133.48,1247623.5,1230313.48,86170.89,66261.61,66261.61,4791127.659999999,15576.83,4798327.659999999,58576.380000000005,6111.29,1701382.52,1406339.52,290239.96,2215963.45,46.0,-714539.08,4803.039,264852.56,747623.5,2365022.14,17880.09,1721340.14,1165404.92,1721340.14,0.0,79477.75,63900.92,139628.07,2416033.23,36306.41,-60150.32,-27594.509,129155.07,4134368.56,4134368.56,1735307.57,GRAFIQUES ALZAMORA SA_resum
2007-01-01,788814.1799999999,612016.02,2079476.17,500000.0,375505.9900000001,1912854.25,0.0,1630181.01,369303.29,62162.0,431465.29,199078.41,1829259.42,1253826.2,1218164.51,4541.5,65860.64,65860.64,4562522.19,4368.660000000001,4569722.19,13719.64,5091.860000000001,1404919.02,1116314.27,283801.71,2125324.259,44.0,-714539.08,4803.039,250216.75,753826.2,2365022.14,17880.09,1441754.81,788814.1799999999,1441754.81,0.0,1393.22,-2975.4390000000003,62162.0,2416033.23,6202.7,-60768.78,9178.14,152172.81,3484395.19,3484395.19,1663899.8,GRAFIQUES ALZAMORA SA_resum
2008-01-01,831275.11,612016.02,1960222.57,500000.0,384006.58,1912854.25,383762.4900000001,1626778.14,394003.5,51011.09,445014.589,248540.34,1263302.46,1253863.1800000002,1256479.56,0.0,76366.0,76366.0,4315953.83,-12515.47,4328887.48,0.0,2842.52,1425332.37,7940.769999999999,1409588.56,1967488.59,42.0,-714539.08,7803.04,84904.09,753863.1789999999,2365022.14,17880.09,286758.05,849155.2,1282536.56,0.0,-22512.39,-9996.92,51011.09,2416033.23,-9996.92,-73523.48,0.0,84904.09,3385554.94,3385554.94,1704336.6700000002,GRAFIQUES ALZAMORA SA_resum
2009-01-01,548386.81,438340.38,1686460.1900000002,500000.0,308444.7,1473004.92,311736.67,1315045.22,337676.99000000005,-3742.54,333934.45,192453.57,1069158.41,1218897.24,1117444.12,0.0,36142.42,36142.42,3598487.52,-9744.07,3605687.52,0.0,908.6,1086836.36,6240.49,1072792.83,1416918.15,39.0,-681304.029,7803.04,178961.4,718897.239,2136425.14,0.0,255935.45,548386.81,1006012.5,0.0,-38976.36,-29232.29,-3742.54,2132682.6,-29232.29,-35233.82,0.0,178961.4,2773296.55,2773296.55,1452287.1700000002,GRAFIQUES ALZAMORA SA_resum
2010-01-01,304912.07,377634.41,1494688.07,500000.0,188189.46,1378752.11,63828.44,1251687.76,247373.15,-43201.89,204171.26,158965.22,1033018.57,1155413.3,984047.11,0.0,17408.09,17408.09,3226760.51,-5437.07,3233960.51,0.0,1426.29,853802.11,13775.03,832224.04,1345263.76,34.0,-666990.03,7803.04,84035.09,655413.3,1898410.289,0.0,446701.959,304912.07,888164.81,0.0,-59183.69,-59183.69,-43201.89,1855208.399,-59183.69,-15981.8,0.0,84035.09,2348490.18,2348490.18,1189644.66,GRAFIQUES ALZAMORA SA_resum
2011-01-01,189854.54,437946.08,1590841.1800000002,500000.0,241576.52,1463850.84,59396.1,1385288.84,238236.05,14514.84,252750.889,154779.18,1102121.94,1158753.77,950906.97,0.0,11616.06,11616.06,3361935.89,-1130.0699999999997,3369135.89,0.0,441.69,618852.05,12178.33,598870.6799999999,1459664.8,32.0,-701627.19,7803.04,50773.16,658753.769,1890770.21,0.0,363742.74,189854.54,861084.92,0.0,3340.4700000000003,3340.4700000000003,14514.84,1905285.05,3340.4700000000003,-11174.369,0.0,49573.16,2209693.23,2209693.23,1204099.55,GRAFIQUES ALZAMORA SA_resum
2012-01-01,108151.33,365809.0,1369164.52,500000.0,211173.11,1272833.65,0.0,1023675.79,248517.96,-25647.72,222870.24,215364.81,873231.6,1121408.92,961297.17,0.0,12028.26,9028.26,3087269.51,3176.9300000000003,3094469.51,0.0,331.13,499488.87,12014.7,485671.13,1333419.28,32.0,-637468.4500000001,1803.04,130123.92,621408.92,1847283.58,0.0,273284.14,108151.33,639093.14,0.0,-37344.850000000006,-37344.850000000006,-25647.72,1821635.859,-37344.850000000006,-11697.13,0.0,130123.92,1868653.39,1868653.39,1181498.54,GRAFIQUES ALZAMORA SA_resum
2013-01-01,22184.17,331664.55,1515506.96,500000.0,231139.77,1453608.82,0.0,1273022.04,153214.47,82473.57,235688.04,171009.78,1112367.27,1199334.22,1001980.44,0.0,4818.84,4818.84,3585974.5,7483.93,3587774.5,0.0,270.57,396978.04,11402.18,383772.82,1409253.79,31.0,-896497.2,1803.04,71475.14,699334.221,2051692.109,0.0,359302.06,22184.17,690966.61,0.0,77925.3,77925.3,82473.57,2134165.68,77925.3,-4548.27,0.0,71475.14,1912485.0,1912485.0,1237939.05,GRAFIQUES ALZAMORA SA_resum
2014-01-01,106174.07,426310.94,1663076.08,500000.0,186050.2,1515757.0990000002,22184.17,1242202.7,135414.66,64757.33,200171.99,163546.4,979438.159,1249969.76,966469.34,0.0,2514.76,2514.76,3696005.93,11790.93,3696005.93,0.0,183.9,333724.38,12631.3,319290.04,1508293.72,31.0,-1013607.5,1803.04,257326.98,749969.76,2115491.5,0.0,298335.58900000004,106174.07,746830.7,0.0,62426.47,50635.54,64757.33,2180248.83,50635.54,-2330.86,0.0,257326.98,1996800.46,1996800.46,1166825.23,GRAFIQUES ALZAMORA SA_resum
2015-01-01,190163.97000000003,487384.71,1703520.64,500000.0,148189.812,1722936.81,0.0,1230631.48,98839.73,67801.90999999999,166641.64,139185.41,882432.1789999999,1299319.84,957178.06,0.0,2130.3100000000004,2130.3100000000004,3772529.93,16450.027000000002,3772529.93,0.0,128.508,356522.7,11184.94,343534.72000000003,1698575.82,31.0,-925773.42,1803.04,333703.75,799319.8400000001,1981791.21,0.0,273338.79000000004,190163.97000000003,760723.5,0.0,65800.11,49350.082,67801.90999999999,2049593.119,49350.082,-2001.802,0.0,333703.75,2060043.34,2060043.34,1123948.21,GRAFIQUES ALZAMORA SA_resum
2016-01-01,274153.87,368809.32,1731222.61,500000.0,172734.97,1823108.3,0.0,1096229.74,124384.24,69032.26,193416.5,133282.34,860702.76,1347670.57,982380.25,0.0,4817.71,4817.55,4163470.64,16116.91,4163470.64,0.0,253.09,562624.06,9998.79,550816.23,1817205.23,30.0,-1164565.59,1809.04,501710.53,847670.57,2271330.08,0.0,303212.91000000003,274153.87,672022.23,0.0,64467.64,48350.72899999999,69032.26,2340362.34,48350.72899999999,-4564.620000000001,0.0,501710.53,2293846.67,2293846.67,1176049.6800000002,GRAFIQUES ALZAMORA SA_resum
2017-01-01,329680.13,518485.85,1871580.38,500000.0,176215.81,1873473.46,0.0,1366047.77,164340.96,22991.0,187331.96,234378.64,1081940.56,1359545.42,1017258.11,0.0,7246.94,7246.94,4147637.24,3958.28,4147637.24,0.0,89.07,645565.9600000001,80758.61,563004.31,1974569.76,31.0,-1069573.71,1803.04,271153.97000000003,859545.419,2251172.7800000003,0.0,309434.94,329680.13,827920.7899999999,0.0,15833.13,11874.849,22991.0,2274163.7800000003,11874.849,-7157.87,0.0,271153.97000000003,2517146.34,2517146.34,1204679.14,GRAFIQUES ALZAMORA SA_resum
2018-01-01,237997.97,450431.54,1745663.03,500000.0,175985.33,1814625.589,0.0,1278224.31,153939.61000000002,35954.54,189894.15,162549.94999999998,990342.72,1381591.14,1031274.12,0.0,6779.53,6779.53,4019373.32,7348.58,4019373.32,0.0,219.29,567679.12,88805.33,477070.75,1742796.9,33.0,-983579.46,1803.04,304888.77,881591.14,2168793.19,0.0,243321.5,237997.97,693753.04,0.0,29394.3,22045.72,35954.54,2204747.73,22045.72,-6560.24,0.0,304888.77,2313342.15,2313342.15,1221387.559,GRAFIQUES ALZAMORA SA_resum
2019-01-01,261503.11,287729.6,1693551.35,500000.0,203707.27,1678559.01,21275.37,1391172.91,153778.54,71052.54,224831.08,87983.70999999999,1191427.02,1431519.87,1002444.83,0.0,4642.84,4642.84,3989828.25,16642.91,3989828.25,0.0,161.94,597294.8200000001,71853.42,523638.36,1603992.77,32.0,-1083993.33,1803.04,214394.729,931519.87,2240216.7,1664.29,287153.93000000005,263167.4,596158.9,0.0,66571.64,49928.72899999999,71052.54,2311269.239,49928.72899999999,-4480.9,0.0,212849.33,2290846.17,2290846.17,1227437.85,GRAFIQUES ALZAMORA SA_resum
2020-01-01,649369.3200000001,252111.23,2016627.41,500000.0,116815.9,1282789.3690000002,22777.85,975508.62,174722.5,-51489.850000000006,123232.65,100759.98,824157.37,1373613.27,958366.09,0.0,8081.04,8081.04,3338416.44,-1664.29,3338416.44,0.0,0.0,510860.43000000005,35843.57,472336.23,1295565.64,32.0,-974028.33,2680.63,940358.81,873613.2699999999,2107116.92,0.0,229616.169,649369.3200000001,504505.25,0.0,-59570.89,-57906.6,-51489.850000000006,2055627.07,-57906.6,-8081.04,0.0,938813.41,2527487.84,2527487.84,1081598.74,GRAFIQUES ALZAMORA SA_resum
2021-01-01,637389.88,598330.51,2411618.87,500000.0,299119.37,1651433.319,195321.62,1232597.86,219371.85,99212.49,318584.34,426404.33,1060671.6800000002,1453360.79,1121631.6,0.0,10270.37,10270.37,3937285.63,9194.6,3937285.63,0.0,0.0,826090.93,17567.74,805842.56,1977077.67,34.0,-845636.37,2680.63,752616.6789999999,953360.79,2186639.82,0.0,353307.0,637389.88,1146959.13,0.0,88942.12000000001,79747.519,99212.49,2285852.309,79747.519,-10270.37,0.0,699125.74,3237709.8,3237709.8,1440215.94,GRAFIQUES ALZAMORA SA_resum
2022-01-01,630071.42,389848.07,2443771.19,500000.0,337934.73000000004,2902938.56,177084.7,1589611.87,222833.37,166562.75,389396.12,449232.66,1648996.46,1568462.15,1237949.0,0.0,13389.8,13389.8,5765555.56,38071.59,5767239.56,0.0,0.0,825357.56,12047.14,801429.7899999999,2925766.89,35.0,-1236955.88,11880.63,404926.66,1068462.15,2697738.25,3807.16,499855.25,633878.58,1066788.02,0.0,153172.94999999998,115101.36,166562.75,2864300.999,115101.36,-13389.8,0.0,357449.34,3269128.75,3269128.75,1627345.1190000002,GRAFIQUES ALZAMORA SA_resum
2023-01-01,390386.31,424198.23,2551256.31,500000.0,313386.51,2718004.54,174907.7,1382586.72,228476.71,105644.11,334120.82,436928.81,1395317.3,1653371.95,1381850.11,0.0,9370.55,9370.55,5490775.85,25360.04,5493922.04,0.0,13996.28,623012.63,9103.22,602028.7799999999,2705700.69,37.0,-1059946.57,11880.63,731740.7799999999,1153371.949,2670273.39,6343.17,525061.5789999999,396729.48,1124167.51,0.0,110269.84,84909.799,105644.11,2775917.5,84909.799,4625.73,0.0,730195.38,3174268.94,3174268.94,1729967.21,GRAFIQUES ALZAMORA SA_resum
