Año,Acreedores a L. P.,Acreedores comerciales,Activo circulante,Capital suscrito,Cash flow,Consumo de mercaderías y de materias,Deudas financieras,Deudores,Dotaciones para amortiz. de inmovil.,EBIT,EBITDA,Existencias,Fondo de maniobra,Fondos propios,Gastos de personal,Gastos extraordinarios,Gastos financieros,Gastos financieros y gastos asimilados,Importe neto Cifra de Ventas,Impuestos sobre sociedades,Ingresos de explotación,Ingresos extraordinarios,Ingresos financieros,Inmovilizado,Inmovilizado inmaterial,Inmovilizado material,Materiales,Número empleados,Otros Conceptos de Explotación,Otros activos fijos,Otros activos líquidos,Otros fondos propios,Otros gastos de explotación,Otros pasivos fijos,Otros pasivos líquidos,Pasivo fijo,Pasivo líquido,Provisiones,Result. ordinarios antes Impuestos,Resultado Actividades Ordinarias,Resultado Explotación,Resultado bruto,Resultado del Ejercicio,Resultado financiero,Resultados actividades extraordinarias,Tesorería,Total activo,Total pasivo y capital propio,Valor agregado,Empresa
1999-01-01,150000.0,0.0,117769.63,63106.27,670.621,0.0,33204.689999999995,4662.360000000001,2725.01,-2445.1,-2445.1,76219.31,80881.67000000001,143905.11000000002,798.58,93.1,184.93,184.93,216000.0,-541.14,229846.0,0.0,734.41,28166.87,0.0,27441.67,0.0,1.0,-14073.93,725.2,36887.96,80798.84,93210.17,0.0,2031.38,150000.0,2031.38,0.0,-1710.6899999999998,-1169.55,-2445.1,145483.55,-1262.65,734.41,-93.1,36887.95,145936.5,145936.5,-1803.79,GRUPEFE SL_resum
2000-01-01,150000.0,0.0,457911.74,400000.0,670.621,0.0,33204.689999999995,9420.65,2725.01,-2958.73,-2958.73,125461.48,134882.13,479008.53,798.58,0.0,184.93,184.93,216000.0,-767.8199999999999,229846.0,0.0,399.34,29005.35,838.48,27441.67,0.0,1.0,-14073.93,725.2,323029.61,79008.53,93210.17,0.0,7908.57,150000.0,7908.57,0.0,-2559.4,-1791.58,-2958.73,145483.55,-1791.58,399.34,0.0,323029.6,486917.1,486917.1,-1760.82,GRUPEFE SL_resum
2001-01-01,150000.0,0.0,444387.5,400000.0,670.621,0.0,33204.689999999995,11703.65,2725.01,-15711.11,-12986.1,131085.66,142789.31,476954.14,10506.36,0.0,184.93,184.93,216000.0,-880.4599999999999,229846.0,253.15,12523.11,33583.219999999994,4429.929999999999,28428.08,0.0,1.0,-14073.93,725.2090000000001,301598.189,76954.14,93210.17,0.0,1016.58,150000.0,1016.58,0.0,-3188.0,-2307.54,-15711.11,145483.55,-2054.389,12523.11,253.15,301598.19,477970.72,477970.72,10296.521,GRUPEFE SL_resum
2002-01-01,150000.0,0.0,88695.87000000001,400000.0,19619.82,0.0,33204.689999999995,79154.88,5085.05,16463.34,21548.39,0.0,79154.88,491488.9,10090.8,0.0,184.93,184.93,216000.0,6229.2,229846.0,0.0,4485.56,821768.6,2953.29,818815.31,192920.77,1.0,-14073.93,0.0,9540.989,91488.9,93210.17,0.0,268975.57,150000.0,268975.57,0.0,20763.97,14534.77,16463.34,145483.55,14534.77,4300.63,0.0,9540.99,910464.47,910464.47,36124.75,GRUPEFE SL_resum
2003-01-01,336000.0,0.0,36112.11,400000.0,52477.42,0.0,33204.689999999995,21376.07,21163.17,53931.75,75094.92,0.0,21376.07,522803.15,9848.4,0.0,9669.91,9669.91,88144.0,13420.39,88552.0,240.0,232.8,937497.55,1476.65,936020.9,0.0,1.0,-14073.93,0.0,14736.04,122803.15,93210.17,0.0,114806.51,336000.0,114806.51,0.0,44494.64,31074.25,53931.75,145483.55,31314.25,-9437.11,240.0,14736.04,973609.66,973609.66,85416.12000000001,GRUPEFE SL_resum
2004-01-01,583194.01,0.0,216806.94,400000.0,57560.619,0.0,33204.689999999995,9767.94,23536.95,62464.17,86001.12000000001,0.0,9767.94,556826.8200000001,10013.28,0.0,15076.93,15076.93,98280.0,14581.57,98658.6,0.0,1218.0,955890.66,0.0,955890.66,0.0,1.0,-14073.93,0.0,207039.0,156826.819,93210.17,0.0,32676.77,583194.01,32676.77,0.0,48605.24,34023.67,62464.17,145483.55,34023.67,-13858.93,0.0,207039.0,1172697.6,1172697.6,97232.4,GRUPEFE SL_resum
2005-01-01,591597.005,0.0,1059503.37,500000.0,603368.99,0.0,33204.689999999995,97668.78,7353.429999999999,9947.23,17300.66,0.0,97668.78,1300784.6800000002,10109.06,0.0,6892.620000000001,6892.620000000001,32760.0,167535.65,32760.0,747851.89,12644.71,1055882.61,1925.72,1053956.8890000002,0.0,1.0,-14073.93,0.001,961834.59,800784.6789999999,93210.17,0.0,814601.3,591597.005,814601.3,0.0,15699.32,-151836.33,9947.23,145483.55,596015.56,5752.09,747851.89,961834.59,2115385.98,2115385.98,787906.3200000001,GRUPEFE SL_resum
2006-01-01,600000.0,0.0,584893.1799999999,1030000.0,46146.94,0.0,33204.689999999995,267930.38,4723.08,2561.98,7285.059,0.0,267930.38,4650823.54,10209.91,3405.78,3594.52,3594.52,20648.4,-38117.89,20648.4,0.0,7744.29,4795768.92,4186.21,4791582.71,0.0,1.0,-14073.93,0.0,316962.8,3620823.54,93210.17,0.0,129838.56,600000.0,129838.56,0.0,6711.75,44829.64,2561.98,145483.55,41423.86,4149.77,-3405.78,316962.8,5380662.1,5380662.1,21833.480000000003,GRUPEFE SL_resum
2007-01-01,621000.0,0.0,329384.79000000004,1030000.0,76510.76,0.0,33204.689999999995,145015.18,62908.52,34317.9,97226.42,0.0,145015.18,4664425.78,10106.52,0.0,28447.5,28447.5,110704.81,4534.08,111038.209,2830.96,9434.96,5071324.94,33981.44,5016343.5,0.0,1.0,-14073.93,21000.0,184369.61,3634425.78,93210.17,0.0,115283.95,621000.0,115283.95,0.0,15305.36,10771.28,34317.9,145483.55,13602.240000000002,-19012.54,2830.96,184369.61,5400709.73,5400709.73,119598.86,GRUPEFE SL_resum
2008-01-01,587795.31,46882.86,108460.69,1030000.0,80887.62000000001,0.0,33204.689999999995,61934.78999999999,61363.83,52273.380000000005,113637.209,0.0,15051.93,4674696.06,17772.41,0.0,30863.84,30863.84,142397.5,6507.94,145483.55,0.0,4622.1900000000005,5251700.8,0.0,1312826.02,0.0,2.0,-14073.93,3938874.78,46525.9,3644696.059,93210.17,0.0,17582.57,587795.31,97670.12,0.0,26031.73,19523.79,52273.380000000005,145483.55,19523.79,-26241.65,0.0,46525.9,5360161.49,5360161.49,136031.81,GRUPEFE SL_resum
2009-01-01,522223.7,42133.03,143832.65,1030000.0,91545.239,79.75,66537.14,77890.25,66195.729,52093.95,118289.67900000002,0.0,35757.219999999994,4700045.57,21052.78,0.0,15655.35,15655.35,152736.09,11863.58,156021.6,0.0,774.49,5212092.91,0.0,529903.329,79.75,2.0,-16599.39,4682189.58,65942.399,3670045.569,103847.899,0.0,24986.12,522223.7,133656.29,0.0,37213.09,25349.509,52093.95,155941.84999999998,25349.509,-14880.86,0.0,65942.399,5355925.56,5355925.56,140116.949,GRUPEFE SL_resum
2010-01-01,451739.61,7586.26,107233.04,1030000.0,96739.8,0.0,81702.29,74131.64,68705.13,45462.49,114167.62,0.0,66545.38,4728080.24,21886.38,0.0,8082.929999999999,8082.929999999999,153458.77000000002,9344.89,159462.86,0.0,0.0,5246644.05,0.0,629701.8400000001,0.0,1.0,-23408.86,4616942.21,33101.4,3698080.239,114000.37,0.0,84768.69,451739.61,174057.24000000002,0.0,37379.56,28034.67,45462.49,159462.86,28034.67,-8082.929999999999,0.0,32751.4,5353877.09,5353877.09,136054.0,GRUPEFE SL_resum
2011-01-01,372187.05,0.0,101477.99,1030000.0,90627.95,50.0,77687.83,82436.6,81557.57,22954.960000000003,104512.53,0.0,82436.6,4737150.619999999,22481.82,0.0,10861.19,10861.19,139032.47999999998,3023.46,144319.3,0.0,0.07,5176097.03,0.0,632199.8400000001,11060.55,1.0,-17274.95,4543897.19,19041.39,3707150.619,121314.34,454.68,90094.84,372641.73,167782.67,0.0,12093.84,9070.38,22954.960000000003,144269.3,9070.38,-10861.12,0.0,17891.39,5277575.02,5277575.02,126994.42,GRUPEFE SL_resum
2012-01-01,287358.74,824.2800000000001,97933.21,1030000.0,69128.43999999999,0.0,76136.31,95511.78,48720.42,35308.21,84028.63,0.0,94687.5,4757558.64,22853.67,0.0,8097.52,8097.52,96927.93,6802.67,99015.378,0.0,0.0,5137754.74,0.0,637192.92,17978.129999999997,1.0,7866.92,4500561.819999999,2421.429,3727558.639,63707.17,909.36,112900.62,288268.1,189861.21,0.0,27210.69,20408.019,35308.21,99015.378,20408.019,-8097.52,0.0,2071.429,5235687.95,5235687.95,106882.3,GRUPEFE SL_resum
2013-01-01,210714.28,0.0,94152.62,1030000.0,36810.179,0.0,76658.98999999999,89393.05,38281.52,1538.15,39819.67,0.0,89393.05,4756087.3,23616.1,0.0,5592.660000000001,5592.660000000001,81179.37000000001,-2213.18,81449.68000000001,0.0,369.99,5100535.33,0.0,482715.8,0.0,1.0,-18013.91,4617819.53,4759.57,3726087.3,79911.53,1060.92,150166.46,211775.2,226825.45,0.0,-3684.52,-1471.34,1538.15,81449.68000000001,-1471.34,-5222.67,0.0,4759.57,5194687.95,5194687.95,63805.759,GRUPEFE SL_resum
2014-01-01,133436.73,0.0,54625.08,1030000.0,-12773.8,0.0,77309.31,18302.58,38208.28,5277.02,43485.3,0.0,18302.58,4705105.22,23429.16,0.0,6831.21,6831.21,82219.53,50333.78999999999,83986.069,0.0,905.9,5061579.75,0.0,474368.38,0.0,1.0,-17071.609999999997,4587211.368999999,36322.5,3675105.219,78709.05,151.55,200202.02,133588.28,277511.33,0.0,-648.2900000000001,-50982.08,5277.02,83986.069,-50982.08,-5925.31,0.0,36322.5,5116204.83,5116204.83,67820.36,GRUPEFE SL_resum
2015-01-01,55633.86,0.0,42920.16,1030000.0,36257.59,373.88,77768.62000000001,15681.23,33888.66,8894.720000000001,42783.380000000005,0.0,15681.23,4707474.149999999,27456.75,0.0,6011.95,6011.95,82383.79,789.65,83733.39,0.0,275.81,5027376.28,0.0,470340.58,373.88,1.0,-13119.38,4557035.7,27238.93,3677474.15,74464.791,0.0,229419.81,55633.86,307188.43000000005,0.0,3158.58,2368.9300000000003,8894.720000000001,83359.51,2368.9300000000003,-5736.139,0.0,27238.93,5070296.44,5070296.44,70515.93999999999,GRUPEFE SL_resum
2016-01-01,18876.36,32.98,19432.980000000003,1030000.0,39566.21,68.93,38722.21,15681.23,33024.75,13806.19,46830.94,24.47,15672.72,4714015.609999999,22786.71,0.0,5084.24,5084.24,86751.55,2180.49,86873.75,0.0,0.0,4996351.53,0.0,467176.69,68.93,1.0,-17187.17,4529174.84,3727.28,3684015.609,72998.63,0.0,244137.35,18876.36,282892.54,0.0,8721.949999999999,6541.46,13806.19,86804.82,6541.46,-5084.24,0.0,3727.28,5015784.51,5015784.51,69617.65000000001,GRUPEFE SL_resum
2017-01-01,16250.0,8718.710000000001,24545.52,1030000.0,45162.34,105.0,6462.53,10519.633333333333,38458.350000000006,13788.02,52246.369,0.0,-8718.710000000001,4720719.6,26258.28,0.0,4849.37,4849.37,100914.61,2234.66,100914.61,0.0,0.0,4974649.33,0.0,471953.68,105.0,1.0,-22304.960000000003,4502695.649999999,24545.52,3690719.6,87021.589,0.0,247044.01,16250.0,262225.25,0.0,8938.65,6703.99,13788.02,100809.61,6703.99,-4849.37,0.0,24545.52,4999194.85,4999194.85,78504.65000000001,GRUPEFE SL_resum
2018-01-01,16250.0,1183.56,33904.4,1030000.0,45887.73,0.0,4310.02,5358.036666666667,39637.62,13584.39,53222.01,0.0,-1183.56,4726969.71,27257.2,0.0,5250.91,5250.91,105734.48,2083.3700000000003,105734.48,0.0,0.0,4969106.44,0.0,464719.21,0.0,1.0,-25255.269,4504387.23,33904.4,3696969.71,92150.09,0.0,258607.57,16250.0,259791.13,0.0,8333.48,6250.110000000001,13584.39,105734.48,6250.110000000001,-5250.91,0.0,33904.4,5003010.84,5003010.84,80479.20999999999,GRUPEFE SL_resum
2019-01-01,16250.0,0.0,65344.02,1030000.0,36975.329,0.0,2157.51,196.44,34380.56,9159.7,43540.259,0.0,196.44,4729564.48,43965.2,0.0,5700.0,5700.0,108714.15,864.93,108714.15,0.0,0.0,4939543.01,0.0,463766.92,0.0,1.0,-21208.69,4475776.09,65147.58,3699564.48,99554.45,0.0,259072.55,16250.0,259072.55,0.0,3459.7,2594.77,9159.7,108714.15,2594.77,-5700.0,0.0,65147.58,5004887.03,5004887.03,87505.459,GRUPEFE SL_resum
2020-01-01,16250.0,11.0,81475.51,1030000.0,36642.64,114.91,5.0,115.43,34929.75,7999.469999999999,42929.22,0.0,104.43,4731277.37,30301.91,0.0,5715.620000000001,5715.620000000001,93159.0,570.9599999999999,93159.0,0.0,0.0,4925349.09,0.0,481224.81,114.91,1.0,-19812.960000000003,4444124.28,81360.08,3701277.37,85044.62000000001,0.0,259281.23,16250.0,259297.23,0.0,2283.8500000000004,1712.889,7999.469999999999,93044.09,1712.889,-5715.620000000001,0.0,81360.08,5006824.6,5006824.6,73231.12900000002,GRUPEFE SL_resum
2021-01-01,18850.0,0.0,101554.89,1030000.0,-981784.91,81.93,91.76,361.23,54740.33,-1033826.81,-979086.48,0.0,361.23,3694752.13,29280.92,0.0,5684.38,5684.38,104494.13,-2985.9500000000003,104494.13,0.0,0.0,3864291.77,0.0,478760.27,81.93,1.0,-1054217.76,3385531.5,101193.66,2664752.13,1138239.01,0.0,252152.77,18850.0,252244.53,0.0,-1039511.19,-1036525.24,-1033826.81,104412.2,-1036525.24,-5684.38,0.0,101193.66,3965846.66,3965846.66,-949805.559,GRUPEFE SL_resum
2022-01-01,23400.0,264.97,100095.11,1030000.0,86477.42,185.95,18.51,1865.43,70089.2,27550.97,97640.17,0.0,-264.97,3711140.35,29315.42,0.0,5700.0,5700.0,154354.8,5462.75,154354.8,0.0,0.0,3889117.53,0.0,35644.71,185.95,1.0,-27213.26,3853472.82,100095.11,2681140.35,126617.87900000002,0.0,254388.81,23400.0,254672.29,0.0,21850.97,16388.22,27550.97,154168.849,16388.22,-5700.0,0.0,100095.11,3989212.64,3989212.64,126955.59,GRUPEFE SL_resum
2023-01-01,124500.0,3800.08,136914.47,1030000.0,103162.182,55.7,18.51,3369.63,78494.28,39332.65,117826.93,0.0,-430.449,3737026.79,32976.219999999994,0.0,6442.120000000001,6442.120000000001,175504.13,8222.638,175504.13,0.0,0.01,3994234.84,1658.37,212319.74,55.7,1.0,-24645.28,3780256.73,133544.84,2707026.7890000003,136115.78,406.17,265416.27,124906.17,269216.35,0.0,32890.54,24667.902,39332.65,175448.43,24667.902,-6442.110000000001,0.0,133544.84,4131149.31,4131149.31,150803.16,GRUPEFE SL_resum
