Año,Acreedores a L. P.,Acreedores comerciales,Activo circulante,Capital suscrito,Cash flow,Consumo de mercaderías y de materias,Deudas financieras,Deudores,Dotaciones para amortiz. de inmovil.,EBIT,EBITDA,Existencias,Fondo de maniobra,Fondos propios,Gastos de personal,Gastos extraordinarios,Gastos financieros,Gastos financieros y gastos asimilados,Importe neto Cifra de Ventas,Impuestos sobre sociedades,Ingresos de explotación,Ingresos extraordinarios,Ingresos financieros,Inmovilizado,Inmovilizado inmaterial,Inmovilizado material,Materiales,Número empleados,Otros Conceptos de Explotación,Otros activos fijos,Otros activos líquidos,Otros fondos propios,Otros gastos de explotación,Otros pasivos fijos,Otros pasivos líquidos,Pasivo fijo,Pasivo líquido,Provisiones,Result. ordinarios antes Impuestos,Resultado Actividades Ordinarias,Resultado Explotación,Resultado bruto,Resultado del Ejercicio,Resultado financiero,Resultados actividades extraordinarias,Tesorería,Total activo,Total pasivo y capital propio,Valor agregado,Empresa
1999-01-01,2620.52,52705.19,1243.59,3005.06,1751.76,177960.43,115751.22,386.58,2817.84,-23.93,-23.93,22968.75,386.58,3005.07,176130.02,0.0,12137.38,12137.38,636094.98,37.33,453.93,0.0,0.01,2622.22,2622.22,26601.63,193423.3,12.0,-235684.75,0.0,857.01,0.01,459509.31,0.0,860.74,2620.52,860.74,0.0,0.01,0.01,-23.93,463012.14,0.01,0.01,0.0,857.01,3865.81,3865.81,0.01,HOTEL SOLANA DEL TER RIPOLL SL_resum
2000-01-01,2620.52,52705.19,1243.59,3005.06,1751.76,177960.43,115751.22,386.58,2817.84,-23.93,-23.93,22968.75,386.58,3005.07,176130.02,0.0,12137.38,12137.38,636094.98,37.33,453.93,0.0,0.01,2622.22,2622.22,26601.63,193423.3,12.0,-235684.75,0.0,857.01,0.01,459509.31,0.0,860.74,2620.52,860.74,0.0,0.01,0.01,-23.93,463012.14,0.01,0.01,0.0,857.01,3865.81,3865.81,0.01,HOTEL SOLANA DEL TER RIPOLL SL_resum
2001-01-01,2620.52,52705.19,3456.44,3005.06,1751.76,177960.43,115751.22,2540.66,2817.84,-23.93,-23.93,22968.75,2540.66,3005.06,176130.02,0.6300000000000001,12137.38,12137.38,636094.98,37.33,529.21,24.55,0.01,3151.4300000000003,3151.4300000000003,26601.63,193423.3,12.0,-235684.75,0.0,915.78,0.0,459509.31,0.0,3602.8100000000004,2620.52,3602.8100000000004,0.0,-23.92,-23.92,-23.93,463012.14,-533.035,0.01,23.92,915.78,6607.87,6607.87,95009.58499999999,HOTEL SOLANA DEL TER RIPOLL SL_resum
2002-01-01,2620.52,52705.19,86329.07,3005.06,1751.76,177960.43,115751.22,43349.67,2817.84,11458.69,14276.53,22968.75,66318.42,1938.98,176130.02,481.67,12137.38,12137.38,636094.98,37.33,636094.98,89.02,5.26,36181.15,9579.52,26601.63,193423.3,12.0,-235684.75,0.0,20010.65,-1066.08,459509.31,0.0,117950.72,2620.52,117950.72,0.0,-673.43,-673.43,11458.69,463012.14,-1066.08,-12132.12,-392.65,19708.27,122510.22,122510.22,190019.16,HOTEL SOLANA DEL TER RIPOLL SL_resum
2003-01-01,374.36,52705.19,73427.568,3005.06,4698.5,177960.43,115751.22,23397.62,4210.94,14331.35,18542.29,40531.5,63929.119,2426.54,200519.51,159.26999999999998,14768.54,14768.54,609886.87,37.33,634986.87,1080.94,3.08,63754.6,7782.41,55972.19,188047.0,10.0,-235684.75,0.0,9498.448,-578.52,459509.31,0.0,134381.27000000002,374.36,134381.27000000002,0.0,-434.11,-434.11,14331.35,463012.14,487.56,-14765.46,921.67,9368.28,137182.17,137182.17,219986.55,HOTEL SOLANA DEL TER RIPOLL SL_resum
2004-01-01,69270.8,52705.19,90942.76,3005.06,8779.678,177960.43,115751.22,44215.86,8278.887999999999,16017.03,24295.918,45954.6,90170.459,2927.3300000000004,187633.55,39.4,15486.09,15486.09,648898.9600000001,37.33,665328.9600000001,0.0,9.25,149102.96,5914.91,143188.05,216645.52,10.0,-235684.75,0.0,772.3,-77.73,459509.31,0.0,167847.59,69270.8,167847.59,0.0,540.19,540.19,16017.03,463012.14,500.79,-15476.84,-39.4,771.48,240045.72,240045.72,211899.318,HOTEL SOLANA DEL TER RIPOLL SL_resum
2005-01-01,65868.95999999999,52705.19,94036.95,3005.06,10938.369,177960.43,115751.22,32644.460000000003,10773.55,17438.14,28211.69,54497.8,87142.26,3092.15,206321.25,83.61,18752.94,18752.94,635886.97,37.33,660686.97,1597.6,2.96,177884.71000000002,1497.239,176387.47,187863.2,11.0,-235684.75,0.0,6894.689,87.09,459509.31,0.0,202960.55,65868.95999999999,202960.55,0.0,-1311.84,-1349.169,17438.14,463012.14,164.82000000000002,-18749.980000000003,1513.99,894.69,271921.66,271921.66,236049.889,HOTEL SOLANA DEL TER RIPOLL SL_resum
2006-01-01,54678.4,52705.19,94612.85,3005.06,13654.34,177960.43,115751.22,27915.45,13165.31,12149.34,25314.65,58338.6,86254.05,3581.18,201601.13,54.06,13860.27,13860.27,660584.2799999999,209.59,684484.2799999999,2463.22,0.39,197371.09,501.38,196869.71,206828.6,11.0,-235684.75,0.0,8358.8,576.119,459509.31,0.0,233724.36,54678.4,233724.36,0.0,-1710.54,-1920.129,12149.34,463012.14,489.03,-13859.88,2409.16,8358.799,291983.94,291983.94,229325.33,HOTEL SOLANA DEL TER RIPOLL SL_resum
2007-01-01,50632.310000000005,52705.19,112583.18,3005.06,15135.01,177960.43,115751.22,39349.54,14551.68,12306.25,26857.93,58340.1,97689.64,4164.51,190018.31,0.8500000000000001,12192.49,12192.49,624688.2699999999,194.44,666180.52,664.4399999999999,0.42,238293.66,5485.87,232807.79,206710.36,11.0,-235684.75,0.0,14893.54,1159.45,459509.31,0.0,296080.02,50632.310000000005,296080.02,0.0,114.18,-80.259,12306.25,463012.14,583.3299999999999,-12192.07,663.59,14200.41,350876.84,350876.84,217540.249,HOTEL SOLANA DEL TER RIPOLL SL_resum
2008-01-01,24677.82,52705.19,183416.4,3005.06,11994.339,177960.43,115751.22,118698.46,18333.55,3502.8300000000004,21836.379,59461.4,125454.67,-2174.7,205491.01,0.0,12008.02,12008.02,563198.65,-2113.07,640972.57,0.0,52.91,250777.34,2786.935,248664.27,177960.43,9.0,-235684.75,2113.07,5256.54,-5179.76,459509.31,0.0,243234.21,24677.82,411690.62,0.0,-8452.28,-6339.21,3502.8300000000004,463012.14,-6339.21,-11955.11,0.0,5256.54,434193.74,434193.74,227380.3,HOTEL SOLANA DEL TER RIPOLL SL_resum
2009-01-01,16896.57,57992.72,79475.77,3005.06,23169.16,195098.63,117826.118,15132.3,18874.32,17270.88,36145.2,57610.08,14749.66,2120.14,138373.27000000002,0.0,11575.04,11575.04,527992.3,1431.62,531321.08,0.0,30.62,269205.36,88.0,268435.91000000003,195098.63,8.0,-161703.97999999998,681.4499999999999,6733.39,-884.92,318951.57,0.0,153845.58,16896.57,329664.42000000004,0.0,5726.46,4294.84,17270.88,336222.45,4294.84,-11544.42,0.0,6733.39,348681.13,348681.13,174549.09,HOTEL SOLANA DEL TER RIPOLL SL_resum
2010-01-01,3453.9500000000003,57225.6,83458.6,3005.06,21018.76,180848.99,118924.26,24258.0,19117.53,13392.69,32510.22,57528.65,24561.049,4021.37,143117.37999999998,0.0,10860.14,10860.14,489374.21,633.75,508184.61,0.0,2.43,277245.28,58.96,277138.62,180848.99,8.0,-151708.02,47.7,1671.95,1016.31,313942.93000000005,0.0,177078.7,3453.9500000000003,353228.56,0.0,2534.98,1901.23,13392.69,327335.62,1901.23,-10857.71,0.0,1671.95,360703.88,360703.88,175630.03,HOTEL SOLANA DEL TER RIPOLL SL_resum
2011-01-01,407309.64,93259.9,126108.36,3005.06,29698.78,237612.62,50287.76,61680.6,28475.94,19088.6,47564.539,57641.5,26062.2,5244.21,155926.9,0.0,17463.609999999997,17463.609999999997,628923.89,407.62,633016.7699999999,0.0,5.470000000000001,453091.36,29.92,453061.44,237612.62,8.0,-191912.71,0.0,6786.26,2239.15,376315.55,0.0,23098.21,407309.64,166645.87,0.0,1630.46,1222.84,19088.6,395404.15,1222.84,-17458.14,0.0,6786.26,579199.72,579199.72,203496.909,HOTEL SOLANA DEL TER RIPOLL SL_resum
2012-01-01,403982.14,170460.02,131886.53,3005.06,53552.0,237898.67,54977.8,30582.57,52406.26,24533.64,76939.9,58477.3,-81400.15000000001,6389.95,212046.72,0.0,23039.04,23039.04,651662.9,381.92,656278.08,0.0,33.06,539236.73,910.15,538326.58,237898.67,9.0,-129392.79,0.0,42826.66,3384.8900000000003,393845.77,0.0,35313.350000000006,403982.14,260751.17,0.0,1527.66,1145.74,24533.64,418379.41,1145.74,-23005.980000000003,0.0,42826.66,671123.26,671123.26,289019.68,HOTEL SOLANA DEL TER RIPOLL SL_resum
2013-01-01,559105.56,136019.62,145600.33,3005.06,55638.01,222201.5,38368.15,40492.43,54214.83,26424.55,80639.38,69875.0,-25652.19,7813.13,224133.09,0.0,26536.9,26536.9,659986.75,474.4,664373.3400000001,0.0,2009.93,625528.8400000001,517.929,625010.91,222201.5,10.0,-137399.37,0.0,35232.9,4808.07,415747.29,0.0,29822.71,559105.56,204210.48,0.0,1897.58,1423.179,26424.55,442171.839,1423.179,-24526.97,0.0,35232.9,771129.1699999999,771129.1699999999,306782.4,HOTEL SOLANA DEL TER RIPOLL SL_resum
2014-01-01,559502.02,141609.4,141517.96,3005.06,55763.75,211583.49,70266.87000000001,42781.73,54234.22,32862.11,87096.33,69590.0,-29237.669,9342.66,256171.4,0.0,30871.6,30871.6,681158.9400000001,509.85,728353.4500000001,0.0,48.87,671343.3200000001,126.59,671216.73,211583.49,15.0,-173502.229,0.0,29146.23,6337.599,483907.85,0.0,32140.33,559502.02,244016.6,0.0,2039.38,1529.53,32862.11,516769.959,1529.53,-30822.73,0.0,29146.23,812861.2799999999,812861.2799999999,343316.6,HOTEL SOLANA DEL TER RIPOLL SL_resum
2015-01-01,547767.55,130319.28,103521.26,3005.06,38221.79899999999,248174.55,105178.06,21064.31,35950.99,33366.48,69317.47,69340.0,-39914.97,11613.47,248561.45,0.0,30460.92,30460.92,719072.42,756.9399999999999,722270.8500000001,0.0,122.19,722245.99,517.65,721728.3400000001,248174.55,18.0,-156217.37999999998,0.0,13116.95,8608.41,440729.82,0.0,30888.89,547767.55,266386.22900000005,0.0,3027.75,2270.8100000000004,33366.48,474096.3,2270.8100000000004,-30338.73,0.0,13116.95,825767.25,825767.25,318001.11,HOTEL SOLANA DEL TER RIPOLL SL_resum
2016-01-01,591610.76,162821.67,127995.0,63016.11,40242.439,227967.16,111518.37,34905.41,37874.92,32812.68,70687.6,84350.0,-43566.26,73992.04,290592.24,0.0,30120.0,30120.0,726208.81,789.1700000000001,733319.47,0.0,464.01,823804.3300000001,305.71,823498.62,227967.16,18.0,-144072.47,0.0,8739.59,10975.93,472539.63,0.0,11856.49,591610.76,286196.53,0.0,3156.69,2367.52,32812.68,505352.31,2367.52,-29655.99,0.0,8739.59,951799.33,951799.33,361743.85,HOTEL SOLANA DEL TER RIPOLL SL_resum
2017-01-01,607877.87,128186.07,129296.04,63016.11,43074.63,287062.01,101805.85,42590.78,40937.17,37412.84,78350.01,79810.0,-5785.29,76129.5,296662.44,0.0,34562.89,34562.89,800753.66,712.49,807116.58,0.0,0.0,799087.54,94.44,798993.1,287062.01,12.0,-145042.12,0.0,6895.26,13113.39,482641.73,0.0,14384.29,607877.87,244376.21,0.0,2849.9500000000003,2137.46,37412.84,520054.57,2137.46,-34562.89,0.0,6895.26,928383.58,928383.58,375012.45,HOTEL SOLANA DEL TER RIPOLL SL_resum
2018-01-01,593081.02,128399.66,112603.24,63016.11,52584.71,325176.08,67948.61,34782.25,48540.350000000006,33592.9,82133.25,71460.0,-22157.41,80173.86,321881.15,0.0,28261.89,28261.89,861869.31,1348.12,868359.58,0.0,61.47,772976.97,106729.62666666666,772976.97,325176.08,12.0,-139169.099,0.0,6360.99,17157.75,509590.6,0.0,15977.06,593081.02,212325.33,0.0,5392.48,4044.359,33592.9,543183.5,4044.359,-28200.42,0.0,6360.99,885580.21,885580.21,404075.87,HOTEL SOLANA DEL TER RIPOLL SL_resum
2019-01-01,607236.19,113858.18,128594.75,63016.11,54097.18,300565.74,59186.850000000006,46605.73,49525.01,33095.21,82620.22,76690.0,9437.55,84746.03,388094.39,0.0,27017.26,27017.26,878386.2,1524.06,886120.8300000001,0.0,18.28,757639.9,213364.81333333332,757639.9,300565.74,13.0,-114840.48,0.0,5299.02,21729.92,552459.88,0.0,21207.4,607236.19,194252.43,0.0,6096.23,4572.17,33095.21,585555.09,4572.17,-26998.980000000003,0.0,5299.02,886234.65,886234.65,470732.89,HOTEL SOLANA DEL TER RIPOLL SL_resum
2020-01-01,970064.15,61213.11,93366.08,63016.11,-7561.0,115259.94,63080.26,3104.72,22245.59,-1004.18,21241.41,73950.0,15841.61,54939.44,258497.49,0.0,28842.8,28842.8,472302.08,1524.06,484112.85,0.0,40.39,1072176.49,320000.0,752176.49,115259.94,6.0,-89114.01,0.0,16311.36,-8076.67,369857.09,0.0,16245.61,970064.15,140538.97999999998,0.0,-29806.59,-29806.59,-1004.18,368852.91,-29806.59,-28802.41,0.0,16311.36,1165542.57,1165542.57,279779.29000000004,HOTEL SOLANA DEL TER RIPOLL SL_resum
2021-01-01,916347.29,77206.25,77430.75,63016.11,37002.43,301409.3,66109.90999999999,5689.53,22212.53,45729.59,67942.12000000001,69410.0,-2106.72,69729.34,288652.6,0.0,31227.63,31227.63,714629.4,1524.06,781742.03,0.0,287.94,1074054.54,320000.0,754054.54,301409.3,6.0,-123738.01,0.0,2331.22,6713.229,434603.139,0.0,22092.5,916347.29,165408.66,0.0,14789.9,14789.9,45729.59,480332.73,14789.9,-30939.69,0.0,2331.22,1151485.29,1151485.29,356882.66,HOTEL SOLANA DEL TER RIPOLL SL_resum
2022-01-01,789376.25,160821.99,112236.96,63016.11,20692.39,374330.53,130178.45,38045.56,17291.9,38594.92,55886.82,69775.0,-53001.429,73129.83,380251.97,0.0,35197.96,35197.96,962659.74,1524.06,975543.24,0.0,3.53,1071340.6,320000.0,751340.6,374330.53,6.0,-165073.91999999998,0.0,4416.4,10113.72,562617.7899999999,0.0,30071.04,789376.25,321071.48000000004,0.0,3400.49,3400.49,38594.92,601212.71,3400.49,-35194.43,0.0,4416.4,1183577.56,1183577.56,436142.32,HOTEL SOLANA DEL TER RIPOLL SL_resum
2023-01-01,811140.8200000001,166065.16,158724.52,63016.11,24339.41,364900.87,138114.14,62022.68,16831.58,42674.6,59506.18,69425.0,-34617.48,80637.66,404918.43000000005,0.0,36170.78999999999,36170.78999999999,971359.25,1524.06,979937.73,0.0,1004.02,1066218.58,320000.0,746218.58,364900.87,6.0,-150612.25,0.0,27276.84,17621.55,572362.259,0.0,28985.32,811140.8200000001,333164.62,0.0,7507.83,7507.83,42674.6,615036.8600000001,7507.83,-35166.77,0.0,8160.37,1224943.1,1224943.1,465428.63,HOTEL SOLANA DEL TER RIPOLL SL_resum
