Año,Acreedores a L. P.,Acreedores comerciales,Activo circulante,Capital suscrito,Cash flow,Consumo de mercaderías y de materias,Deudas financieras,Deudores,Dotaciones para amortiz. de inmovil.,EBIT,EBITDA,Existencias,Fondo de maniobra,Fondos propios,Gastos de personal,Gastos extraordinarios,Gastos financieros,Gastos financieros y gastos asimilados,Importe neto Cifra de Ventas,Impuestos sobre sociedades,Ingresos de explotación,Ingresos extraordinarios,Ingresos financieros,Inmovilizado,Inmovilizado inmaterial,Inmovilizado material,Materiales,Número empleados,Otros Conceptos de Explotación,Otros activos fijos,Otros activos líquidos,Otros fondos propios,Otros gastos de explotación,Otros pasivos fijos,Otros pasivos líquidos,Pasivo fijo,Pasivo líquido,Provisiones,Result. ordinarios antes Impuestos,Resultado Actividades Ordinarias,Resultado Explotación,Resultado bruto,Resultado del Ejercicio,Resultado financiero,Resultados actividades extraordinarias,Tesorería,Total activo,Total pasivo y capital propio,Valor agregado,Empresa
1999-01-01,78571.35,303434.73000000004,72724.05,6010.120000000001,26789.469,852993.881,0.0,44165.51,1153.94,36652.9,37806.84,1372.8,45538.310000000005,47354.54,121585.53,0.0,30.73,30.73,305137.76,10986.66,305137.76,0.0,0.02,1971.32,0.0,1971.32,127525.69,9.0,-214939.13,0.0,27185.739,41344.42,448356.04,0.0,27340.83,78571.35,27340.83,0.0,36622.19,25635.53,36652.9,480931.319,25635.53,-30.71,0.0,27185.74,74695.36,74695.36,159392.38999999998,IMAR-SANT HILARI SL_resum
2000-01-01,78571.35,303434.73000000004,105123.35,6010.120000000001,19519.17,852993.881,0.0,100620.81,1652.99,26126.76,27779.75,1483.56,102104.37,65220.72,155590.73,0.0,603.64,603.64,510726.17,7656.94,510726.17,0.0,339.715,4754.3,0.0,4754.3,306574.17,11.0,-214939.13,0.0,3018.98,59210.6,448356.04,0.0,44656.92,78571.35,44656.92,0.0,25523.12,17866.18,26126.76,480931.319,17866.18,-603.64,0.0,3018.9700000000003,109877.65,109877.65,183370.48,IMAR-SANT HILARI SL_resum
2001-01-01,78571.35,303434.73000000004,141493.26,6010.120000000001,18930.57,852993.881,0.0,131098.91999999998,1858.4,30199.07,32057.47,1384.58,132483.5,82292.89,173669.22,0.0,6618.150000000001,6618.150000000001,474486.41,7188.160000000001,474486.41,0.0,679.41,11911.08,0.0,11911.08,243230.25,10.0,-214939.13,0.0,9009.76,76282.77,448356.04,0.0,71111.45,78571.35,71111.45,0.0,24260.33,17072.17,30199.07,480931.319,17072.17,-5938.74,0.0,9009.76,153404.34,153404.34,206406.099,IMAR-SANT HILARI SL_resum
2002-01-01,78571.35,303434.73000000004,292242.48000000004,6010.120000000001,47382.09,852993.881,0.0,259179.77,2017.67,65877.759,67895.429,1156.47,260336.24,127657.29,147915.87,0.0,1086.48,1086.48,611697.2799999999,19441.9,611697.2799999999,0.0,15.04,9893.41,0.0,9893.41,364642.1,9.0,-214939.13,0.0,31906.24,121647.17,448356.04,0.0,174478.6,78571.35,174478.6,0.0,64806.32,45364.42,65877.759,480931.319,45364.42,-1071.44,0.0,31906.24,302135.89,302135.89,215826.34,IMAR-SANT HILARI SL_resum
2003-01-01,78571.35,303434.73000000004,336564.99000000005,6010.120000000001,28299.239,852993.881,0.0,238803.14,2017.67,37536.25,39553.92,28402.31,267205.45,153938.86,128629.52,0.0,27.58,27.58,645432.1799999999,11263.53,645432.1799999999,0.0,36.43,7875.74,0.0,7875.74,431602.03,7.0,-214939.13,0.0,69359.539,147928.74000000002,448356.04,0.0,190501.87,78571.35,190501.87,0.0,37545.1,26281.57,37536.25,480931.319,26281.57,8.850000000000001,0.0,69359.54,344440.73000000004,344440.73000000004,168219.87,IMAR-SANT HILARI SL_resum
2004-01-01,78571.35,303434.73000000004,354561.03,6010.120000000001,42043.77,852993.881,0.0,186939.59,2017.67,57095.12,59112.78999999999,27021.87,213961.46,193964.96,148974.9,0.0,681.8100000000001,681.8100000000001,761912.11,17154.04,761912.11,0.0,85.02,5858.07,0.0,5858.07,512277.98,8.0,-214939.13,0.0,140599.57,187954.84,448356.04,0.0,166454.14,78571.35,166454.14,0.0,57180.14,40026.1,57095.12,480931.319,40026.1,85.02,0.0,140599.57,360419.1,360419.1,208172.71,IMAR-SANT HILARI SL_resum
2005-01-01,78571.35,303434.73000000004,593276.3400000001,6010.120000000001,61238.69,852993.881,0.0,370114.45,25294.06,52280.59,77574.65000000001,21950.12,392064.57,229909.59,153594.3,0.0,1336.04,1336.04,1020971.53,15404.84,1020971.53,256.5,148.42000000000002,74221.72,0.0,74221.72,732084.7699999999,8.0,-214939.13,0.0,201211.769,223899.47,448356.04,0.0,359017.12,78571.35,359017.12,0.0,51092.97,35688.13,52280.59,480931.319,35944.63,-1187.62,256.5,201211.77,667498.06,667498.06,231573.87,IMAR-SANT HILARI SL_resum
2006-01-01,64285.65,303434.73000000004,757221.52,6010.120000000001,51659.159,852993.881,0.0,509028.16,17843.920000000002,50154.59,67998.51,177181.37,686209.53,263724.83,305318.62,0.0,2659.36,2659.36,1238801.0,14492.240000000002,1244363.0,0.0,812.25,130111.45,0.0,130111.45,806069.7799999999,13.0,-214939.13,0.0,71011.98999999999,257714.71,448356.04,0.0,559322.49,64285.65,559322.49,0.0,48307.48,33815.24,50154.59,480931.319,33815.24,-1847.11,0.0,71011.98999999999,887332.97,887332.97,374129.379,IMAR-SANT HILARI SL_resum
2007-01-01,49999.95,303434.73000000004,856649.11,6010.120000000001,68374.42,852993.881,0.0,570223.6,30139.13,53422.58,83561.70999999999,168061.96,738285.559,301960.12,435544.27,0.0,3124.9300000000003,3124.9300000000003,1810219.75,12745.09,1820728.27,0.0,682.73,127446.98,0.0,127340.42,1202593.6,18.0,-214939.13,106.559,118363.55,295950.0,448356.04,0.0,632136.02,49999.95,632136.02,0.0,50980.380000000005,38235.289,53422.58,480931.319,38235.28999999999,-2442.2,0.0,118363.55,984096.09,984096.09,519788.71,IMAR-SANT HILARI SL_resum
2008-01-01,110911.48,303434.73000000004,645277.8500000001,6010.120000000001,62489.92,852993.881,17361.52,529206.13,39665.77,32575.28,72241.049,33136.76899999999,258908.169,324784.27,408690.27,0.0,3981.44,3981.44,1260537.78,7608.05,1333925.2,0.0,1838.36,136398.26,0.0,116291.7,886130.65,18.0,-214939.13,20106.56,82934.95,318774.15,448356.04,0.0,25184.11,110911.48,345980.36,0.0,30432.2,22824.15,32575.28,480931.319,22824.15,-2143.08,0.0,82934.95,781676.11,781676.11,482769.68,IMAR-SANT HILARI SL_resum
2009-01-01,90798.64,306526.16,767755.75,6010.120000000001,57313.259,145680.539,14285.8,406116.69,40999.17,22604.26,63603.429,206318.44,305908.97000000003,340876.02,319328.42000000004,0.0,2433.75,2433.75,743006.08,5438.03,743551.519,0.0,1581.61,95399.09,0.0,75292.53,351998.98000000004,13.0,-214939.13,20106.56,155320.62,334865.9,575266.72,77732.23,32935.989,168530.87,353747.95,0.0,21752.12,16314.09,22604.26,597870.98,16314.09,-852.14,0.0,155320.62,863154.8400000001,863154.8400000001,384513.459,IMAR-SANT HILARI SL_resum
2010-01-01,67975.31,283316.64,678145.3,6010.120000000001,33988.71,409171.07,14285.8,278632.53,31025.63,3580.3300000000004,34605.96,228414.56,223730.45,343839.1,289071.94,0.0,588.14,588.14,770582.9600000001,987.69,785860.2,0.0,958.58,64373.46,0.0,44266.9,637585.63,11.0,-53011.23,20106.56,171098.21000000002,337828.98000000004,373108.8,0.0,33101.91,67975.31,330704.35,0.0,3950.77,2963.08,3580.3300000000004,376689.13,2963.08,370.44,0.0,171098.21000000002,742518.76,742518.76,324636.48000000004,IMAR-SANT HILARI SL_resum
2011-01-01,65794.369,200661.25,561588.13,6010.120000000001,29396.42,421689.02,0.0,192224.75,25263.83,5296.150000000001,30559.980000000003,241364.77,232928.27,347971.69,282391.1,0.0,306.85,306.85,773740.2,1377.53,773740.2,0.0,520.8199999999999,70409.63,0.0,50303.07,663053.7899999999,10.0,-39100.1,20106.56,127998.61,341961.57,346755.02900000004,0.0,17570.45,65794.369,218231.7,0.0,5510.120000000001,4132.59,5296.150000000001,352051.179,4132.59,213.97,0.0,127998.61,631997.76,631997.76,313471.89900000003,IMAR-SANT HILARI SL_resum
2012-01-01,58651.59,180978.35,558554.74,6010.120000000001,25056.7,407633.79,0.0,151646.24000000002,20743.0,2801.62,23544.62,244147.52,214815.41,352285.39,259252.2,0.0,78.51,78.51,728092.11,1437.9,728092.11,0.0,3028.49,49666.63,0.0,29560.07,651781.31,10.0,-37661.5,20106.56,162760.97999999998,346275.27,317656.7,0.0,16306.04,58651.59,197284.39,0.0,5751.6,4313.7,2801.62,320458.319,4313.7,2949.9790000000003,0.0,162760.97999999998,608221.37,608221.37,285825.31,IMAR-SANT HILARI SL_resum
2013-01-01,58651.59,241128.11,627740.59,6010.120000000001,9018.75,458043.01,0.0,213867.31,4520.04,1815.8,6335.84,250393.11,223132.31,356784.1,276331.79000000004,0.0,0.0,63.066,782691.25,1499.57,782691.25,0.0,4182.478999999999,46706.68,0.0,26600.12,708436.12,11.0,-41980.61,20106.56,163480.17,350773.98000000004,322832.4390000001,0.0,17883.47,58651.59,259011.58,0.0,5998.28,4498.71,1815.8,324648.24,4498.71,4182.478999999999,0.0,163480.17,674447.2699999999,674447.2699999999,286850.11,IMAR-SANT HILARI SL_resum
2014-01-01,58651.59,196100.74,583599.37,6010.120000000001,8640.06,694258.7989999999,0.0,259155.21,3388.5,5008.57,8397.07,240533.04,303587.51,362035.66,277476.42000000004,0.0,0.0,47.62200000000001,1018353.98,1750.52,1018353.98,0.0,1993.51,49458.11,0.0,29351.55,934791.84,11.0,-38221.69,20106.56,83911.12000000001,356025.54,319086.61,0.0,16269.49,58651.59,212370.23,0.0,7002.08,5251.559,5008.57,324095.18,5251.559,1993.51,0.0,83911.12000000001,633057.48,633057.48,287867.0,IMAR-SANT HILARI SL_resum
2015-01-01,58651.59,200027.35,605763.24,6010.120000000001,10976.67,664408.919,0.0,344791.65,4252.0,8966.230000000001,13218.23,222429.04,367193.34,368760.33,301911.4,0.0,0.0,32.17800000000001,1023048.55,2241.56,1023048.55,0.0,0.0,45206.11,0.0,25099.55,886837.9600000001,11.0,-43510.0,20106.56,38542.55,362750.209,349673.4,0.0,23530.08,58651.59,223557.43,0.0,8966.230000000001,6724.67,8966.230000000001,358639.63,6724.67,0.0,0.0,38542.55,650969.3500000001,650969.3500000001,315129.63,IMAR-SANT HILARI SL_resum
2016-01-01,58651.59,56430.92,476905.51,6010.120000000001,12483.099,747507.26,0.0,340581.19,4252.0,10974.8,15226.8,104723.48,388873.75,376991.43000000005,376484.47,0.0,0.0,16.73400000000001,1222703.6700000002,2743.7,1222703.6700000002,0.0,0.0,58053.28,1617.1699999999998,36329.55,852230.74,15.0,-83485.14,20106.56,31600.84,370981.31,464221.61,0.0,42884.850000000006,58651.59,99315.77,0.0,10974.8,8231.099,10974.8,475196.409,8231.099,0.0,0.0,31600.84,534958.7899999999,534958.7899999999,391711.269,IMAR-SANT HILARI SL_resum
2017-01-01,58651.59,75885.9,502921.31,6010.120000000001,17568.19,623611.13,0.0,334098.6,8491.03,12097.4,20588.43,92049.13,350261.829,386068.59,371108.39,0.0,1.29,1.29,1095261.24,3025.72,1095261.24,0.0,6.7700000000000005,52613.09,1180.2,31326.33,715660.26,14.0,-79953.29,20106.56,76773.58,380058.47,459552.71,0.0,34928.32,58651.59,110814.22,0.0,12102.88,9077.16,12097.4,471650.11,9077.16,5.479000000000001,0.0,76773.58,555534.4,555534.4,391703.59,IMAR-SANT HILARI SL_resum
2018-01-01,58651.59,109056.37,536381.3600000001,6010.120000000001,18473.480000000003,582597.809,0.0,390871.69,8377.49,13617.57,21995.059,89948.63,371763.95,396164.58,377441.2,0.0,163.35000000000002,163.35000000000002,1093715.48,3365.3300000000004,1093715.48,0.0,7.1,57855.7,856.7700000000001,36892.37,672546.4400000001,15.0,-111681.41,20106.56,55561.04,390154.459,497500.1,0.0,30364.52,58651.59,139420.88999999998,0.0,13461.32,10095.99,13617.57,511117.669,10095.99,-156.25,0.0,55561.04,594237.06,594237.06,399443.36,IMAR-SANT HILARI SL_resum
2019-01-01,58651.59,40975.78999999999,526397.47,6010.120000000001,21853.34,671500.73,0.0,378849.55,10657.54,15174.34,25831.88,71099.7,408973.46,407360.38,403549.78,0.0,246.6,240.72,1213637.86,3731.94,1213637.86,0.0,0.0,47958.14,533.3399999999999,27318.24,742600.43,15.0,-112755.47,20106.56,76448.22,401350.26,526962.7899999999,0.0,67367.85,58651.59,108343.64,0.0,14927.740000000002,11195.8,15174.34,542137.13,11195.8,-246.6,0.0,76448.22,574355.61,574355.61,429375.779,IMAR-SANT HILARI SL_resum
2020-01-01,258651.52,24108.24,520278.98,6010.120000000001,-41904.689,566963.0,0.0,370502.16,10824.19,-67692.26,-56868.069,46591.77,392985.69,354631.57,329420.6,0.0,2614.21,2614.21,945888.05,-17576.3,945888.05,0.0,1.29,132856.9,209.91,16984.129999999997,651201.07,16.0,-106372.519,115662.86,103185.05,348621.45,446617.31,0.0,15744.55,258651.52,39852.78999999999,0.0,-70305.18000000001,-52728.879,-67692.26,378925.05,-52728.879,-2612.92,0.0,103185.05,653135.88,653135.88,272553.82,IMAR-SANT HILARI SL_resum
2021-01-01,258651.52,47519.23,522661.56,6010.120000000001,14090.91,430433.72,0.0,321164.73000000004,8115.95,11036.8,19152.75,133706.35899999997,407351.859,360606.53,345917.53,0.0,3138.26,3138.21,885180.6699999999,1991.66,895180.6699999999,0.0,68.08,167698.78,0.04,9078.05,564140.08,14.0,-99676.67,158620.69,67790.47,354596.41000000003,453710.15,0.0,23583.06,258651.52,71102.29,0.0,7966.620000000001,5974.96,11036.8,464746.949,5974.96,-3070.18,0.0,67790.47,690360.3400000001,690360.3400000001,365138.31,IMAR-SANT HILARI SL_resum
2022-01-01,237307.19,230441.78,700633.3200000001,6010.0,13448.98,844822.22,0.0,447999.32,3607.59,16051.77,19659.36,94557.4,312114.9390000001,370447.92,380745.66,0.0,2944.94,2944.94,1331456.6,3280.4700000000003,1331456.6,0.0,15.03,164457.31999999998,0.04,9117.06,939379.62,13.0,-86229.36,155340.22,158076.6,364437.92,470582.61,0.0,26893.75,237307.19,257335.53,0.0,13121.86,9841.39,16051.77,486634.38,9841.39,-2929.9100000000003,0.0,158076.6,865090.64,865090.64,400420.05,IMAR-SANT HILARI SL_resum
2023-01-01,204888.07,286724.14,783127.2799999999,6010.0,15866.67,1044136.03,0.0,602845.3200000001,3297.86,19367.06,22664.92,84033.08,400154.259,383016.73,554702.15,0.0,2610.8900000000003,2610.8900000000003,1719845.42,4189.6,1719845.42,0.0,2.24,162331.66,0.04,11181.0,1128169.11,20.0,-98342.32,151150.62,96248.88,377006.73,656342.3300000001,0.0,70830.0,204888.07,357554.14,0.0,16758.41,12568.81,19367.06,675709.389,12568.81,-2608.65,0.0,96248.88,945458.94,945458.94,577369.31,IMAR-SANT HILARI SL_resum
