Año,Acreedores a L. P.,Acreedores comerciales,Activo circulante,Capital suscrito,Cash flow,Consumo de mercaderías y de materias,Deudas financieras,Deudores,Dotaciones para amortiz. de inmovil.,EBIT,EBITDA,Existencias,Fondo de maniobra,Fondos propios,Gastos de personal,Gastos extraordinarios,Gastos financieros,Gastos financieros y gastos asimilados,Importe neto Cifra de Ventas,Impuestos sobre sociedades,Ingresos de explotación,Ingresos extraordinarios,Ingresos financieros,Inmovilizado,Inmovilizado inmaterial,Inmovilizado material,Materiales,Número empleados,Otros Conceptos de Explotación,Otros activos fijos,Otros activos líquidos,Otros fondos propios,Otros gastos de explotación,Otros pasivos fijos,Otros pasivos líquidos,Pasivo fijo,Pasivo líquido,Provisiones,Result. ordinarios antes Impuestos,Resultado Actividades Ordinarias,Resultado Explotación,Resultado bruto,Resultado del Ejercicio,Resultado financiero,Resultados actividades extraordinarias,Tesorería,Total activo,Total pasivo y capital propio,Valor agregado,Empresa
1999-01-01,144561.61000000002,80122.14,99092.41,27045.54,6906.83,582545.19,14688.89,89171.38,3955.89,8016.52,11972.41,9080.39,98251.77,30861.4,88963.43,0.0,3811.34,3811.34,422500.46,1264.6899999999998,422575.26,0.0,10.45,53750.3,821.93,52928.380000000005,282573.58,6.0,-179494.76,-0.009,840.639,3815.86,597083.65,0.0,121981.31,144561.61000000002,121981.31,0.0,4215.63,2950.94,8016.52,662618.98,2950.94,-3800.89,0.0,583.47,152842.72,152842.72,100946.29,INFORMATICS M I B RIPOLL SL_resum
2000-01-01,144561.61000000002,80122.14,114693.22,27045.54,18876.88,582545.19,14688.89,88690.13,12466.17,16646.71,29112.879,10339.75,99029.88,37272.11,99603.69,0.0,7490.4,7490.4,491083.7,2747.44,491083.7,0.0,1.84,159957.78,943.73,159014.05,306604.59,8.0,-179494.76,0.0,15663.339,10226.57,597083.65,0.0,92817.28,144561.61000000002,92817.28,0.0,9158.15,6410.709,16646.71,662618.98,6410.71,-7488.56,0.0,15663.34,274651.0,274651.0,128718.409,INFORMATICS M I B RIPOLL SL_resum
2001-01-01,148195.02,80122.14,121613.63,45075.91,28444.08,582545.19,14688.89,97802.87,21732.07,20083.9,41815.97,21328.03,119130.9,62014.48,147811.49,0.0,13630.41,13630.41,563184.3400000001,2876.58,564034.24,3117.72,17.37,194581.89,546.03,194035.87,302170.93000000005,10.0,-179494.76,-0.009,2482.73,16938.57,597083.65,0.0,105986.03,148195.02,105986.03,0.0,6470.860000000001,3594.279,20083.9,662618.98,6712.01,-13613.04,3117.72,2482.74,316195.53,316195.53,192762.56,INFORMATICS M I B RIPOLL SL_resum
2002-01-01,191258.73,80122.14,134561.71000000002,45075.91,18065.22,582545.19,14688.89,96178.85,13804.61,18474.58,32279.19,34382.15,130561.0,66275.09,170710.65,0.0,14545.31,14545.31,567145.92,1825.98,567201.69,2002.84,154.48000000000002,215316.83,207.8,215109.03,309617.34,9.0,-179494.76,0.0,4000.709,21199.179,597083.65,0.0,92344.72,191258.73,92344.72,0.0,4083.75,2257.77,18474.58,662618.98,4260.610000000001,-14390.83,2002.84,4000.71,349878.54,349878.54,205147.159,INFORMATICS M I B RIPOLL SL_resum
2003-01-01,206509.55,80122.14,164517.43,45075.91,26825.16,582545.19,14688.89,143401.84999999998,19946.69,22389.39,42336.08,19158.92,162560.77000000002,73153.56,200361.35,0.0,14384.49,14384.49,690469.3500000001,2947.9100000000003,690469.3500000001,1774.76,46.720000000000006,209344.95,103.89,209241.06,380707.39,9.0,-179494.76,0.0,1956.66,28077.649,597083.65,0.0,94199.27,206509.55,94199.27,0.0,8051.620000000001,5103.71,22389.39,662618.98,6878.469999999999,-14337.77,1774.76,1956.66,373862.38,373862.38,244518.91,INFORMATICS M I B RIPOLL SL_resum
2004-01-01,190871.81,80122.14,279687.77,69116.39,39706.42,582545.19,14688.89,198138.16,21995.72,37564.850000000006,59560.57,67520.19,265658.349,114904.74,241591.88,0.0,12437.85,12437.85,900078.8400000001,7590.3,900078.8400000001,174.0,75.075,203627.78,18083.09,203627.78,520037.19,10.0,-179494.76,0.0,14029.42,45788.350000000006,597083.65,0.0,177539.0,190871.81,177539.0,0.0,25127.0,17536.7,37564.850000000006,662618.98,17710.7,-12437.85,174.0,14029.42,483315.55,483315.55,301326.449,INFORMATICS M I B RIPOLL SL_resum
2005-01-01,372421.86,80122.14,274317.73000000004,69116.39,42029.11,582545.19,14688.89,224646.17,21544.73,31979.81,53524.54,33289.059,257935.229,135389.12,305620.32,0.0,6976.320000000001,6976.320000000001,964270.77,8779.02,970894.25,4156.478999999999,103.43,369382.57,36062.29,369382.57,514779.28,11.0,-179494.76,0.0,16382.5,66272.729,597083.65,0.0,135889.31999999998,372421.86,135889.31999999998,0.0,25106.92,16327.899,31979.81,662618.98,20484.38,-6872.89,4156.478999999999,16382.5,643700.3,643700.3,363404.77,INFORMATICS M I B RIPOLL SL_resum
2006-01-01,343890.79000000004,80122.14,314430.88,69116.39,44001.1,582545.19,14688.89,250887.09,24920.14,41786.57,66706.709,62221.32,313108.41000000003,154470.08,309825.41000000003,0.0,14528.05,14528.05,948802.17,8177.56,948802.17,0.0,88.82000000000001,360738.69,54041.490000000005,360738.69,487747.28,10.0,-179494.76,0.0,1322.47,85353.68900000001,597083.65,0.0,176808.7,343890.79000000004,176808.7,0.0,27258.52,19080.960000000003,41786.57,662618.98,19080.960000000003,-14528.05,0.0,1322.47,675169.57,675169.57,376532.12,INFORMATICS M I B RIPOLL SL_resum
2007-01-01,370577.5,80122.14,368400.449,69116.39,32608.679,582545.19,14688.89,325099.01,30690.42,43549.08,74239.5,34804.28,359903.29000000004,156388.34,361087.62,22551.57,20884.81,20884.81,1135445.51,8539.26,1135445.51,10344.82,74.21000000000001,389410.36,72020.69,317389.67,585502.09,12.0,-179494.76,0.0,8497.159,87271.95,597083.65,0.0,230844.97,370577.5,230844.97,0.0,22664.27,14125.01,43549.08,662618.98,1918.26,-20884.81,-12206.75,24991.405,757810.81,757810.81,423120.37,INFORMATICS M I B RIPOLL SL_resum
2008-01-01,328896.47000000003,80122.14,313550.77,69116.39,62624.33,582545.19,14688.89,223241.62,31066.12,65535.33,96601.45,40825.09,183944.569,187946.55,386522.77,0.0,23517.32,23517.32,1234364.1700000002,10519.4,1245164.1700000002,0.0,59.6,371240.23,68539.47,185320.79,582545.19,13.0,-179494.76,185919.44,49484.06,118830.16,597083.65,0.0,73136.95,328896.47000000003,167947.97999999998,0.0,42077.61,31558.21,65535.33,662618.98,31558.21,-23457.72,0.0,48660.34,684791.0,684791.0,483183.82,INFORMATICS M I B RIPOLL SL_resum
2009-01-01,325000.32,75328.1,314040.24,69116.39,44595.67,351449.3,15757.55,207570.19,29718.51,36312.47,66030.979,77236.17000000001,209478.259,202823.71,380324.01,0.0,16476.258,16476.258,892030.2799999999,4959.05,904229.47,0.0,0.0,364813.1,65058.25,185023.98,351449.3,12.0,-106425.18,179789.12,29233.879,133707.31999999998,516467.7,0.0,59943.66,325000.32,151029.31,0.0,19836.21,14877.16,36312.47,552780.169,14877.16,-16476.258,0.0,27536.92,678853.3400000001,678853.3400000001,446354.988,INFORMATICS M I B RIPOLL SL_resum
2010-01-01,273277.35,62944.880000000005,339490.62,69116.39,41154.4,436945.38,53384.84,196215.35,29333.58,28603.25,57936.83,140294.59,273565.06,214644.53,421700.03,0.0,13270.45,13270.45,1017484.0,3940.27,1028435.2,0.0,428.29,338432.66,61577.03,164773.86,436945.38,13.0,-111852.96,173658.8,2980.68,145528.14,562886.57,0.0,73671.68000000001,273277.35,190001.4,0.0,15761.09,11820.82,28603.25,591489.8200000001,11820.82,-12842.16,0.0,2980.68,677923.2799999999,677923.2799999999,480065.15,INFORMATICS M I B RIPOLL SL_resum
2011-01-01,289421.42000000004,34979.77,342651.54,69116.39,32814.11,360035.65,61082.02,175593.13,22177.76,31159.32,53337.08,165936.64,306550.0,225280.88,415017.38,0.0,16977.52,16977.52,905861.26,3545.4500000000003,918233.7,0.0,0.0,337687.01,58095.81,164028.21000000002,360035.65,12.0,-89843.59,173658.8,1121.77,156164.49,527038.73,0.0,69574.45999999999,289421.42000000004,165636.25,0.0,14181.8,10636.349,31159.32,558198.049,10636.349,-16977.52,0.0,1121.77,680338.55,680338.55,468354.46,INFORMATICS M I B RIPOLL SL_resum
2012-01-01,300861.72000000003,60779.71,367026.65,69116.39,10183.75,268634.69,53592.56,116774.45,9135.67,26264.82,35400.49,235807.74,291802.48000000004,226328.96,354078.48000000004,0.0,24867.38,24867.38,721186.7799999999,349.36,732141.66,0.0,0.0,331347.19,54614.59,157317.38999999998,268634.69,11.0,-74028.0,174029.8,14444.46,157212.569,437242.149,0.0,56810.89,300861.72000000003,171183.16,0.0,1397.44,1048.079,26264.82,463506.97,1048.079,-24867.38,0.0,14444.46,698373.8400000001,698373.8400000001,389478.97,INFORMATICS M I B RIPOLL SL_resum
2013-01-01,274113.52,78773.0,373671.67,69116.39,11938.119,422256.89,52046.969,118156.58,9814.75,29789.52,39604.27,254111.31,293494.89,228452.33,323060.15,0.0,26958.36,26958.36,852632.54,707.7900000000001,867509.2699999999,0.0,0.0,321532.44,51133.37,147502.64,422256.89,10.0,-82587.95999999999,174029.8,1403.78,159335.94,415462.86,0.0,61818.28999999999,274113.52,192638.26,0.0,2831.16,2123.3700000000003,29789.52,445252.38,2123.3700000000003,-26958.36,0.0,1403.78,695204.11,695204.11,362664.42,INFORMATICS M I B RIPOLL SL_resum
2014-01-01,244379.57,122840.88,416992.63,69116.39,34798.649,428917.0,39989.979,161150.57,23114.12,38975.19,62089.310000000005,255316.37,293626.06,240136.86,328956.29000000004,0.0,23395.81,23395.81,889666.26,3894.85,899866.26,0.0,0.0,347394.44,47652.15,131842.81,428917.0,10.0,-79903.66,167899.47999999998,525.69,171020.47,431974.069,0.0,117039.78,244379.57,279870.64,0.0,15579.38,11684.529,38975.19,470949.26,11684.529,-23395.81,0.0,525.69,764387.07,764387.07,391045.6,INFORMATICS M I B RIPOLL SL_resum
2015-01-01,315415.93000000005,88850.48999999999,435739.2,69116.39,39774.3,621685.26,15610.33,220833.75,19645.64,44690.8,64336.44,185310.41,317293.67,260265.52,352155.47000000003,0.0,17852.58,17852.58,1127524.08,6709.56,1141341.1700000002,0.0,0.0,336062.89,47652.15,126641.58,621685.26,11.0,-103164.0,161769.16,29595.04,191149.13,474965.11,0.0,91659.82,315415.93000000005,196120.64,0.0,26838.22,20128.66,44690.8,519655.91,20128.66,-17852.58,0.0,29595.04,771802.09,771802.09,416491.91,INFORMATICS M I B RIPOLL SL_resum
2016-01-01,285694.11,294773.92000000004,553247.2699999999,69116.39,35378.03,779014.03,9640.89,337303.11,18349.81,39452.49,57802.3,86349.35,128878.539,220293.84,434658.86,0.0,11019.91,11019.91,1421579.37,11412.86,1432948.41,0.0,8.5,356516.39,47652.15,152914.58,779014.03,12.0,-161473.22,155949.66,129594.81,151177.44999999998,614481.89,0.0,99360.9,285694.11,403775.71,0.0,28441.08,17028.22,39452.49,653934.38,17028.22,-11011.41,0.0,129594.81,909763.66,909763.66,492469.66,INFORMATICS M I B RIPOLL SL_resum
2017-01-01,345572.59,370960.7,689071.74,69116.39,52212.810000000005,786241.91,9919.25,331269.08,20667.51,76050.40999999999,96717.92,115443.79,75752.16900000001,251839.14,534323.75,0.0,28386.57,8633.42,1663531.33,16118.54,1675191.6900000002,0.0,0.0,449256.21,47652.15,251784.72,786241.91,11.0,-257908.11,149819.34,242358.87,182722.75,812899.37,0.0,160036.27000000002,345572.59,540916.22,0.0,47663.84,31545.299,76050.40999999999,888949.7799999999,31545.299,-28386.57,0.0,242358.87,1138327.95,1138327.95,611288.52,INFORMATICS M I B RIPOLL SL_resum
2018-01-01,279128.78,431381.12,777698.89,69116.38,90323.09,1194388.55,16227.59,426862.67,21423.64,103436.75,124860.39,115016.96,110498.51,320738.59,642749.3,0.0,11325.59,11317.32,2284343.47,23236.42,2296714.32,0.0,24.71,428124.3,47652.15,236491.4,1194388.55,13.0,-334716.08,143980.75,235819.26,251622.21,998889.02,0.0,158347.11000000002,279128.78,605955.8200000001,0.0,92135.87,68899.45,103436.75,1102325.77,68899.45,-11300.88,0.0,235819.26,1205823.1900000002,1205823.1900000002,767626.13,INFORMATICS M I B RIPOLL SL_resum
2019-01-01,239761.61,316266.98000000004,770440.74,69116.38,148916.64,1265973.36,10500.38,457406.65,20923.92,180411.21,201335.13,55950.37,197090.04,448731.31,772862.15,0.0,9754.25,9754.25,2569137.65,42664.24,2581388.05,0.0,0.0,436181.97,47652.15,250679.39,1265973.36,15.0,-341217.41000000003,137850.43,257083.72,379614.93000000005,1135003.48,0.0,191362.43,239761.61,518129.79,0.0,170656.96,127992.72,180411.21,1315414.6890000002,127992.72,-9754.25,0.0,253747.78,1206622.71,1206622.71,974197.28,INFORMATICS M I B RIPOLL SL_resum
2020-01-01,331034.91000000003,325268.35,1159122.56,69116.38,236872.61,1514452.36,10803.33,370076.25,23801.35,294395.18,318196.52900000004,34395.41,79203.31,661802.57,921251.08,0.0,10196.68,10194.1,3098063.82,71127.23999999999,3104877.88,0.0,0.0,413978.04,47652.15,233008.36,1514452.36,17.0,-350977.91000000003,133317.53,754650.9,592686.19,1296030.34,0.0,244191.44,331034.91000000003,580263.12,0.0,284198.5,213071.26,294395.18,1590425.519,213071.26,-10196.68,0.0,754650.9,1573100.6,1573100.6,1239445.03,INFORMATICS M I B RIPOLL SL_resum
2021-01-01,71321.62000000001,279452.18,1126315.3,69116.38,254913.08,1526742.73,10803.33,479169.75,23801.35,318221.44,342022.79000000004,59975.94,259693.509,892914.3,1122124.51,0.0,10140.82,10136.59,3366842.61,77037.23999999999,3373493.63,0.0,68.35,392729.65,47652.15,215337.33,1526742.73,19.0,-382603.6,129740.17,587169.61,823797.919,1528529.46,0.0,275356.85,71321.62000000001,554809.03,0.0,308148.97000000003,231111.729,318221.44,1846750.9,231111.729,-10072.47,0.0,587169.61,1519044.95,1519044.95,1464211.42,INFORMATICS M I B RIPOLL SL_resum
2022-01-01,45080.310000000005,351849.24,1832106.12,69116.38,444648.94,1468080.05,10803.33,628205.88,23651.41,564345.04,587996.4500000001,259205.73,535562.37,1313911.83,1256643.7,0.0,3059.99,3049.78,3708771.86,140332.51,3721953.199,0.0,44.99,369068.03,47652.15,197816.24,1468080.05,19.0,-409233.0,123599.64,944694.51,1244795.45,1689528.1090000002,0.0,490332.77,45080.310000000005,842182.01,0.0,561330.04,420997.53,564345.04,2253873.149,420997.53,-3015.0,0.0,944694.51,2201174.15,2201174.15,1844674.93,INFORMATICS M I B RIPOLL SL_resum
2023-01-01,45080.310000000005,349794.73000000004,1613215.55,69116.38,601375.71,2073724.93,10803.33,846664.2,9221.36,790486.8300000001,799708.19,217385.1,714254.57,765281.47,1589784.65,0.0,1581.78,1581.78,4577934.04,197384.78,4612618.04,0.0,634.08,26402.4,8290.76,12229.740000000002,2073724.93,25.0,-149400.27000000002,5881.9,549166.249,696165.09,1748406.279,0.0,524541.75,45080.310000000005,874336.48,0.0,789539.13,592154.3500000001,790486.8300000001,2538893.11,592154.3500000001,-947.699,0.0,406336.22,1639617.95,1639617.95,2390126.919,INFORMATICS M I B RIPOLL SL_resum
