Año,Acreedores a L. P.,Acreedores comerciales,Activo circulante,Capital suscrito,Cash flow,Consumo de mercaderías y de materias,Deudas financieras,Deudores,Dotaciones para amortiz. de inmovil.,EBIT,EBITDA,Existencias,Fondo de maniobra,Fondos propios,Gastos de personal,Gastos extraordinarios,Gastos financieros,Gastos financieros y gastos asimilados,Importe neto Cifra de Ventas,Impuestos sobre sociedades,Ingresos de explotación,Ingresos extraordinarios,Ingresos financieros,Inmovilizado,Inmovilizado inmaterial,Inmovilizado material,Materiales,Número empleados,Otros Conceptos de Explotación,Otros activos fijos,Otros activos líquidos,Otros fondos propios,Otros gastos de explotación,Otros pasivos fijos,Otros pasivos líquidos,Pasivo fijo,Pasivo líquido,Provisiones,Result. ordinarios antes Impuestos,Resultado Actividades Ordinarias,Resultado Explotación,Resultado bruto,Resultado del Ejercicio,Resultado financiero,Resultados actividades extraordinarias,Tesorería,Total activo,Total pasivo y capital propio,Valor agregado,Empresa
1999-01-01,1829153.76,1798596.64,1212717.14,168283.38999999998,375594.22,7997032.88,844514.08,1145082.81,313745.75,174712.52,488458.27,0.0,1145082.81,528105.88,439912.15,0.0,106570.58,106013.76,3240454.7800000003,33303.019,3377778.11,26783.629,225.93,2154485.2800000003,333826.75,1695882.33,1309034.77,59.0,-1089894.58,124776.199,67634.32900000001,359822.49000000005,2487535.69,5501.3,1009942.78,1829153.76,1009942.78,0.0,68367.87000000001,35064.850000000006,174712.52,2819507.8,61848.47,-106344.66,26783.629,16135.83,3367202.42,3367202.42,954823.149,J BAHI SA_resum
2000-01-01,1677430.64,1798596.64,1229691.45,168283.38999999998,434571.76,7997032.88,844514.08,1136794.27,354106.76,160271.99,514378.75,0.0,1136794.27,608570.88,525681.66,9547.4,118676.22,118676.22,3595481.89,20779.79,3595481.89,69196.42,3163.805,2134285.44,531700.47,1501481.49,1449280.2,59.0,-1089894.58,101103.479,92897.17900000002,440287.4900000001,2487535.69,5501.3,1077975.39,1677430.64,1077975.39,0.0,41595.77,20815.979,160271.99,2819507.8,80465.0,-118676.22,59649.02,43353.24,3363976.89,3363976.89,1099709.43,J BAHI SA_resum
2001-01-01,2350491.71,1798596.64,3021344.43,168283.38999999998,503157.9900000001,7997032.88,844514.08,2885141.38,398660.82,229950.11,628610.929,0.0,2885141.38,713068.05,561201.92,16096.56,154017.139,153762.4,6257532.88,30400.57,6257536.06,68959.65000000001,6101.68,2478789.55,967466.08,1435865.72,3813666.87,59.0,-1089894.58,75457.749,136203.05,544784.66,2487535.69,5501.3,2436574.22,2350491.71,2436574.22,0.0,82034.65000000001,51634.079,229950.11,2819507.8,104497.17,-147915.46,52863.09,40353.12,5500133.98,5500133.98,1248522.88,J BAHI SA_resum
2002-01-01,1574441.81,1798596.64,3223094.739,168283.38999999998,563160.98,7997032.88,844514.08,3131448.14,460245.28,189687.85,649933.13,0.0,1332851.5,815983.74,694585.4400000001,16750.68,180550.41,178984.7,8246487.71,42357.94,8246487.71,149217.94999999998,3668.93,2221488.16,737857.7899999999,1255324.49,5357722.159999999,59.0,-1089894.58,228305.88,91646.599,647700.3500000001,2487535.69,5501.3,411046.63,1574441.81,3054157.35,0.0,12806.37,-29551.57,189687.85,2819507.8,102915.7,-176881.47999999998,132467.27000000002,30006.89,5444582.9,5444582.9,1479089.059,J BAHI SA_resum
2003-01-01,1246580.29,2480807.99,4450900.63,168283.38999999998,631005.38,7997032.88,1643493.35,4038219.12,515504.68,400539.1,916043.78,0.0,1557411.13,931484.44,1166973.62,220972.96,145225.69,145225.69,9975839.12,62192.68,9975839.12,139019.96,4332.969,2272306.21,660977.41,1361996.78,5942868.26,72.0,-1089894.58,249332.019,412681.509,763201.049,2487535.69,5501.3,420840.77,1246580.29,4545142.109999999,0.0,259646.38,197453.7,400539.1,2819507.8,115500.7,-140892.72,-81953.0,361049.81,6723206.84,6723206.84,2005397.369,J BAHI SA_resum
2004-01-01,1274769.26,1569072.47,3639631.82,168283.38999999998,656272.12,7997032.88,1731928.22,3160226.97,525821.62,349906.31,875727.929,0.0,1591154.5,1061934.94,1279483.31,53925.01,122521.76,122521.76,8702558.19,70242.57,8702558.19,24721.82,2511.71,2426091.43,571402.88,1612182.53,3789446.82,85.0,-1089894.58,242506.02,479404.849,893651.549,2487535.69,5501.3,428018.359,1274769.26,3729019.05,0.0,229896.26,159653.69,349906.31,2819507.8,130450.5,-120010.05,-29203.19,441296.68,6065723.25,6065723.25,2128519.759,J BAHI SA_resum
2005-01-01,1221320.06,1252865.99,4105977.14,168283.38999999998,586434.6,7997032.88,2178757.26,3574882.57,491351.74,291993.71,783345.4500000001,0.0,2322016.58,1157017.8,1389352.27,103554.72,123627.56,123501.03,8213506.8,51198.46,8213506.8,69862.799,11607.09,1812454.97,512804.47,1234684.98,4270155.928,90.0,-1089894.58,64965.52,531094.57,988734.41,2487535.69,5501.3,108471.0,1221320.06,3540094.25,0.0,179973.24000000002,128774.78,291993.71,2819507.8,95082.86,-112020.47,-33691.920999999995,490914.27,5918432.109999999,5918432.109999999,2150486.36,J BAHI SA_resum
2006-01-01,1237890.83,1115125.22,3396091.139,168283.38999999998,593319.2,7997032.88,1414270.02,2591219.53,477057.9,208229.93,685287.8300000001,0.0,1476094.309,1273279.1,951579.72,161677.62,113986.33,113986.33,6749662.56,46245.01,6749662.56,229506.889,433.439,1875933.92,642769.47,1169186.93,3797605.41,43.0,-1089894.58,63977.52,804871.6089999999,1104995.71,2487535.69,5501.3,231459.889,1237890.83,2760855.13,0.0,94677.04,48432.029,208229.93,2819507.8,116261.3,-113552.89,67829.269,733062.37,5272025.06,5272025.06,1705130.26,J BAHI SA_resum
2007-01-01,1550016.12,2593665.98,4125490.1,168283.38999999998,665195.57,7997032.88,877571.55,3525308.16,500348.17,371471.84,871820.01,0.0,931642.18,1438126.5,928497.47,159200.86,119640.84,119640.84,10643950.739999998,46582.7,10643950.739999998,118503.14,296.82,2396698.13,1232592.21,1085133.3,7364564.609999999,36.0,-1089894.58,78972.619,600181.9400000001,1269843.1090000002,2487535.69,5501.3,62808.079,1550016.12,3534045.61,0.0,252127.82,205545.12,371471.84,2819507.8,164847.4,-119344.02,-40697.719,499079.57,6522188.23,6522188.23,1759916.579,J BAHI SA_resum
2008-01-01,1698853.78,1994377.33,3353577.42,168283.38999999998,654592.98,7997032.88,1729560.77,2898374.41,484140.77,331972.11,816112.88,0.0,903997.08,1608578.71,913500.34,0.0,126258.36,126258.36,10816540.68,44122.03,10816540.68,0.0,8860.49,4183357.41,9032.8,2529308.7,7997032.88,36.0,-1089894.58,1645015.91,455203.008,1440295.32,2487535.69,5501.3,500062.94,1704355.08,4224001.04,0.0,214574.24,170452.21000000002,331972.11,2819507.8,170452.21000000002,-117397.87,0.0,133246.97,7536934.83,7536934.83,1738473.71,J BAHI SA_resum
2009-01-01,1285213.62,1142923.15,3518552.99,168283.38999999998,613296.8300000001,6176775.59,1415135.7,2879121.44,500426.11,228182.44,728608.55,0.0,1736198.29,1721449.43,949000.29,0.0,100456.37,100265.72,8808339.78,47804.84,8831642.78,0.0,32949.489,2196778.6,4577.8,2143837.589,6176775.59,38.0,-977258.348,48363.21,639431.55,1553166.04,2426684.7490000003,5501.3,145108.38899999997,1290714.92,2703167.24,0.0,160675.56,112870.72,228182.44,2654867.189,112870.72,-67506.88100000001,0.0,25947.41,5715331.59,5715331.59,1710367.6800000002,J BAHI SA_resum
2010-01-01,1131785.98,1132251.1800000002,4009304.07,168283.38999999998,518294.74,6106988.57,1596819.079,3182422.71,407984.3,196054.26,604038.56,0.0,2050171.53,1831759.87,823523.43,0.0,34964.219999999994,22331.8,8506000.46,51106.19,8523850.46,0.0,326.59,1855335.81,122.8,1806849.8,6106988.57,38.0,-989299.9,48363.21,826881.3600000001,1663476.48,2220807.63,0.0,172023.77000000002,1131785.98,2901094.03,0.0,161416.63,110310.44,196054.26,2416861.89,110310.44,-34637.63,0.0,713980.2,5864639.88,5864639.88,1415256.16,J BAHI SA_resum
2011-01-01,851467.8600000001,1621502.82,3736931.06,168283.38999999998,446946.5,7207584.72,791829.3400000001,3434319.66,372809.45,169903.29,542712.74,0.0,1812816.84,1905896.92,821222.8300000001,0.0,59885.25,35368.1,9651419.34,35930.01,9651419.34,0.0,49.02,1543666.08,320.925,1482302.87,7207584.72,33.0,-1079899.05,61363.21,302611.4,1737613.53,2273931.33,0.0,109900.2,851467.8600000001,2523232.36,0.0,110067.06,74137.049,169903.29,2443834.62,74137.049,-59836.23,0.0,123000.72,5280597.14,5280597.14,1339467.44,J BAHI SA_resum
2012-01-01,479097.67,1798140.41,3857717.51,168283.38999999998,385073.62,6872932.85,738176.57,3163455.68,303981.91000000003,175100.97999999998,479082.89,0.0,1365315.27,1986988.63,558194.8600000001,0.0,60142.72,41425.880000000005,8857841.68,36595.18,8884351.68,0.0,2728.63,1243810.47,519.05,1182447.26,6872932.85,21.0,-974141.08,61363.21,694261.8300000001,1818705.24,1836317.849,0.0,99124.7,479097.67,2635441.68,0.0,117686.89,81091.709,175100.97999999998,2011418.83,81091.709,-57414.09,0.0,265718.07,5101527.98,5101527.98,1021289.539,J BAHI SA_resum
2013-01-01,438287.79,1634114.8,4437967.38,168283.38999999998,325967.36,7322135.18,916259.99,3515114.2800000003,236538.63,179452.14,415990.77,17521.88,1898521.359,2076417.36,399656.93000000005,0.0,56186.6,38041.53,9168708.23,33943.55,9178155.15,0.0,106.74,1067360.32,717.175,984708.63,7322135.18,15.0,-1040372.27,82651.69,905331.22,1908133.97,1676567.829,0.0,440247.76,438287.79,2990622.55,0.0,123372.28,89428.73,179452.14,1856019.97,89428.73,-56079.86,0.0,184368.65,5505327.7,5505327.7,797609.37,J BAHI SA_resum
2014-01-01,818738.8500000001,1531949.28,4819283.3,168283.38999999998,206279.04,7005944.24,653945.4500000001,3391201.88,127510.69,170512.64,298023.33,0.0,1859252.599,2155185.71,368794.6,0.0,58253.87,58154.94,8531929.43,33707.01,8531929.43,0.0,216.59,1100475.59,915.3,1006347.94,7005944.24,14.0,-859167.26,94127.65,1428081.42,1986902.32,1355472.549,0.0,759939.5989999999,818738.8500000001,2945834.33,0.0,112475.36,78768.35,170512.64,1525985.1890000002,78768.35,-58037.28,0.0,267801.52,5919758.89,5919758.89,666935.5889999999,J BAHI SA_resum
2015-01-01,423107.69,2151038.89,5558503.46,168283.38999999998,400836.319,7114714.42,395442.89,3329009.73,74622.9,465470.67,540093.57,0.0,1177970.8390000002,2481399.13,302142.36,0.0,35050.43,35050.43,8677913.77,104206.82,8677924.77,0.0,0.0,1071576.25,1113.425,980725.04,7114714.42,9.0,-720974.419,90851.209,2229493.73,2313115.74,1097739.6790000002,0.0,1179091.1090000002,423107.69,3725572.89,0.0,430420.24,326213.42000000004,465470.67,1563210.3490000002,326213.42000000004,-35050.43,0.0,430088.63,6630079.71,6630079.71,842235.93,J BAHI SA_resum
2016-01-01,130672.93,1594938.1800000002,3760729.66,168283.38999999998,566377.9400000001,8017970.78,202454.21,2751929.01,112562.72,609127.62,721690.3400000001,0.0,1156990.829,2935214.35,287372.08,0.0,16372.18,16372.18,9745001.07,140145.01,9745001.07,0.0,1204.79,1211632.81,1311.55,1160421.25,8017970.78,8.0,-717967.87,51211.56,1008800.65,2766930.96,1117902.6700000002,0.0,109082.8,130672.93,1906475.19,0.0,593960.23,453815.22,609127.62,1727030.29,453815.22,-15167.39,0.0,399938.76,4972362.470000001,4972362.470000001,1010267.21,J BAHI SA_resum
2017-01-01,534463.7749999999,1572909.94,3931079.44,168283.38999999998,344182.33,8213101.24,130646.31,2530974.08,130991.13,279963.23000000004,410954.36,53353.5,1011417.64,3148405.55,304015.81,0.0,7875.92,6830.63,9632010.18,58896.11,9632209.98,0.0,0.0,1137365.26,1509.675,1089430.14,8266454.74,10.0,-704138.57,47935.119,1346751.8590000002,2980122.16,1139145.509,0.0,216482.9,534463.7749999999,1920039.15,0.0,272087.31,213191.2,279963.23000000004,1419108.74,213191.2,-7875.92,0.0,427393.11,5068444.7,5068444.7,713924.88,J BAHI SA_resum
2018-01-01,938254.62,751506.7899999999,3730483.42,168283.38999999998,408949.27,7549016.48,40815.36,2210863.93,187982.76,278164.97000000003,466147.73,106771.8,1566128.94,3369372.06,321081.3,0.0,10124.16,10124.16,9023534.71,47074.3,9085638.81,0.0,0.0,1445101.42,1707.8,1398734.94,7549581.98,12.0,-749393.2989999999,44658.68,1412847.6900000002,3201088.67,1258457.3590000002,0.0,75636.01,938254.62,867958.16,0.0,268040.81,220966.51,278164.97000000003,1536622.33,220966.51,-10124.16,0.0,192432.49,5175584.84,5175584.84,787229.03,J BAHI SA_resum
2019-01-01,1600289.63,1884321.15,6623200.37,168283.38999999998,336169.26,7488032.689999999,784081.919,3695318.64,238023.94,143465.68,381489.62,114525.7,1925523.19,3467517.38,465317.91,0.0,15458.56,15458.56,9475542.32,56669.75,9475570.3,0.0,26807.95,1592038.05,26380.01,1487922.2,7496346.03,16.0,-1140730.08,77735.84,2813356.03,3299233.989,1844071.93,0.0,479028.339,1600289.63,3147431.41,0.0,154815.07,98145.32,143465.68,1987537.61,98145.32,11349.39,0.0,1331862.12,8215238.42,8215238.42,873615.48,J BAHI SA_resum
2020-01-01,2819109.46,757699.4600000001,6444467.71,168283.38999999998,439218.569,6316694.859999999,561202.2799999999,1905611.04,259518.85,214566.3,474085.15,47670.1,1195581.6800000002,3647217.1,439780.5,0.0,32920.54,32908.6,7955578.619999999,56253.83,7957050.689999999,0.0,54307.78999999999,1521610.31,14519.54,1471984.97,6316694.859999999,17.0,-726490.1789999999,35105.8,4491186.57,3478933.71,1425789.53,0.0,180849.72,2819109.46,1499751.46,0.0,235953.55,179699.719,214566.3,1640355.83,179699.719,21387.25,0.0,2169988.67,7966078.02,7966078.02,968161.5,J BAHI SA_resum
2021-01-01,2836070.58,603199.2799999999,6554484.71,168283.38999999998,467882.01,5276106.74,576446.9400000001,1748986.9,300799.09,264250.26,565049.3500000001,27477.4,1173265.019,3814300.02,480444.02,0.0,45303.22,45303.22,7131934.619999999,62556.48,7131934.619999999,0.0,10692.359,1522734.78,2693.54,1485211.88,5276106.74,16.0,-810334.51,34829.36,4778020.41,3646016.63,1591577.62,0.0,247202.67,2836070.58,1426848.89,0.0,229639.4,167082.919,264250.26,1855827.88,167082.919,-34610.86,0.0,2395266.85,8077219.49,8077219.49,1056185.73,J BAHI SA_resum
2022-01-01,1804174.32,611424.91,6378290.35,168283.38999999998,424026.199,5250995.48,1008167.438,1687972.06,275719.1,246930.65,522649.75,28377.0,1104924.15,3962607.12,525572.3,0.0,46123.61,46123.61,7138856.84,52566.7,7256217.88,0.0,66.76,1254264.04,2693.54,1222711.12,5250995.48,19.0,-957000.35,31552.92,4661941.29,3794323.73,1758291.75,0.0,246180.6,1804174.32,1865772.95,0.0,200873.8,148307.099,246930.65,2005222.399,148307.099,-46056.850000000006,0.0,2338914.09,7632554.39,7632554.39,1048288.81,J BAHI SA_resum
2023-01-01,573464.24,706913.89,5617488.38,168283.38999999998,438662.67,4210144.178,843286.8600000001,1761060.9,292325.15,229144.71,521469.86,18209.8,1072356.81,4108944.64,592523.41,0.0,37546.41,36964.8,5964868.58,45278.32,5964907.22,0.0,17.54,972984.14,2693.54,944707.66,4210144.178,11.0,-640769.7699999999,28276.480000000003,3838217.679,3940661.25,1525618.329,0.0,357862.89,573464.24,1908063.64,0.0,191615.84,146337.52,229144.71,1754763.041,146337.52,-37528.87,0.0,1652366.16,6590472.52,6590472.52,1113429.2,J BAHI SA_resum
