Año,Acreedores a L. P.,Acreedores comerciales,Activo circulante,Capital suscrito,Cash flow,Consumo de mercaderías y de materias,Deudas financieras,Deudores,Dotaciones para amortiz. de inmovil.,EBIT,EBITDA,Existencias,Fondo de maniobra,Fondos propios,Gastos de personal,Gastos extraordinarios,Gastos financieros,Gastos financieros y gastos asimilados,Importe neto Cifra de Ventas,Impuestos sobre sociedades,Ingresos de explotación,Ingresos extraordinarios,Ingresos financieros,Inmovilizado,Inmovilizado inmaterial,Inmovilizado material,Materiales,Número empleados,Otros Conceptos de Explotación,Otros activos fijos,Otros activos líquidos,Otros fondos propios,Otros gastos de explotación,Otros pasivos fijos,Otros pasivos líquidos,Pasivo fijo,Pasivo líquido,Provisiones,Result. ordinarios antes Impuestos,Resultado Actividades Ordinarias,Resultado Explotación,Resultado bruto,Resultado del Ejercicio,Resultado financiero,Resultados actividades extraordinarias,Tesorería,Total activo,Total pasivo y capital propio,Valor agregado,Empresa
1999-01-01,0.0,225322.99,404534.19,63106.27,54009.810000000005,1983823.22,0.0,347906.8,12264.95,62748.89,75013.84,32651.49,380558.29,246165.38,68328.20999999999,0.0,6174.59,0.0,1374659.08,22478.0,1374659.08,1202.02,271.96,33732.78999999999,673.87,33058.92,1166871.01,4.0,-97853.26,0.0,23975.9,183059.11,280479.61,0.0,192101.59,0.0,192101.59,0.0,63020.84,40542.84,62748.89,362821.409,41744.86,271.96,1202.02,23975.9,438266.98,438266.98,144816.02,JOSE XARGAYO SA_resum
2000-01-01,0.0,225322.99,232651.56,63106.27,60376.82,1983823.22,0.0,118452.23,13343.81,65167.61,78511.42,105928.08,224380.31,293198.39,74406.72,0.0,6174.59,0.0,1443552.34,20157.01,1443552.34,1803.04,219.38,210802.39,178.04,210624.36,1227435.7,5.0,-97853.26,-0.009,8271.25,230092.12,280479.61,0.0,150255.56,0.0,150255.56,0.0,65386.99,45229.979,65167.61,362821.409,47033.01,219.38,1803.04,8271.240000000002,443453.95,443453.95,154940.55,JOSE XARGAYO SA_resum
2001-01-01,148784.09,225322.99,561816.2899999999,63105.0,67871.56,1983823.22,0.0,247405.35,13709.37,77206.93999999999,90916.31,129519.31,376924.66,347360.57,71366.03,0.0,6174.59,0.0,1652341.46,23212.36,1652341.46,0.0,167.61,295196.1,0.0,295196.1,1411744.81,5.0,-97853.26,0.0,184891.63,284255.57,280479.61,0.0,360867.73,148784.09,360867.73,0.0,77374.55,54162.19,77206.93999999999,362821.409,54162.19,167.61,0.0,184891.63,857012.39,857012.39,162449.94999999998,JOSE XARGAYO SA_resum
2002-01-01,131706.239,225322.99,270946.79000000004,63105.0,63783.75,1983823.22,0.0,165519.14,15065.6,75541.15000000001,90606.75,80165.54,245684.68,396078.72,87035.52,0.0,6174.59,6174.59,1696917.12,20879.21,1696917.12,0.0,230.8,486356.4900000001,0.0,486356.4900000001,1430285.6700000002,7.0,-97853.26,0.0,25262.109,332973.72000000003,280479.61,0.0,229518.32,131706.239,229518.32,0.0,69597.36,48718.15,75541.15000000001,362821.409,48718.15,-5943.79,0.0,25262.11,757303.2799999999,757303.2799999999,177873.07,JOSE XARGAYO SA_resum
2003-01-01,111814.11,225322.99,349031.74,63105.0,84579.019,1983823.22,0.0,185124.78,25122.85,82308.90999999999,107431.76,145106.0,330230.78,455534.89,100600.19,0.0,4512.320000000001,4512.320000000001,1903534.84,23926.88,1903534.84,5440.2,146.26,502544.7,0.0,502544.7,1617016.15,6.0,-97853.26,0.0,18800.959,392429.89,280479.61,0.0,284227.44,111814.11,284227.44,0.0,77942.85,54015.97,82308.90999999999,362821.409,59456.17,-4366.06,5440.2,18800.960000000003,851576.4400000001,851576.4400000001,213618.41,JOSE XARGAYO SA_resum
2004-01-01,90999.64,225322.99,438577.3,63105.0,96629.36,1983823.22,0.0,242360.65,35813.759999999995,90144.72,125958.48,165861.47,408222.12,516350.4900000001,107425.7,0.0,3299.8900000000003,3299.8900000000003,1982276.87,26063.83,1982276.87,0.0,34.6,519195.29,1156.52,518038.77,1675122.84,6.0,-97853.26,0.0,30355.179,453245.4900000001,280479.61,0.0,350422.46,90999.64,350422.46,0.0,86879.43,60815.599,90144.72,362821.409,60815.6,-3265.29,0.0,30355.18,957772.59,957772.59,233418.78,JOSE XARGAYO SA_resum
2005-01-01,69533.2,225322.99,476056.66,63105.0,94753.22,1983823.22,0.0,163627.44999999998,34633.55,88535.38,123168.93,279962.05,443589.5,576470.16,109524.0,0.0,2690.8500000000004,2690.8500000000004,2029718.79,25765.58,2029718.79,0.0,40.720000000000006,495502.59,677.19,494435.41,1713612.45,6.0,-97853.26,389.99,32467.159,513365.16,280479.61,0.0,325555.89,69533.2,325555.89,0.0,85885.25,60119.67,88535.38,362821.409,60119.67,-2650.13,0.0,32467.16,971559.25,971559.25,232733.65,JOSE XARGAYO SA_resum
2006-01-01,47517.91,225322.99,629763.51,63105.0,98578.589,1983823.22,0.0,202538.25,32912.62899999999,96129.46,129042.089,388733.97,591272.22,642136.12,118880.39,0.0,2362.15,2362.15,2233578.48,28142.56,2233578.48,0.0,41.21,485179.33,197.86,484591.48,1896158.85,7.0,-97853.26,389.99,38491.28999999999,579031.12,280479.61,0.0,425288.81,47517.91,425288.81,0.0,93808.52,65665.95999999999,96129.46,362821.409,65665.95999999999,-2320.94,0.0,38491.28999999999,1114942.84,1114942.84,247963.688,JOSE XARGAYO SA_resum
2007-01-01,24774.53,225322.99,509047.1,63105.0,110676.66,1983823.22,0.0,42207.57,37790.42,99083.49,136873.91,431665.27,473872.84,715022.3600000001,145106.96,0.0,1948.18,1948.18,2459194.62,24295.42,2459194.62,0.0,46.35,479976.18,0.0,479586.19,2084659.28,10.0,-97853.26,389.989,35174.259,651917.3600000001,280479.61,0.0,249226.39,24774.53,249226.39,0.0,97181.66,72886.23999999999,99083.49,362821.409,72886.23999999999,-1901.83,0.0,35174.259999999995,989023.28,989023.28,282027.22000000003,JOSE XARGAYO SA_resum
2008-01-01,843.74,225322.99,580029.6799999999,63105.0,101403.07,1983823.22,0.0,219745.43,39879.64,82341.8,122221.44,340294.08,334716.52,776545.7899999999,142746.71000000002,0.0,898.9399999999999,898.9399999999999,2346644.63,20507.81,2346644.63,0.0,588.38,455874.39,0.0,455484.4,1983823.22,7.0,-97853.26,389.99,19990.17,713440.7899999999,280479.61,0.0,33191.549,843.74,258514.54,0.0,82031.23999999999,61523.43,82341.8,362821.409,61523.43,-310.56,0.0,19990.17,1035904.07,1035904.07,265556.53,JOSE XARGAYO SA_resum
2009-01-01,0.0,254015.57,623337.15,63105.0,76969.1,1815524.97,0.0,288765.93000000005,38094.18,52893.65,90987.83,266889.159,301639.518,815420.71,185297.29,0.0,1226.64,1226.64,2177035.64,12958.31,2177035.64,0.0,166.22,466535.24,0.0,466145.25,1815524.97,6.0,-85225.55,389.99,67682.06,752315.71,308617.02,0.0,20436.11,0.0,274451.68,0.0,51833.23,38874.92,52893.65,361510.67,38874.92,-1060.42,0.0,67682.06,1089872.39,1089872.39,276451.34,JOSE XARGAYO SA_resum
2010-01-01,0.0,224342.23,650559.5,63105.0,69608.69,1748360.81,0.0,308047.67,35340.71,45670.16,81010.87000000001,222461.09,306166.53,849688.69,190183.98,0.0,0.0,0.0,2114068.19,11422.66,2114068.19,0.0,20.48,443889.29,0.0,443499.3,1748360.81,6.0,-94512.53,389.99,120050.74,786583.69,320037.22000000003,0.0,20417.87,0.0,244760.1,0.0,45690.64,34267.979,45670.16,365707.379,34267.979,20.48,0.0,120050.74,1094448.79,1094448.79,271215.33,JOSE XARGAYO SA_resum
2011-01-01,0.0,168331.16,652437.74,63105.0,59872.759,1796306.49,0.0,346491.35,27946.51,40298.46,68244.97,166385.19,344545.38,856614.9400000001,212607.68,0.0,0.0,0.0,2165398.13,10642.08,2165398.13,0.0,2269.8700000000003,415942.78,0.0,415552.79,1796306.49,6.0,-88238.98999999999,389.99,139561.2,793509.9400000001,328793.18,0.0,43434.42,0.0,211765.58,0.0,42568.33,31926.25,40298.46,369091.639,31926.25,2269.8700000000003,0.0,139561.2,1068380.52,1068380.52,283122.52,JOSE XARGAYO SA_resum
2012-01-01,0.0,240973.65,729189.8500000001,63105.0,63414.079,1876006.82,0.0,270178.88,26727.76,45351.07,72078.83,199825.09,229030.319,893301.26,203513.8,0.0,0.0,0.0,2243811.59,12228.77,2243811.59,0.0,3564.02,433357.62,0.0,432967.63,1876006.82,6.0,-92212.14,389.99,259185.88,830196.259,322453.7,0.0,28272.56,0.0,269246.21,0.0,48915.09,36686.319,45351.07,367804.769,36686.319,3564.02,0.0,259185.88,1162547.47,1162547.47,279156.649,JOSE XARGAYO SA_resum
2013-01-01,0.0,327268.35,861924.13,63105.0,65593.07,1943718.08,0.0,244244.04,27911.58,47574.96,75486.54,343553.17,260528.86,930982.75,207165.6,0.0,0.0,0.0,2324202.52,12560.5,2324202.52,0.0,2667.03,422718.83,0.0,422328.84,1943718.08,6.0,-97832.3,389.99,274126.92000000004,867877.75,332909.48000000004,0.0,26391.86,0.0,353660.21,0.0,50241.99,37681.49,47574.96,380484.4390000001,37681.49,2667.03,0.0,274126.92000000004,1284642.96,1284642.96,285319.17,JOSE XARGAYO SA_resum
2014-01-01,0.0,287996.8,818503.8400000001,63105.0,67059.239,2199891.2,0.0,166089.12,26086.83,54593.27,80680.1,426357.6,304449.92000000004,971955.16,210802.37,0.0,0.0,0.0,2590722.74,13657.47,2590722.74,0.0,36.61,471631.96,0.0,396241.97,2199891.2,7.0,-99349.07,75389.98999999999,226057.12,908850.16,336238.27,0.0,30183.84,0.0,318180.64,0.0,54629.880000000005,40972.409,54593.27,390831.54,40972.409,36.61,0.0,226057.12,1290135.8,1290135.8,291519.08,JOSE XARGAYO SA_resum
2015-01-01,0.0,262595.41900000005,867156.53,63105.0,77831.66,2186025.99,0.0,224373.41,32396.35,55586.3,87982.65000000001,381300.03,343078.021,1017390.47,206486.49,0.0,0.0,0.0,2575989.12,15145.1,2575989.12,0.0,4994.110000000001,468312.74,0.0,392922.75,2186025.99,6.0,-95493.99,75389.98999999999,261483.09,954285.47,334376.83,0.0,55483.380000000005,0.0,318078.8,0.0,60580.41,45435.310000000005,55586.3,389963.129,45435.310000000005,4994.110000000001,0.0,261483.09,1335469.27,1335469.27,299463.25,JOSE XARGAYO SA_resum
2016-01-01,0.0,200564.16,851068.4400000001,63105.0,78863.18000000001,2282139.36,0.0,288396.05,26316.44,68830.18000000001,95146.62,329955.43000000005,417787.319,1069937.21,218739.7,0.0,0.0,0.0,2695076.12,17515.58,2695076.12,0.0,1232.14,477017.3,0.0,401627.31,2282139.36,6.0,-99050.44,75389.98999999999,232716.96,1006832.21,344106.58,0.0,57584.37,0.0,258148.53,0.0,70062.32,52546.74,68830.18000000001,412936.76,52546.74,1232.14,0.0,232716.96,1328085.74,1328085.74,315118.46,JOSE XARGAYO SA_resum
2017-01-01,0.0,238967.99,919334.34,63105.0,89938.28,2344336.27,0.0,362418.95,35384.11,71467.32,106851.43,310969.83,434420.79,1124491.38,248065.45,0.0,0.0,0.0,2799114.01,18184.72,2799114.01,0.0,1271.57,496529.9,0.0,421139.91,2344336.27,7.0,-99860.86,75389.98999999999,245945.56,1061386.3790000002,383310.42,0.0,52404.87,0.0,291372.86,0.0,72738.89,54554.17,71467.32,454777.73900000006,54554.17,1271.57,0.0,245945.56,1415864.24,1415864.24,356188.45,JOSE XARGAYO SA_resum
2018-01-01,0.0,243694.55,995657.31,63105.0,97308.93,2364871.73,0.0,490885.4900000001,35941.03,81720.84,117661.87,205874.93,453065.869,1185859.28,294687.26,0.0,0.0,0.0,2894853.68,20455.97,2894853.68,0.0,103.03,483472.41,0.0,409168.79,2364871.73,7.0,-117632.82,74303.62000000001,298896.89,1122754.278,448261.11,0.0,49575.89,0.0,293270.44,0.0,81823.87000000001,61367.899,81720.84,529981.9500000001,61367.899,103.03,0.0,298896.89,1479129.72,1479129.72,412452.16,JOSE XARGAYO SA_resum
2019-01-01,0.0,259489.51,1095033.62,63105.0,106607.52,2478102.75,0.0,355840.15,33379.44,97637.44,131016.88,115680.41,212031.05,1259087.36,323947.75,0.0,0.0,0.0,3054884.57,24409.36,3054884.57,0.0,0.0,481939.97,0.0,377636.35,2478102.75,7.0,-121817.19,104303.62,623513.06,1195982.36,479144.38,0.0,58396.72,0.0,317886.23000000004,0.0,97637.44,73228.08,97637.44,576781.819,73228.08,0.0,0.0,623513.06,1576973.59,1576973.59,454964.63,JOSE XARGAYO SA_resum
2020-01-01,0.0,250122.5,849681.51,63105.0,112848.69,1822556.78,0.0,312982.83,32142.84,107488.94,139631.78,102849.75,165710.08,1339793.21,314767.19,0.0,0.0,0.0,2369950.3,26901.95,2369950.3,0.0,118.86,786394.09,5680.99,346409.52,1822556.78,7.0,-92994.55,434303.58,433848.93000000005,1276688.21,439904.58,0.0,46159.89,0.0,296282.39,0.0,107607.8,80705.85,107488.94,547393.519,80705.85,118.86,0.0,433848.93000000005,1636075.6,1636075.6,454517.83,JOSE XARGAYO SA_resum
2021-01-01,0.0,237434.58,1040183.14,63105.0,161861.37,2191265.88,0.0,556743.61,32939.89,166909.57,199849.46,138917.44,458226.47,1468714.6900000002,319509.8,0.0,0.0,0.0,2825350.74,42973.83,2825350.74,0.0,4985.74,733202.9600000001,6934.94,367646.93000000005,2191265.88,11.0,-114725.6,358621.09,344522.09,1405609.6900000002,467175.29,0.0,67236.83,0.0,304671.41000000003,0.0,171895.31,128921.48,166909.57,634084.8600000001,128921.48,4985.74,0.0,344522.09,1773386.1,1773386.1,524345.0,JOSE XARGAYO SA_resum
2022-01-01,0.0,290135.42000000004,1137787.72,63105.0,224733.719,2765246.2,0.0,838387.75,38974.310000000005,242246.27,281220.579,182103.08,730355.409,1654474.1,359554.77,0.0,0.0,0.0,3536796.63,61899.8,3539527.2800000003,0.0,5412.94,896581.48,1326.97,398133.42,2765246.2,10.0,-133505.73,497121.09,117296.89,1591369.0990000002,532034.81,0.0,89759.68000000001,0.0,379895.1,0.0,247659.21,185759.409,242246.27,774281.0789999999,185759.409,5412.94,0.0,117296.89,2034369.2,2034369.2,646188.2899999999,JOSE XARGAYO SA_resum
2023-01-01,0.0,318503.92000000004,1357426.79,63105.0,250596.67,3223672.07,0.0,875143.09,37183.84,277182.08,314365.92000000004,215476.43,772115.6,1867886.93,372757.4,0.0,0.0,0.0,4096121.14,71070.95,4096121.14,0.0,7301.7,942701.75,0.0,419580.66,3223672.07,7.0,-185325.75,523121.09,266807.27,1804781.93,595266.989,0.0,113737.69,0.0,432241.61,0.0,284483.78,213412.83,277182.08,872449.07,213412.83,7301.7,0.0,266807.27,2300128.54,2300128.54,694425.02,JOSE XARGAYO SA_resum
