Año,Acreedores a L. P.,Acreedores comerciales,Activo circulante,Capital suscrito,Cash flow,Consumo de mercaderías y de materias,Deudas financieras,Deudores,Dotaciones para amortiz. de inmovil.,EBIT,EBITDA,Existencias,Fondo de maniobra,Fondos propios,Gastos de personal,Gastos extraordinarios,Gastos financieros,Gastos financieros y gastos asimilados,Importe neto Cifra de Ventas,Impuestos sobre sociedades,Ingresos de explotación,Ingresos extraordinarios,Ingresos financieros,Inmovilizado,Inmovilizado inmaterial,Inmovilizado material,Materiales,Número empleados,Otros Conceptos de Explotación,Otros activos fijos,Otros activos líquidos,Otros fondos propios,Otros gastos de explotación,Otros pasivos fijos,Otros pasivos líquidos,Pasivo fijo,Pasivo líquido,Provisiones,Result. ordinarios antes Impuestos,Resultado Actividades Ordinarias,Resultado Explotación,Resultado bruto,Resultado del Ejercicio,Resultado financiero,Resultados actividades extraordinarias,Tesorería,Total activo,Total pasivo y capital propio,Valor agregado,Empresa
1999-01-01,228384.6,26611.0,233060.67,3005.06,13786.17,554348.16,119908.24,67158.66,1807.85,29853.21,31661.059,7095.52,74254.18000000001,43936.3,155680.21000000002,262.65000000000003,12500.76,12500.76,659326.3,5133.57,661595.07,8.81,13.28,100239.18,7952.91,92286.27,373132.84,12.0,-164487.31,0.0,158806.49,40931.24,487173.52,15552.87,60978.95,228384.6,60978.95,0.0,17365.73,12232.16,29853.21,512130.519,11978.32,-12487.48,-253.839,158806.49,333299.85,333299.85,187100.71,LA GAMBA DE J CUADRAT SL_resum
2000-01-01,302162.45,26611.0,105455.66,3005.06,65440.94,554348.16,119908.24,93798.45,39371.66,65933.93999999999,105305.6,6305.28,100103.73,70005.58,178854.64,112.52,28616.93,28616.93,798590.39,11172.55,801375.55,0.21,37.13,406248.19,32107.69,374140.5,416041.61,14.0,-164487.31,0.0,5351.929999999999,67000.52,487173.52,15552.87,139535.81,302162.45,139535.81,0.0,37354.14,26181.59,65933.93999999999,512130.519,26069.28,-28579.8,-112.31,5351.929999999999,511703.84,511703.84,284085.06,LA GAMBA DE J CUADRAT SL_resum
2001-01-01,284256.91000000003,26611.0,74511.7,4026.7,76511.81,554348.16,119908.24,50597.22,53577.86,64074.61,117652.47,7582.91,58180.13,93961.25,181358.95,0.02,31335.89,31335.89,833138.42,9817.5,836033.19,0.01,12.739999999999998,377657.69,23794.38,353863.31,429306.41,14.0,-164487.31,0.0,16331.569,89934.55,487173.52,15552.87,73951.23,284256.91000000003,73951.23,0.0,32751.460000000003,22933.960000000003,64074.61,512130.519,22933.95,-31323.15,-0.01,16331.57,452169.39,452169.39,299024.15,LA GAMBA DE J CUADRAT SL_resum
2002-01-01,213344.94,26611.0,135730.97999999998,4026.7,107797.02,554348.16,119908.24,75476.29,56109.01,97325.77,153434.78,4091.58,79567.87000000001,145649.26,212412.47,31.55,24211.07,24211.07,979820.8,22081.11,983487.14,677.73,8.239999999999998,339371.48000000004,16421.66,322949.82,497434.31,15.0,-164487.31,0.0,56163.11,141622.56,487173.52,15552.87,116108.26,213344.94,116108.26,0.0,73122.93999999999,51041.83,97325.77,512130.519,51688.01,-24202.83,646.1800000000001,56163.11,475102.46,475102.46,366501.67,LA GAMBA DE J CUADRAT SL_resum
2003-01-01,207326.41,26611.0,129011.32,4026.7,55293.28,554348.16,119908.24,101677.61,39327.01,37818.42,77145.43,11322.85,113000.46,161615.53,230172.72,0.03,17080.37,17080.37,944385.63,6842.6900000000005,948455.6,2064.86,6.08,324795.11,9048.94,315746.17,517685.06,15.0,-164487.31,0.0,16010.86,157588.83,487173.52,15552.87,84864.48999999999,207326.41,84864.48999999999,0.0,20744.13,13901.44,37818.42,512130.519,15966.27,-17074.29,2064.8300000000004,16010.86,453806.43000000005,453806.43000000005,309389.06,LA GAMBA DE J CUADRAT SL_resum
2004-01-01,136265.08,26611.0,113340.33,27045.0,53446.51,554348.16,119908.24,73293.45999999999,40841.64,32514.75,73356.39,19744.75,93038.21,197238.7,263700.86,2.32,15311.23,15311.23,980389.81,5402.09,984938.33,732.12,73.64,309762.78,1676.22,308086.56,511732.62,17.0,-164487.31,0.0,20302.118999999995,170193.7,487173.52,15552.87,89599.33,136265.08,89599.33,0.0,17277.16,11875.07,32514.75,512130.519,12604.87,-15237.59,729.8,20302.12,423103.11,423103.11,337860.69,LA GAMBA DE J CUADRAT SL_resum
2005-01-01,111765.13,26611.0,121644.97,27045.0,51065.27,554348.16,119908.24,75098.75,42548.84,27786.56,70335.4,25534.95,100633.7,205755.13,287457.79000000004,0.01,15766.28,15766.28,1018169.3,3505.04,1023506.93,0.0,1.2,310623.89,1460.176,310623.89,514122.75,19.0,-164487.31,0.0,21011.27,178710.13,487173.52,15552.87,114748.6,111765.13,114748.6,0.0,12021.48,8516.439,27786.56,512130.519,8516.43,-15765.08,-0.01,21011.27,432268.86,432268.86,357794.38,LA GAMBA DE J CUADRAT SL_resum
2006-01-01,318817.18,26611.0,333471.4,27045.0,88950.2,554348.16,119908.24,92802.73,58896.82,58212.37,117109.19,12703.35,105506.08,235808.51,271136.77,0.77,15294.99,15294.99,1094004.05,12880.02,1099380.6,0.0,16.79,380545.4,1244.132,380545.4,546378.3400000001,18.0,-164487.31,0.0,227965.32,208763.51,487173.52,15552.87,159391.11000000002,318817.18,159391.11000000002,0.0,42934.17,30054.149,58212.37,512130.519,30053.38,-15278.2,-0.77,227965.32,714016.8,714016.8,388261.98,LA GAMBA DE J CUADRAT SL_resum
2007-01-01,275027.84,26611.0,210120.5,27045.0,123761.69,554348.16,119908.24,90661.72,85919.6,70089.57,156009.17,22104.6,112766.32,273650.6,270379.31,0.0,24598.77,24598.77,1205600.86,7893.1,1211309.13,0.0,244.39,467716.92,1028.088,467716.92,613589.12,18.0,-164487.31,0.0,97354.18,246605.599,487173.52,15552.87,129158.98,275027.84,129158.98,0.0,45735.19,37842.09,70089.57,512130.519,37842.09,-24354.38,0.0,97354.18,677837.42,677837.42,426632.87,LA GAMBA DE J CUADRAT SL_resum
2008-01-01,231224.26,26611.0,159288.36,27045.0,42485.14,554348.16,119908.24,15179.81,41705.28,24957.0,66662.28,30958.7,19527.51,274430.46,280980.93000000005,0.0,23838.7,23838.7,1059040.3990000002,468.62,1066478.6790000002,0.0,130.18,549074.42,812.044,549074.42,554348.16,18.0,-164487.31,5124.88,113149.85,247385.46,487173.52,15552.87,40635.95,246777.13,187155.19,0.0,1248.48,779.8599999999999,24957.0,512130.519,779.8599999999999,-23708.52,0.0,44778.21,708362.7799999999,708362.7799999999,347773.389,LA GAMBA DE J CUADRAT SL_resum
2009-01-01,241659.25,31054.54,159051.16,27045.0,51717.810000000005,463453.26,88243.81,5453.25,49276.42,25230.11,74506.53,29377.3,3776.01,276871.85,257353.68,0.0,21979.92,21979.92,946332.8,813.8,951776.91,0.0,5.0,515283.34,596.0,514687.34,463453.26,17.0,-156463.44,10249.76,124220.61,249826.85,463093.54,12111.61,24393.44,253770.86,143691.79,0.0,3255.19,2441.3900000000003,25230.11,488323.65,2441.3900000000003,-21974.92,0.0,55848.97,674334.5,674334.5,331865.20900000003,LA GAMBA DE J CUADRAT SL_resum
2010-01-01,215056.48,37162.76,166345.91,27045.0,47068.6,472532.3,97510.05,13456.72,40759.58,25306.78,66066.36,49608.7,25902.659,283180.87,253095.53,0.0,16897.64,16897.64,912240.33,2103.01,919944.36,0.0,2.89,512977.2,6397.660000000001,506579.54,472532.3,14.0,-128250.17,15374.64,103280.489,256135.87,422105.28,10990.02,35422.93,226046.5,170095.74000000002,0.0,8412.03,6309.02,25306.78,447412.06,6309.02,-16894.75,0.0,29908.85,679323.11,679323.11,319164.78,LA GAMBA DE J CUADRAT SL_resum
2011-01-01,146634.38999999998,33411.89,159815.78,27045.0,44096.6,431582.52,150774.6,17922.93,39008.14,25237.32,64245.46,53929.8,38440.84,288269.33,260240.35,0.0,18355.21,18355.21,868720.53,1793.65,879369.56,0.0,0.0,513272.53,5325.820000000001,507946.71,431582.52,13.0,-123301.23,20499.52,87963.05,261224.33,422549.72,10708.69,43289.409,157343.08,227475.9,0.0,6882.110000000001,5088.459,25237.32,447787.04,5088.459,-18355.21,0.0,8591.41,673088.31,673088.31,324485.81,LA GAMBA DE J CUADRAT SL_resum
2012-01-01,88997.45999999999,73706.18000000001,131652.84,27045.0,-42383.8,374666.56,139887.18,2565.12,37795.33,-84956.17000000001,-47160.84,25534.95,-45606.109,208090.2,248560.36,0.0,20181.1,20181.1,730138.61,-24958.14,740259.22,0.0,0.0,505556.35,4253.98,475677.97,374666.56,12.0,-164193.14,25624.4,103552.77,181045.199,450548.83,11374.95,115153.218,100372.41,328746.58,0.0,-105137.27,-80179.13,-84956.17000000001,365592.66,-80179.13,-20181.1,0.0,32068.74,637209.19,637209.19,201399.52,LA GAMBA DE J CUADRAT SL_resum
2013-01-01,257376.01,85566.97,198669.96,27045.0,37153.2,280024.04,58106.13,22595.19,36543.14,25901.36,62444.5,51965.95,-11005.83,208700.26,229808.0,0.0,24807.73,24807.73,668410.6,483.57,674198.08,0.0,0.0,501230.02,3182.14,473669.3,280024.04,11.0,-101921.54,24378.58,124108.82,181655.259,368272.68,10612.7,79537.90999999999,267988.71,223211.01,0.0,1093.63,610.06,25901.36,394174.04,610.06,-24807.73,0.0,31124.79,699899.98,699899.98,292252.5,LA GAMBA DE J CUADRAT SL_resum
2014-01-01,237635.63,76087.85,190181.15,27045.0,39468.23,304120.23000000004,70916.40999999999,22006.15,37304.87,25000.6,62305.47,53387.25,-694.4499999999999,210863.62,222442.12,0.0,22116.12,22116.12,693178.91,721.12,699433.05,0.0,0.0,497841.57,2110.3,474755.58,304120.23000000004,11.0,-110565.23,20975.69,114787.75,183818.619,370312.22,7930.929999999999,84588.28,245566.56,231592.54,0.0,2884.48,2163.36,25000.6,395312.82,2163.36,-22116.12,0.0,23147.47,688022.72,688022.72,284747.59,LA GAMBA DE J CUADRAT SL_resum
2015-01-01,215273.83,69379.78,196288.44,27045.0,48478.36,302104.59,73782.70999999999,19433.3,46133.08,23021.07,69154.15000000001,52365.850000000006,2419.369,213208.9,221766.89,0.0,19605.2,19605.2,710770.9400000001,1070.59,717353.47,0.0,0.0,493423.39,1770.5,474896.38,302104.59,11.0,-124327.84,16756.508,124489.29,186163.9,392227.81,4782.34,113284.27,220056.17,256446.76,0.0,3415.8700000000003,2345.279,23021.07,415248.879,2345.279,-19605.2,0.0,34192.759999999995,689711.8300000001,689711.8300000001,290921.04,LA GAMBA DE J CUADRAT SL_resum
2016-01-01,173894.36,63467.810000000005,119929.32,27045.0,52582.3,339008.77,75148.56,2371.3300000000004,50399.58,19634.14,70033.72,52687.97,-8408.509,215391.62,215807.26,0.0,16723.848,16723.848,725860.19,727.57,733237.23,0.0,0.0,485057.75,616.23,471274.6,339008.77,11.0,-108387.48,13166.92,64870.02,188346.62,374594.32,1920.32,75164.4,175814.68,213780.77,0.0,2910.29,2182.72,19634.14,394228.459,2182.72,-16723.848,0.0,22383.32,604987.07,604987.07,285840.978,LA GAMBA DE J CUADRAT SL_resum
2017-01-01,159774.46,66510.58,140805.83,27045.0,43398.36,317753.0,91940.27,489.94,40707.26,18629.47,59336.73,52381.76,-13638.879,218082.72,234526.33,0.0,15114.09,15114.09,719629.87,824.2800000000001,724532.76,0.0,0.0,460143.12,494.46,448871.55,317753.0,11.0,-112916.7,10777.11,87934.13,191037.72,388150.29,354.79,64286.13,160129.25,222736.98,0.0,3515.38,2691.1,18629.47,406779.76,2691.1,-15114.09,0.0,45736.28,600948.9500000001,600948.9500000001,293863.06,LA GAMBA DE J CUADRAT SL_resum
2018-01-01,145279.11000000002,74577.1,139726.94,27045.0,41635.3,264072.26,98230.91,14579.42,40104.78999999999,16393.25,56498.04,52346.34,-7651.34,219613.23,227662.68,0.0,14435.0,14435.0,603415.3300000001,427.74,622503.919,0.0,0.0,470685.48,372.69,460318.21,264072.26,10.0,-74270.93999999999,9994.58,72801.18000000001,192568.229,342038.41000000003,0.0,72712.07,145279.11000000002,245520.08,0.0,1958.25,1530.51,16393.25,358431.659,1530.51,-14435.0,0.0,33001.98,610412.42,610412.42,284160.72000000003,LA GAMBA DE J CUADRAT SL_resum
2019-01-01,130358.41,55686.28999999999,141237.38999999998,27045.0,43707.24,305361.98000000004,113766.91,15234.14,42150.54,17144.809999999998,59295.350000000006,52321.06,11868.909,221169.93,232857.07,0.0,15111.98,15111.98,685139.26,476.13,701223.65,0.0,0.0,481749.59,2487.92,469743.22,305361.98000000004,10.0,-103709.25,9518.45,73682.19,194124.93,378716.86,0.0,102005.44,130358.41,271458.64,0.0,2032.83,1556.6989999999998,17144.809999999998,395861.67,1556.6989999999998,-15111.98,0.0,35226.74,622986.98,622986.98,292152.42000000004,LA GAMBA DE J CUADRAT SL_resum
2020-01-01,244923.57,9498.2,129434.56,27045.0,5741.05,207019.06,84106.5,14865.41,44355.87,-36159.15,8196.720000000001,52195.74,57562.95,182555.11,142498.56,0.0,15156.77,15156.77,461046.32,-12701.1,466846.83,0.0,0.0,450094.82,1997.05,425878.22,207019.06,8.0,-109132.489,22219.55,62373.409,155510.11000000002,295986.92000000004,0.0,58446.0,244923.57,152050.7,0.0,-51315.92,-38614.82,-36159.15,259827.77,-38614.82,-15156.77,0.0,25261.71,579529.38,579529.38,150695.28,LA GAMBA DE J CUADRAT SL_resum
2021-01-01,216138.71,27722.3,115708.82,27045.0,44324.33,300411.34,28758.31,12400.0,43092.82,14495.07,57587.89,51994.09,36671.789,183786.62,229635.62,0.0,12783.05,12783.05,649198.07,480.51,682095.588,0.0,0.0,430832.43000000005,1498.8,407594.59,300411.34,12.0,-94460.74,21739.04,51314.72899999999,156741.62,367189.18,0.0,90135.31,216138.71,146615.91999999998,0.0,1712.02,1231.51,14495.07,381684.248,1231.51,-12783.05,0.0,13704.45,546541.25,546541.25,287223.509,LA GAMBA DE J CUADRAT SL_resum
2022-01-01,230111.58,33772.73,135102.41,27045.0,45093.46,305247.92000000004,112553.33,28126.03,43940.25,14781.7,58721.95,62576.69,56929.99,184939.83,269967.82,0.0,13221.67,13221.67,660069.61,406.82,674552.92,0.0,0.0,584033.61,1129.7,561571.69,305247.92000000004,11.0,-40615.23,21332.22,44399.69,157894.83,354523.3,0.0,157758.55,230111.58,304084.61,0.0,1560.03,1153.21,14781.7,369305.0,1153.21,-13221.67,0.0,8747.27,719136.02,719136.02,328689.77,LA GAMBA DE J CUADRAT SL_resum
2023-01-01,168657.51,39724.14,120140.38,27045.0,53867.55,340011.48000000004,206707.54,1670.47,52473.36,18727.19,71200.55,62540.43,24486.76,186334.02,337577.72000000003,0.0,16881.609999999997,16881.609999999997,807018.25,451.39,817165.3500000001,0.0,0.0,607969.3300000001,760.6,586327.9,340011.48000000004,13.0,-68375.6,20880.83,55929.479,159289.02,458426.679,0.0,126686.5,168657.51,373118.18,0.0,1845.58,1394.1899999999998,18727.19,477153.87,1394.1899999999998,-16881.609999999997,0.0,22234.92,728109.71,728109.71,408778.269,LA GAMBA DE J CUADRAT SL_resum
