Año,Acreedores a L. P.,Acreedores comerciales,Activo circulante,Capital suscrito,Cash flow,Consumo de mercaderías y de materias,Deudas financieras,Deudores,Dotaciones para amortiz. de inmovil.,EBIT,EBITDA,Existencias,Fondo de maniobra,Fondos propios,Gastos de personal,Gastos extraordinarios,Gastos financieros,Gastos financieros y gastos asimilados,Importe neto Cifra de Ventas,Impuestos sobre sociedades,Ingresos de explotación,Ingresos extraordinarios,Ingresos financieros,Inmovilizado,Inmovilizado inmaterial,Inmovilizado material,Materiales,Número empleados,Otros Conceptos de Explotación,Otros activos fijos,Otros activos líquidos,Otros fondos propios,Otros gastos de explotación,Otros pasivos fijos,Otros pasivos líquidos,Pasivo fijo,Pasivo líquido,Provisiones,Result. ordinarios antes Impuestos,Resultado Actividades Ordinarias,Resultado Explotación,Resultado bruto,Resultado del Ejercicio,Resultado financiero,Resultados actividades extraordinarias,Tesorería,Total activo,Total pasivo y capital propio,Valor agregado,Empresa
1999-01-01,26194.64,296539.54,265253.94,6010.120000000001,9814.59,1572557.4,303615.59,111178.41,9374.47,12052.5,21426.97,147924.28,259102.69,6450.24,110662.96,0.0,11223.62,11223.62,1177010.84,253.02,1177010.84,0.0,14.52,61335.28,33300.18,28035.09,982427.37,6.0,-68063.64,0.0,6151.25,440.119,253393.9,3622.86,293944.34,26194.64,293944.34,0.0,843.39,590.37,12052.5,291975.64,440.12,-11209.1,0.0,1624.12,326589.22000000003,326589.22000000003,131954.19,LLORET BIER SOCIEDAD LIMITADA_resum
2000-01-01,26194.64,296539.54,265253.94,6010.120000000001,9814.59,1572557.4,303615.59,111178.41,9374.47,12052.5,21426.97,147924.28,259102.69,6450.24,110662.96,150.25,11223.62,11223.62,1177010.84,253.02,1177010.84,0.0,14.52,61335.28,33300.18,28035.09,982427.37,6.0,-68063.64,0.009,6151.25,440.119,253393.9,3622.86,293944.34,26194.64,293944.34,0.0,843.39,590.37,12052.5,291975.64,440.12,-11209.1,-150.25,1624.12,326589.22000000003,326589.22000000003,131954.19,LLORET BIER SOCIEDAD LIMITADA_resum
2001-01-01,21441.8,296539.54,280906.3,6010.120000000001,13984.45,1572557.4,303615.59,81797.77,12221.44,-30847.67,-18626.229,195168.02,276965.79000000004,8213.25,124136.87,74.63,17333.84,17333.84,1294652.42,774.89,1294652.42,50556.19,237.84,59149.76,32805.559,26344.21,1126740.39,7.0,-68063.64,-0.009,3940.509,2203.13,253393.9,3622.86,310401.02,21441.8,310401.02,0.0,-47943.66,-48718.55,-30847.67,291975.64,1763.01,-17095.99,50481.56,870.38,340056.07,340056.07,156230.05,LLORET BIER SOCIEDAD LIMITADA_resum
2002-01-01,15346.62,296539.54,343866.24,6010.120000000001,15984.43,1572557.4,303615.59,106980.11,12877.26,-19221.84,-6344.58,221253.6,328233.71,11320.42,115232.08,880.0,19339.72,19339.72,1132814.6,1331.65,1132814.6,43880.09,0.29,51727.15,30922.39,20804.76,969762.96,6.0,-68063.64,0.0,15632.529,5310.3,253393.9,3622.86,368926.35,15346.62,368926.35,0.0,-38561.27,-39892.92,-19221.84,291975.64,3107.17,-19339.43,43000.09,13621.59,395593.39,395593.39,151887.87999999998,LLORET BIER SOCIEDAD LIMITADA_resum
2003-01-01,21729.07,296539.54,366594.77,6010.120000000001,18932.19,1572557.4,303615.59,99522.36,15848.91,3359.9300000000003,19208.84,264711.659,364234.019,14403.7,105656.02,384.54,22489.95,22489.95,937220.51,1486.21,937220.51,24084.05,0.24166666666666664,57458.61,42954.75,14503.86,756870.75,5.0,-68063.64,0.0,2360.751,8393.58,253393.9,3622.86,387920.61,21729.07,387920.61,0.0,-19130.02,-20616.23,3359.9300000000003,291975.64,3083.28,-22489.95,23699.51,222.42,424053.38,424053.38,148564.37,LLORET BIER SOCIEDAD LIMITADA_resum
2004-01-01,53796.57,296539.54,428436.01,6010.120000000001,19122.1,1572557.4,303615.59,92209.04,15585.41,28132.28,43717.69,329552.51,421761.55,17940.39,91318.65,0.0,23916.23,23916.23,871927.2899999999,1515.73,871927.2899999999,836.37,0.1933333333333333,41873.2,29895.71,11977.49,695750.14,4.0,-68063.64,0.0,6674.46,11930.27,253393.9,3622.86,398572.25,53796.57,398572.25,0.0,4216.05,2700.32,28132.28,291975.64,3536.69,-23916.23,836.37,5685.81,470309.21,470309.21,135872.71000000002,LLORET BIER SOCIEDAD LIMITADA_resum
2005-01-01,7405.34,296539.54,466552.269,6010.120000000001,17294.309999999998,1572557.4,303615.59,85258.32,16480.32,25060.41,41540.72899999999,374798.24,460056.56,18754.38,81559.35,0.0,24914.460000000003,24914.460000000003,723514.98,348.85,723514.98,1016.89,0.145,28679.7,14175.51,14504.19,554785.4,3.0,-68063.64,0.0,6495.708,12744.26,253393.9,3622.86,469072.25,7405.34,469072.25,0.0,145.95000000000002,-202.9,25060.41,291975.64,813.99,-24914.460000000003,1016.89,5981.79,495231.97,495231.97,124116.97,LLORET BIER SOCIEDAD LIMITADA_resum
2006-01-01,69999.97,296539.54,558881.559,6010.120000000001,13755.279,1572557.4,303615.59,166882.46,13312.96,7624.769999999999,20937.73,387455.48,554337.9400000001,19196.7,110739.14,0.0,25196.29,25196.29,2024589.37,189.57,2024589.37,18203.41,0.09666666666666665,16698.49,9995.17,6703.320000000001,1839480.9,4.0,-68063.64,0.0,4543.619000000001,13186.58,253393.9,3622.86,486383.38,69999.97,486383.38,0.0,-17571.52,-17761.09,7624.769999999999,291975.64,442.32,-25196.29,18203.41,4399.67,575580.05,575580.05,149880.28,LLORET BIER SOCIEDAD LIMITADA_resum
2007-01-01,110270.49,296539.54,695540.62,6010.120000000001,21637.55,1572557.4,303615.59,251806.44,17489.84,35553.92,53043.759,422280.47,674086.909,23344.41,167096.08,943.25,29488.89,29488.89,2000009.49,1382.57,2000009.49,408.5,0.04833333333333331,92910.05,88806.62000000001,4103.429999999999,1706378.62,7.0,-68063.64,0.0,21453.71,17334.29,253393.9,3622.86,654835.7699999999,110270.49,654835.7699999999,0.0,6065.03,4682.46,35553.92,291975.64,4147.71,-29488.89,-534.75,11231.79,788450.6699999999,788450.6699999999,219605.089,LLORET BIER SOCIEDAD LIMITADA_resum
2008-01-01,60865.26,296539.54,646126.9,6010.120000000001,20529.88,1572557.4,303615.59,207597.43,18193.54,38581.74,56775.28,435006.13,346064.02,25680.75,167136.72,0.0,35466.619999999995,35466.619999999995,1864533.04,778.7800000000001,1864533.04,0.0,0.0,90066.65000000001,635.62,89431.03,1572557.4,8.0,-68063.64,0.0,3523.34,19670.63,253393.9,3622.86,45869.55,64488.12,646024.6799999999,0.0,3115.12,2336.34,38581.74,291975.64,2336.34,-35466.619999999995,0.0,3523.34,736193.55,736193.55,223912.0,LLORET BIER SOCIEDAD LIMITADA_resum
2009-01-01,60652.39,327328.49000000005,662802.11,6010.120000000001,21557.7,1600784.12,300909.87,230398.56,18484.81,31066.07,49550.880000000005,427868.3,330938.37,28753.64,192435.41,0.0,27044.75,27044.75,1912595.75,948.43,1912595.75,0.0,0.0,109440.94,435.62,109005.32,1600784.12,9.0,-69825.34,0.0,4535.25,22743.52,280745.56,3136.58,51462.08,63788.97,679700.4400000001,0.0,4021.32,3072.8900000000003,31066.07,311811.629,3072.8900000000003,-27044.75,0.0,4535.25,772243.05,772243.05,241986.29,LLORET BIER SOCIEDAD LIMITADA_resum
2010-01-01,107512.49,294770.15,655557.25,6010.120000000001,23564.75,1793212.1800000002,250874.45,275291.68,18888.88,28814.5,47703.380000000005,376509.5,357031.02900000004,33429.51,197105.71,0.0,22878.88,22878.88,2113475.29,1259.75,2113475.29,0.0,0.0,92570.84,235.62,92335.22,1793212.1800000002,7.0,-75454.019,0.0,3756.07,27419.39,291448.61,2977.19,58564.3,110489.68,604208.9,0.0,5935.620000000001,4675.87,28814.5,320263.11,4675.87,-22878.88,0.0,3756.07,748128.09,748128.09,244809.09,LLORET BIER SOCIEDAD LIMITADA_resum
2011-01-01,10856.25,352872.57,694029.76,6010.120000000001,23885.76,1723853.49,297318.81,278860.15,18592.77,37811.98,56404.75,376710.55,302698.129,38722.5,169856.16,0.0,31102.37,31102.37,2018379.05,1416.62,2018379.05,0.0,0.0,73978.07,35.620000000000005,73942.45,1723853.49,7.0,-68264.65000000001,0.0,38459.06,32712.379,256713.58,2850.49,65387.21,13706.740000000002,715578.59,0.0,6709.610000000001,5292.99,37811.98,294525.56,5292.99,-31102.37,0.0,38459.06,768007.8300000001,768007.8300000001,226260.909,LLORET BIER SOCIEDAD LIMITADA_resum
2012-01-01,89236.38,301993.19,696462.81,6010.120000000001,21803.22,1584373.54,283397.58,304608.42000000004,18233.08,34593.64,52826.72,361694.31,364309.54,42292.64,163887.61000000002,0.0,32870.41,32870.41,1868197.95,1486.78,1868197.95,0.0,3333.69,93357.24,565.985,73180.37000000001,1584373.54,7.0,-67110.08,20176.87,30160.08,36282.52,249230.769,0.0,72900.26,89236.38,658291.03,0.0,5056.92,3570.14,34593.64,283824.40900000004,3570.14,-29536.72,0.0,30160.08,789820.05,789820.05,220048.02,LLORET BIER SOCIEDAD LIMITADA_resum
2013-01-01,85308.98999999999,302130.13,736312.81,6010.120000000001,23299.72,1348413.16,288550.62,320915.68,19452.0,31694.06,51146.06,346273.47000000003,365059.019,46140.36,166526.84999999998,0.0,37831.19,37831.19,1637128.6,1322.58,1637128.6,0.0,11307.43,53728.37,1096.35,53728.37,1348413.16,7.0,-71042.53,0.0,69123.66,40130.24,257021.38,0.0,67911.08,85308.98999999999,658591.8300000001,0.0,5170.3,3847.72,31694.06,288715.44,3847.72,-26523.76,0.0,37639.36,790041.1799999999,790041.1799999999,228980.34,LLORET BIER SOCIEDAD LIMITADA_resum
2014-01-01,71850.23,315845.97000000003,763968.97,6010.120000000001,22096.08,1294946.1900000002,299010.22000000003,380689.96,19392.97,23142.41,42535.380000000005,341988.13,406832.12,48843.47,140161.67,0.0,34876.58,34876.58,1533879.8,970.28,1533879.8,0.0,15407.56,34335.4,1626.7150000000001,34335.4,1294946.1900000002,7.0,-56236.56,0.0,41290.880000000005,42833.350000000006,215791.2,0.0,62754.479,71850.23,677610.6699999999,0.0,3673.39,2703.109,23142.41,238933.61,2703.109,-19469.02,0.0,33790.880000000005,798304.37,798304.37,198104.61,LLORET BIER SOCIEDAD LIMITADA_resum
2015-01-01,78195.85,267892.25,742223.26,6010.120000000001,15150.42,1177744.49,310285.11,359085.23000000004,12599.91,32568.57,45168.479,341225.18,432418.159,51393.98,140773.67,0.0,29039.93,29039.93,1428584.46,978.13,1428584.46,0.0,0.0,22461.66,2157.08,22461.66,1177744.49,6.0,-64897.82,0.0,41912.850000000006,45383.86,218271.4,0.0,56917.73,78195.85,635095.09,0.0,3528.64,2550.509,32568.57,250839.969,2550.509,-29039.93,0.0,34412.850000000006,764684.92,764684.92,185942.15,LLORET BIER SOCIEDAD LIMITADA_resum
2016-01-01,69518.28,316967.21,791049.25,6010.120000000001,11832.96,1259349.97,327101.2,398914.77,9635.63,25670.47,35306.1,363982.15,445929.71,53591.310000000005,169940.77000000002,0.0,22950.7,22950.7,1529420.7,822.4399999999999,1529420.7,0.0,300.0,35140.08,2687.4449999999997,35140.08,1259349.97,6.0,-64823.86,0.0,28152.33,47581.19,244400.259,0.0,59011.33,69518.28,703079.74,0.0,3019.77,2197.3300000000004,25670.47,270070.73000000004,2197.3300000000004,-22650.7,0.0,28152.33,826189.3300000001,826189.3300000001,205546.87,LLORET BIER SOCIEDAD LIMITADA_resum
2017-01-01,44690.84,322888.69,788840.63,6010.120000000001,9933.09,1277425.66,330711.88,387138.37,8512.89,23851.69,32364.579,381646.53,445896.21,55011.51,194797.79,0.0,21887.38,21887.38,1582971.03,544.11,1582971.03,0.0,0.0,26627.19,3217.81,26627.19,1277425.66,7.0,-78383.0,0.0,20055.73,49001.39,281693.68,0.0,62164.9,44690.84,715765.47,0.0,1964.31,1420.1989999999998,23851.69,305545.37,1420.1989999999998,-21887.38,0.0,20055.73,815467.8200000001,815467.8200000001,227162.37,LLORET BIER SOCIEDAD LIMITADA_resum
2018-01-01,18999.6,328710.38,791073.13,6010.120000000001,6364.879,1320396.08,347189.68,386141.0,5539.57,20206.8,25746.37,392326.54,449757.16,55836.82,198332.84,0.0,18875.25,18875.25,1615947.76,506.24,1615947.76,0.0,0.0,22001.42,3748.175,22001.42,1320396.08,7.0,-71472.47,0.0,12605.59,49826.7,275344.88,0.0,62338.07,18999.6,738238.13,0.0,1331.55,825.31,20206.8,295551.679,825.31,-18875.25,0.0,12605.59,813074.55,813074.55,224079.21,LLORET BIER SOCIEDAD LIMITADA_resum
2019-01-01,1615.03,294857.15,755824.24,6010.120000000001,8531.57,1308575.2,343430.32,350721.51,5500.660000000001,23873.27,29373.93,382678.4,438542.76,58867.73,190041.46,0.0,19832.06,19832.06,1603258.35,1010.3,1603258.35,0.0,0.0,16913.16,4278.54,16913.16,1308575.2,8.0,-75267.76,0.0,22424.33,52857.61,270809.879,0.0,73967.17000000001,1615.03,712254.64,0.0,4041.21,3030.9100000000003,23873.27,294683.15,3030.9100000000003,-19832.06,0.0,16972.93,772737.4,772737.4,219415.389,LLORET BIER SOCIEDAD LIMITADA_resum
2020-01-01,345000.0,92440.0,789788.23,6010.120000000001,-404.619,494208.01,257669.91,353675.66,5406.17,8528.33,13934.5,380642.66,641878.3200000001,53056.94,142418.05,0.0,16276.05,16276.05,683798.88,-1936.93,696062.39,0.0,0.0,13443.92,4808.905,11506.99,494208.01,6.0,-45501.83,1936.93,55469.91,47046.82,193326.05,0.0,55065.29899999999,345000.0,405175.21,0.0,-7747.72,-5810.79,8528.33,201854.38,-5810.79,-16276.05,0.0,39618.51,803232.15,803232.15,156352.55,LLORET BIER SOCIEDAD LIMITADA_resum
2021-01-01,171359.44,232414.33,727099.88,6010.120000000001,11825.4,982254.64,219820.34,288041.2,3650.15,26879.64,30529.79,357537.19,413164.06,57550.44,144548.96,0.0,15829.89,15829.89,1123047.09,2874.5,1308424.06,0.0,0.0,8141.84,5339.2699999999995,8141.84,982254.64,6.0,-151090.67,0.0,81521.489,51540.32,299289.78,0.0,54097.17,171359.44,506331.84,0.0,11049.75,8175.25,26879.64,326169.42000000004,8175.25,-15829.89,0.0,62521.49,735241.72,735241.72,175078.75,LLORET BIER SOCIEDAD LIMITADA_resum
2022-01-01,178350.56,267781.43000000005,819403.43,6010.120000000001,8779.34,1490848.32,263041.43000000005,369436.3,6838.45,15202.94,22041.39,353709.46,455364.33,59740.62,210648.46,0.0,12431.93,12431.93,1825688.95,830.12,1825688.95,0.0,0.0,33585.58,5869.635,33585.58,1490848.32,6.0,-102150.78,0.0,96257.67,53730.5,319637.69,0.0,84074.97,178350.56,614897.8300000001,0.0,2771.01,1940.89,15202.94,334840.629,1940.89,-12431.93,0.0,84257.67000000001,852989.01,852989.01,232689.85,LLORET BIER SOCIEDAD LIMITADA_resum
2023-01-01,162958.06,278193.62,786736.66,6010.120000000001,19113.72,1586830.4,245241.75,372458.36,12000.39,30023.39,42023.78,349136.14,443400.88,87351.87000000001,238831.65,0.0,20538.95,20538.95,1966919.01,2371.11,1966919.01,0.0,0.0,54410.810000000005,6400.0,48010.810000000005,1586830.4,7.0,-99233.18,0.0,65142.16,81341.75,350065.22000000003,0.0,67402.17000000001,162958.06,590837.54,0.0,9484.44,7113.33,30023.39,380088.61,7113.33,-20538.95,0.0,56142.16,841147.47,841147.47,280855.43000000005,LLORET BIER SOCIEDAD LIMITADA_resum
