Año,Acreedores a L. P.,Acreedores comerciales,Activo circulante,Capital suscrito,Cash flow,Consumo de mercaderías y de materias,Deudas financieras,Deudores,Dotaciones para amortiz. de inmovil.,EBIT,EBITDA,Existencias,Fondo de maniobra,Fondos propios,Gastos de personal,Gastos extraordinarios,Gastos financieros,Gastos financieros y gastos asimilados,Importe neto Cifra de Ventas,Impuestos sobre sociedades,Ingresos de explotación,Ingresos extraordinarios,Ingresos financieros,Inmovilizado,Inmovilizado inmaterial,Inmovilizado material,Materiales,Número empleados,Otros Conceptos de Explotación,Otros activos fijos,Otros activos líquidos,Otros fondos propios,Otros gastos de explotación,Otros pasivos fijos,Otros pasivos líquidos,Pasivo fijo,Pasivo líquido,Provisiones,Result. ordinarios antes Impuestos,Resultado Actividades Ordinarias,Resultado Explotación,Resultado bruto,Resultado del Ejercicio,Resultado financiero,Resultados actividades extraordinarias,Tesorería,Total activo,Total pasivo y capital propio,Valor agregado,Empresa
1999-01-01,100795.75,220550.93,346612.68,3005.06,63861.47,1035210.87,96530.31,192900.31,36422.32,51862.03,88284.35,59804.56,252704.87,173457.41999999998,137470.57,0.0,13049.25,12785.5,598064.08,11759.64,598064.08,0.0,386.01,143069.06,736.19,142332.86,258615.84,8.0,-327508.99000000005,0.01,93907.81,170452.36,661797.8500000001,7059.429999999999,215428.56,100795.75,215428.56,0.0,39198.78,27439.14,51862.03,701643.93,27439.15,-12663.240000000002,0.0,77949.819,489681.74,489681.74,225877.18,MARBRES I PEDRA ARTIFICIAL COLL SL_resum
2000-01-01,100795.75,220550.93,384559.71,3005.06,94057.5,1035210.87,96530.31,196588.97,41858.92,83399.53,125258.45,104956.79,301545.76,225656.0,139370.6,0.0,11325.27,11295.42,685697.4400000001,22370.82,685697.4400000001,2072.46,422.669,134027.98899999997,785.019,133242.97,302755.93000000005,8.0,-327508.99000000005,0.0,83013.95,222650.94,661797.8500000001,7059.429999999999,192135.94,100795.75,192135.94,0.0,72496.93999999999,50126.12,83399.53,701643.93,52198.58,-10902.59,2072.46,74691.36,518587.7,518587.7,267094.33900000004,MARBRES I PEDRA ARTIFICIAL COLL SL_resum
2001-01-01,118523.22,220550.93,405064.51,3005.06,104591.55,1035210.87,96530.31,232331.64,42629.55,102670.51,145300.06,122903.09,355234.73000000004,287618.0,153131.8,282.22,14806.89,14595.92,794899.1699999999,26555.13,794929.22,825.3599999999999,110.37,135077.65,484.07,134593.58,392317.09,8.0,-327508.99000000005,0.0,49829.78,284612.94,661797.8500000001,7059.429999999999,252524.16,118523.22,252524.16,0.0,87973.98999999999,61418.86,102670.51,701643.93,61962.0,-14696.52,543.14,49829.78,540142.16,540142.16,298874.39900000003,MARBRES I PEDRA ARTIFICIAL COLL SL_resum
2002-01-01,136250.69,220550.93,466482.78,3005.06,135750.22,1035210.87,96530.31,243597.16,44299.12,137410.86,181709.979,103006.57,346603.73000000004,379069.08,184387.93,0.0,3866.91,3866.73,971629.58,42389.310000000005,971629.58,0.0,296.46,111149.09,267.77,110881.32,492161.03,8.0,-327508.99000000005,0.0,119879.05,376064.02,661797.8500000001,7059.429999999999,198562.79,136250.69,198562.79,0.0,133840.41,91451.1,137410.86,701643.93,91451.1,-3570.4500000000003,0.0,119879.049,577631.87,577631.87,366394.189,MARBRES I PEDRA ARTIFICIAL COLL SL_resum
2003-01-01,153978.16,220550.93,615449.12,3005.06,144113.08,1035210.87,96530.31,294509.09,42325.45,150800.88999999998,193126.34,202991.74,497500.83,480856.71,194498.16,0.0,3891.729,2800.9100000000003,1064622.1790000002,50038.810000000005,1064622.1790000002,0.0,4917.28,97798.43,119.02,97679.41,560220.1699999999,8.0,-327508.99000000005,0.0,117948.289,477851.65,661797.8500000001,7059.429999999999,232390.84,153978.16,232390.84,0.0,151826.44,101787.63,150800.88999999998,701643.93,101787.63,1025.55,0.0,117948.29,713247.55,713247.55,391450.959,MARBRES I PEDRA ARTIFICIAL COLL SL_resum
2004-01-01,171705.63,220550.93,696366.61,3005.06,145626.83,1035210.87,96530.31,343832.59,29276.17,169200.53,198476.7,231748.6,575581.19,597207.37,227452.9,0.0,3453.68,2780.55,1173032.8,50634.23,1173032.8,0.0,1238.04,249645.51,0.0,249645.51,611592.73,8.0,-327508.99000000005,0.0,120785.419,594202.309,661797.8500000001,7059.429999999999,348804.75,171705.63,348804.75,0.0,166984.88999999998,116350.66,169200.53,701643.93,116350.66,-2215.64,0.0,120785.42,946012.12,946012.12,426494.51,MARBRES I PEDRA ARTIFICIAL COLL SL_resum
2005-01-01,189433.1,220550.93,751297.47,3005.06,117777.17,1035210.87,96530.31,378089.93000000005,62222.46,88388.8,150611.26,330089.1,708179.03,652762.08,246806.21,0.0,9517.33,8235.58,1199954.71,23809.15,1199954.71,0.0,492.39,309867.98000000004,0.0,309867.98000000004,653059.9600000001,8.0,-327508.99000000005,0.0,43118.44,649757.019,661797.8500000001,7059.429999999999,218970.27,189433.1,218970.27,0.0,79363.86,55554.71,88388.8,701643.93,55554.71,-9024.94,0.0,43118.44,1061165.45,1061165.45,396628.11,MARBRES I PEDRA ARTIFICIAL COLL SL_resum
2006-01-01,150673.64,220550.93,859289.73,3005.06,136465.01,1035210.87,96530.31,377378.71,65528.39,67930.95999999999,133459.34999999998,337265.0,714643.71,723698.7,267875.22900000005,2812.69,8944.81,8162.360000000001,1472435.3,25897.6,1472435.3,38991.0,1669.76,260213.82,0.0,260213.82,922747.4,8.0,-327508.99000000005,0.0,144646.019,720693.639,661797.8500000001,7059.429999999999,245131.21,150673.64,245131.21,0.0,60655.91,34758.310000000005,67930.95999999999,701643.93,70936.62000000001,-7275.05,36178.310000000005,144646.02,1119503.55,1119503.55,438400.199,MARBRES I PEDRA ARTIFICIAL COLL SL_resum
2007-01-01,105152.54,220550.93,1022953.31,3005.06,114183.31,1035210.87,96530.31,550043.69,60857.86,72894.64,133752.5,308616.75,858660.4400000001,777024.15,294190.76,0.0,7159.7,6885.52,1664152.91,13558.7,1664152.91,0.0,1149.21,201059.81,0.0,201059.81,994338.68,8.0,-327508.99000000005,0.0,164292.87,774019.09,661797.8500000001,7059.429999999999,341836.43000000005,105152.54,341836.43000000005,0.0,66884.149,53325.449,72894.64,701643.93,53325.45,-6010.49,0.0,164292.87,1224013.12,1224013.12,428818.29,MARBRES I PEDRA ARTIFICIAL COLL SL_resum
2008-01-01,60766.67,220550.93,756484.97,3005.06,89330.75,1035210.87,96530.31,442015.28,59836.49,39846.08,99682.57,297770.6,519234.95,806651.07,274452.37,0.0,10140.25,8774.99,1736854.8,9831.42,1736854.8,0.0,9619.85,501223.32,0.0,141223.31999999998,1035210.87,7.0,-327508.99000000005,360000.0,16699.09,803646.01,661797.8500000001,7059.429999999999,66149.88,67826.1,383231.12,0.0,39325.68,29494.26,39846.08,701643.93,29494.26,-520.399,0.0,15052.75,1257708.29,1257708.29,382389.529,MARBRES I PEDRA ARTIFICIAL COLL SL_resum
2009-01-01,13910.14,133868.44,596847.4,3005.06,74574.58,492978.58,78795.01,302708.67,59319.82,18230.9,77550.72,260190.36,429030.59,821905.8300000001,209443.28,0.0,12455.82,11786.28,949092.02,5262.37,949092.02,0.0,14742.05,452056.43000000005,0.0,92656.43,492978.58,6.0,-169119.44,359400.0,33948.37,818900.7699999999,437882.54,2380.4700000000003,76838.95,16290.61,210707.39,0.0,20517.13,15254.76,18230.9,456113.44,15254.76,2286.229,0.0,32693.460000000003,1048903.83,1048903.83,301066.51,MARBRES I PEDRA ARTIFICIAL COLL SL_resum
2010-01-01,45631.55,75962.48,474514.07,3005.06,-35736.719999999994,257203.55,61059.71,168271.31,19698.84,-83585.06,-63886.22,290203.94,382512.77,766470.2699999999,213721.61,0.0,2229.74,2229.74,557721.62,-16971.260000000002,557721.62,0.0,13407.98,451819.19,0.0,98171.77,257203.55,7.0,-150682.68,353647.42000000004,16038.82,763465.21,384103.129,18.33,38250.63,45649.880000000005,114213.11,0.0,-72406.82,-55435.56,-83585.06,300518.07,-55435.56,11178.240000000002,0.0,14641.87,926333.26,926333.26,163243.36899999998,MARBRES I PEDRA ARTIFICIAL COLL SL_resum
2011-01-01,36923.16,77129.89,462935.22,3005.06,-47864.22,219301.23,43324.41,160789.31999999998,16871.95,-95178.57,-78306.62000000001,291285.15,374944.58,701734.1,188048.7,0.0,4251.26,4251.26,430616.92,-21143.57,430616.92,0.0,13550.089,453993.74,0.0,81299.82,219301.23,6.0,-101573.61,372693.92,10860.75,698729.039,306494.26,153.39,100988.42,37076.55,178118.31,0.0,-85879.73999999999,-64736.17,-95178.57,211315.689,-64736.17,9298.829,0.0,9245.28,916928.96,916928.96,123292.17,MARBRES I PEDRA ARTIFICIAL COLL SL_resum
2012-01-01,27798.51,52095.73,437669.42,3005.06,-21827.469,206223.59,25589.11,135130.91,11184.29,-49053.97,-37869.68,289934.45,372969.63,668722.3400000001,165370.37,0.0,7372.469999999999,6809.33,425325.31,-10252.09,425325.31,0.0,13162.59,371775.93000000005,0.0,70115.53,206223.59,5.0,-91601.03,301660.4,12604.06,665717.2799999999,268155.69,288.45,34951.21,28086.960000000003,112636.05,0.0,-43263.850000000006,-33011.759,-49053.97,219101.72,-33011.759,5790.120000000001,0.0,11576.62,809445.3500000001,809445.3500000001,140100.139,MARBRES I PEDRA ARTIFICIAL COLL SL_resum
2013-01-01,31889.980000000003,57064.2,348908.9,3005.06,-99951.22,194549.42,56073.37,57648.27,12344.29,-149853.14,-137508.84999999998,288525.5,289109.57,556426.8300000001,159249.44999999998,0.0,8655.54,8655.54,365410.94,-36566.68,367410.94,0.0,9646.49,400877.54,0.0,81587.77,194549.42,4.0,-151120.91999999998,319289.77,2735.13,553421.7699999999,322714.66,742.8299999999999,47589.22899999999,32632.81,160726.8,0.0,-148862.19,-112295.51,-149853.14,172861.52,-112295.51,990.949,0.0,1707.6899999999998,749786.4400000001,749786.4400000001,31387.09,MARBRES I PEDRA ARTIFICIAL COLL SL_resum
2014-01-01,35944.18,65983.17900000002,407122.84,3005.06,9745.07,130547.74,106456.58,83408.48999999999,9025.08,3964.35,12989.43,313806.86,331232.171,557146.8200000001,152639.44999999998,0.0,11685.35,11685.35,374237.1,340.0,374237.1,0.0,8780.99,407849.06,0.0,102562.69,130547.74,4.0,-78060.48,305286.37,9907.49,554141.76,239725.009,0.0,49441.14,35944.18,221880.9,0.0,1059.99,719.99,3964.35,243689.36,719.99,-2904.36,0.0,8788.25,814971.9,814971.9,174409.87,MARBRES I PEDRA ARTIFICIAL COLL SL_resum
2015-01-01,38087.44,96971.55,419183.22,3005.06,9762.125,339565.07,131435.93,104426.6,8299.39,-2260.13,-2260.13,313637.38,321092.43000000005,542967.66,175141.76,0.0,20719.54,20719.54,618369.1699999999,-4726.39,618369.1699999999,0.0,4074.12,454718.1,0.0,162343.08,339565.07,5.0,-105922.47,292375.02,1119.24,539962.6,281064.23000000004,0.0,64438.74,38087.44,292846.22000000003,0.0,-18905.55,-14179.16,-2260.13,278804.1,-14179.16,-16645.420000000002,0.0,7647.86,873901.3200000001,873901.3200000001,176955.75,MARBRES I PEDRA ARTIFICIAL COLL SL_resum
2016-01-01,71170.78,72691.08,455772.9,3005.06,9779.18,212306.009,86839.23,83261.58,7573.7,22035.44,29609.14,364884.61,375455.11,545173.14,128147.67,0.0,19098.2,19098.2,433346.59,735.16,433346.59,0.0,3.4,373993.56,0.0,154769.37999999998,263553.24,4.0,-63283.77,219224.18,7626.71,542168.08,199005.14,0.0,53892.23,71170.78,213422.54,0.0,2940.64,2205.48,22035.44,221040.58,2205.48,-19094.8,0.0,6507.469999999999,829766.4600000001,829766.4600000001,157760.21000000002,MARBRES I PEDRA ARTIFICIAL COLL SL_resum
2017-01-01,106659.62,57453.310000000005,443188.46,3005.06,24650.64,284800.53,21989.47,75669.08,7573.7,46497.61,54071.310000000005,357359.72000000003,375575.4900000001,562250.08,151990.44999999998,0.0,23760.24,23760.24,546595.89,5692.320000000001,546595.89,0.0,31.89,363479.87,0.0,147195.68,284800.53,4.0,-55733.6,216284.19,10159.66,559245.02,215297.75,0.0,58315.850000000006,106659.62,137758.63,0.0,22769.26,17076.940000000002,46497.61,261795.36,17076.940000000002,-23728.35,0.0,9040.42,806668.3300000001,806668.3300000001,206093.65,MARBRES I PEDRA ARTIFICIAL COLL SL_resum
2018-01-01,79401.43999999999,85821.85,455564.03,3005.06,8835.05,172854.55,65147.86,98361.45,7573.7,25234.73,32808.43,352980.98000000004,365520.579,563511.43,147102.62,0.0,23115.25,23115.25,396895.91,858.13,396895.91,0.0,0.0,379047.86,0.0,163621.8,172854.55,4.0,-44130.310000000005,215426.06,4221.6,560506.37,198806.63,0.0,40729.310000000005,79401.43999999999,191699.02,0.0,2119.48,1261.35,25234.73,224041.36,1261.35,-23115.25,0.0,3102.36,834611.89,834611.89,179911.05,MARBRES I PEDRA ARTIFICIAL COLL SL_resum
2019-01-01,63645.45,60601.06,437558.59,3005.06,18582.39,254100.99,43288.880000000005,81475.7,7573.7,30599.59,38173.28999999999,345448.12,366322.76,574520.12,181875.71,0.0,15385.48,15385.48,543600.8,4205.42,543600.8,0.0,0.0,367269.1,0.0,156048.46,254100.99,6.0,-69450.81,211220.64,10634.77,571515.059,258900.22,0.0,62772.18,63645.45,166662.12,0.0,15214.11,11008.69,30599.59,289499.81,11008.69,-15385.48,0.0,9509.53,804827.69,804827.69,220049.0,MARBRES I PEDRA ARTIFICIAL COLL SL_resum
2020-01-01,113319.59,35755.2,392159.97,3005.06,-47148.34,158168.18,43465.94,38716.72,7881.39,-61558.67,-53677.28,350476.69,353438.21,519490.39,165901.6,0.0,11697.56,11697.56,335986.43000000005,-18226.5,335986.43000000005,0.0,0.0,386928.88,0.0,157031.74000000002,158168.18,5.0,-65593.93,229897.14,2966.56,516485.33,239376.92,0.0,67057.73,113319.59,146278.87,0.0,-73256.23,-55029.72899999999,-61558.67,177818.25,-55029.72899999999,-11697.56,0.0,1841.32,779088.8500000001,779088.8500000001,112224.32,MARBRES I PEDRA ARTIFICIAL COLL SL_resum
2021-01-01,127001.83,74409.82,403308.93000000005,3005.06,9010.539,308770.56,23257.66,54510.11,8125.860000000001,14458.25,22584.11,340901.17,321001.45900000003,520375.07,201845.15,0.0,12941.1,12941.1,529527.54,632.47,547341.19,0.0,0.0,396034.32,0.0,166769.65,308770.56,6.0,-14141.37,229264.669,7897.650000000001,517370.01,224112.379,0.0,54298.87,127001.83,151966.34999999998,0.0,1517.15,884.6800000000001,14458.25,238570.63,884.6800000000001,-12941.1,0.0,6772.41,799343.25,799343.25,224429.259,MARBRES I PEDRA ARTIFICIAL COLL SL_resum
2022-01-01,160260.44,72362.86,431249.07,3005.06,12251.55,284735.07,47580.61,89624.25,10079.0,13730.23,23809.23,338847.76,356109.15,522547.62,159952.18,0.0,10797.06,10797.06,527810.04,795.93,527810.04,0.0,35.309999999999995,426159.39,0.0,197690.65,284735.07,5.0,-59313.56,228468.74,2777.06,519542.56,229344.74,0.0,54656.93,160260.44,174600.4,0.0,2968.48,2172.55,13730.23,243074.97,2172.55,-10761.75,0.0,1651.82,857408.4600000001,857408.4600000001,183796.72,MARBRES I PEDRA ARTIFICIAL COLL SL_resum
2023-01-01,119313.25,82472.45,448920.66,3005.06,14137.54,358105.45,77484.22,60089.84,11421.36,20576.91,31998.27,354421.25,332038.639,525263.8,181817.37,0.0,16756.56,16756.56,640084.14,1179.07,646054.14,0.0,74.9,413558.96,0.0,186269.29,358105.45,5.0,-74133.05,227289.669,34409.57,522258.74,267371.77900000004,0.0,57945.9,119313.25,217902.57,0.0,3895.25,2716.18,20576.91,287948.69,2716.18,-16681.66,0.0,5266.51,862479.62,862479.62,213890.539,MARBRES I PEDRA ARTIFICIAL COLL SL_resum
