Año,Acreedores a L. P.,Acreedores comerciales,Activo circulante,Capital suscrito,Cash flow,Consumo de mercaderías y de materias,Deudas financieras,Deudores,Dotaciones para amortiz. de inmovil.,EBIT,EBITDA,Existencias,Fondo de maniobra,Fondos propios,Gastos de personal,Gastos extraordinarios,Gastos financieros,Gastos financieros y gastos asimilados,Importe neto Cifra de Ventas,Impuestos sobre sociedades,Ingresos de explotación,Ingresos extraordinarios,Ingresos financieros,Inmovilizado,Inmovilizado inmaterial,Inmovilizado material,Materiales,Número empleados,Otros Conceptos de Explotación,Otros activos fijos,Otros activos líquidos,Otros fondos propios,Otros gastos de explotación,Otros pasivos fijos,Otros pasivos líquidos,Pasivo fijo,Pasivo líquido,Provisiones,Result. ordinarios antes Impuestos,Resultado Actividades Ordinarias,Resultado Explotación,Resultado bruto,Resultado del Ejercicio,Resultado financiero,Resultados actividades extraordinarias,Tesorería,Total activo,Total pasivo y capital propio,Valor agregado,Empresa
1999-01-01,41252.87,132838.66,73365.36,6010.120000000001,4639.26,528770.55,0.0,20293.38,2650.04,12192.25,14842.29,50940.64,71234.02,25883.05,49176.96,0.0,9257.71,9257.71,509536.46,1843.93,509595.91,793.43,105.18,26105.38,6433.5,19671.88,382852.88,2.0,-56237.78999999999,0.0,2131.34,19872.93,118791.99,0.0,32334.82,41252.87,32334.82,0.0,3039.72,1195.789,12192.25,155273.42899999995,1989.22,-9152.53,793.43,2131.34,99470.74,99470.74,64917.86,MATERIALS DE CONSTRUCCIO LES GUILLERIES SL_resum
2000-01-01,53721.4,132838.66,74920.57,6010.120000000001,3050.3300000000004,528770.55,0.0,21125.78,2822.17,13869.39,16691.558999999997,53794.78999999999,74920.57,26111.21,48282.49,0.0,12784.66,12784.66,470286.75,1113.86,470346.2,254.81,2.49,23283.2,0.0,23283.2,335987.16,2.0,-56237.78999999999,0.0,0.0,20101.09,118791.99,0.0,18371.16,53721.4,18371.16,0.0,1087.22,-26.639000000000003,13869.39,155273.42899999995,228.16,-12782.17,254.81,0.0,98203.77,98203.77,65231.34,MATERIALS DE CONSTRUCCIO LES GUILLERIES SL_resum
2001-01-01,177885.91,132838.66,78936.35,6010.120000000001,-1716.61,528770.55,0.0,27606.31,2834.07,-1755.55,1078.52,51330.04,78936.35,21560.53,44031.21,0.0,18037.37,18037.37,421405.26,-1950.28,421405.26,13290.58,1.38,178192.63,0.0,178192.63,316504.59,2.0,-56237.78999999999,0.0,0.0,15550.41,118791.99,0.0,57682.54,177885.91,57682.54,0.0,-19791.54,-17841.260000000002,-1755.55,155273.42899999995,-4550.68,-18035.99,13290.58,0.0,257128.98,257128.98,58401.69,MATERIALS DE CONSTRUCCIO LES GUILLERIES SL_resum
2002-01-01,187809.72,132838.66,75559.23,6010.120000000001,-924.239,528770.55,0.0,22214.19,6997.74,12323.39,19321.129,53345.04,75559.23,13638.56,44215.14,1.92,23998.27,23998.27,481538.57,-3395.14,481538.57,335.33,24.35,181666.81,0.0,181666.81,363325.59,2.0,-56237.78999999999,0.0,0.0,7628.44,118791.99,0.0,55777.76,187809.72,55777.76,0.0,-11650.53,-8255.39,12323.39,155273.42899999995,-7921.98,-23973.92,333.409,0.0,257226.04,257226.04,63894.03,MATERIALS DE CONSTRUCCIO LES GUILLERIES SL_resum
2003-01-01,172652.83,132838.66,93409.0,6010.120000000001,2408.72,528770.55,0.0,24540.960000000003,1831.63,26823.76,28655.39,68868.04,93409.0,14215.65,44256.53,0.0,26185.07,26185.07,531254.5889999999,247.32,531254.5889999999,175.26999999999998,10.45,179835.18,0.0,179835.18,398602.37,2.0,-56237.78999999999,0.0,0.0,8205.529,118791.99,0.0,86375.7,172652.83,86375.7,0.0,649.14,401.82,26823.76,155273.42899999995,577.09,-26174.62,175.26999999999998,0.0,273244.18,273244.18,73097.64,MATERIALS DE CONSTRUCCIO LES GUILLERIES SL_resum
2004-01-01,154746.01,132838.66,110084.24,6010.120000000001,16938.0,528770.55,0.0,48095.13,5659.5,48100.74,53760.24,61989.11,110084.239,25494.15,40539.1,0.0,32047.51,32047.51,641320.69,4833.64,641320.69,35.18,23.73,174175.68,0.0,174175.68,473155.4900000001,2.0,-56237.78999999999,0.0,0.0,19484.03,118791.99,0.0,104019.76,154746.01,104019.76,0.0,16076.96,11243.32,48100.74,155273.42899999995,11278.5,-32023.78,35.18,0.0,284259.92000000004,284259.92000000004,94358.25,MATERIALS DE CONSTRUCCIO LES GUILLERIES SL_resum
2005-01-01,185204.82,132838.66,84974.59,6010.120000000001,11428.09,528770.55,0.0,25491.73,5699.31,26950.64,32649.95,59482.86,84974.59,31222.93,38293.810000000005,0.0,23684.33,23684.33,626358.09,2455.19,626358.09,4694.63,223.03,200088.97,0.0,200088.97,481019.83,2.0,-56237.78999999999,0.0,0.0,25212.81,118791.99,0.0,68635.81,185204.82,68635.81,0.0,3489.34,1034.15,26950.64,155273.42899999995,5728.78,-23461.3,4694.63,0.0,285063.56,285063.56,75861.42,MATERIALS DE CONSTRUCCIO LES GUILLERIES SL_resum
2006-01-01,160658.06,132838.66,75378.47,6010.120000000001,22785.21,528770.55,0.0,29233.22,8609.8,37442.76,46052.56,41019.86,70253.08,45398.34,35752.86,0.0,17254.03,17254.03,671416.14,6075.17,671416.14,0.1,61.75,191479.17,0.0,191479.17,510909.26,2.0,-56237.78999999999,0.0,5125.389,39388.219,118791.99,0.0,60801.24,160658.06,60801.24,0.0,20250.480000000003,14175.31,37442.76,155273.42899999995,14175.41,-17192.280000000002,0.1,5125.39,266857.64,266857.64,81867.27,MATERIALS DE CONSTRUCCIO LES GUILLERIES SL_resum
2007-01-01,137992.01,132838.66,105520.04,6010.120000000001,40863.64,528770.55,0.0,51278.12,8609.8,54802.41,63412.21,30270.86,81548.98,77652.18000000001,41027.71,0.0,11812.99,11812.99,880295.04,10751.28,880295.04,0.0,15.7,182869.37,0.0,182869.37,683038.02,2.0,-56237.78999999999,0.0,23971.059,71642.06,118791.99,0.0,72745.22,137992.01,72745.22,0.0,43005.12,32253.84,54802.41,155273.42899999995,32253.84,-11797.29,0.0,23971.06,288389.41000000003,288389.41000000003,104455.62,MATERIALS DE CONSTRUCCIO LES GUILLERIES SL_resum
2008-01-01,149015.37999999998,132838.66,124503.2,6010.120000000001,26324.89,528770.55,0.0,89052.82,8609.8,36481.44,45091.24,32339.86,-11445.979,95367.27,53944.4,0.0,12873.73,12873.73,684043.98,5905.03,684043.98,0.0,12.41,267492.57,0.0,267492.57,528770.55,2.0,-56237.78999999999,438.8740000000001,3110.52,89357.15000000001,118791.99,0.0,14774.46,149015.37999999998,147613.12,0.0,23620.12,17715.09,36481.44,155273.42899999995,17715.09,-12861.32,0.0,3110.52,391995.77,391995.77,99048.05,MATERIALS DE CONSTRUCCIO LES GUILLERIES SL_resum
2009-01-01,225017.96,40591.14,126892.57,6010.120000000001,16084.05,315156.11,0.0,73268.19,14203.78,17852.36,32056.14,45881.86,78558.90999999999,97247.54,59129.47,0.0,15407.71,15407.71,449144.1,626.76,449144.1,0.0,62.38,253288.79,0.0,253288.79,315156.11,3.0,-42802.380000000005,877.7480000000002,7742.52,91237.42,116135.62900000002,0.0,17324.72,225017.96,57915.86,0.0,2507.03,1880.27,17852.36,133987.98899999997,1880.27,-15345.33,0.0,7742.52,380181.36,380181.36,91247.989,MATERIALS DE CONSTRUCCIO LES GUILLERIES SL_resum
2010-01-01,231658.38,39995.22,132692.29,6010.120000000001,17280.03,265089.07,0.0,59365.94,16157.4,15780.13,31937.53,71101.26,90471.98,98370.17,62094.8,0.0,14666.99,14666.99,385378.65,374.21,385378.65,0.0,383.7,262693.349,0.0,262693.349,265089.07,3.0,-26257.25,1316.6220000000003,2225.09,92360.05,104509.449,0.0,25361.87,231658.38,65357.09,0.0,1496.84,1122.629,15780.13,120289.58,1122.629,-14283.289,0.0,2225.09,395385.64,395385.64,94416.03,MATERIALS DE CONSTRUCCIO LES GUILLERIES SL_resum
2011-01-01,229844.69,9887.84,143919.11000000002,6010.120000000001,19484.91,250104.84,0.0,59367.850000000006,18653.69,13445.240000000002,32098.93,84551.26,134031.269,99201.39,63396.02,0.0,12468.87,12468.87,339713.86,277.07,339714.95900000003,0.0,131.92000000000002,244039.66,0.0,244039.66,250104.84,3.0,5884.829000000001,1755.4960000000003,4182.09,93191.27,76164.88,0.0,49024.850000000006,229844.69,58912.69,0.0,1108.29,831.22,13445.240000000002,89610.119,831.22,-12336.95,0.0,0.0,387958.77,387958.77,95626.87,MATERIALS DE CONSTRUCCIO LES GUILLERIES SL_resum
2012-01-01,198679.36,1054.39,152896.71000000002,6010.120000000001,3446.59,192342.23,0.0,60889.45,10029.7,5237.79,15267.49,92007.26,151842.319,92618.28,38060.59,0.0,14015.27,14015.27,273738.46,-2194.3700000000003,273738.62,0.0,0.0,224197.71,0.0,222003.34,192342.23,1.0,-28068.309,2194.3700000000003,6139.09,86608.16,76158.599,0.0,84742.39,198679.36,85796.78,0.0,-8777.48,-6583.110000000001,5237.79,81396.38900000001,-6583.110000000001,-14015.27,0.0,0.0,377094.42,377094.42,53328.08,MATERIALS DE CONSTRUCCIO LES GUILLERIES SL_resum
2013-01-01,121467.3,4410.27,169378.11000000002,6010.120000000001,10917.52,145271.36,0.0,54687.76,15413.69,6925.26,22338.95,106594.26,156871.75,88122.11,19343.52,0.0,12946.33,12946.33,209202.74,-1499.4,209202.74,0.0,25.5,141726.01,0.0,138032.24000000002,145271.36,1.0,-22248.91,3693.77,8096.09,82111.98999999999,57006.12,0.0,97104.44,121467.3,101514.71,0.0,-5995.57,-4496.17,6925.26,63931.380000000005,-4496.17,-12920.83,0.0,8096.09,311104.12,311104.12,41707.97,MATERIALS DE CONSTRUCCIO LES GUILLERIES SL_resum
2014-01-01,113462.38,3061.4100000000003,180208.24,6010.120000000001,10009.529,167473.81,0.0,61126.98,6130.2,14803.1,20933.3,119081.26,177146.83,92001.44,19643.52,0.0,9630.65,9630.65,235897.93,1293.12,235897.93,0.0,0.0,134302.69,0.0,131902.04,167473.81,1.0,-27847.3,2400.65,6076.5725,85991.32,53621.02,0.0,105985.7,113462.38,109047.11,0.0,5172.45,3879.33,14803.1,68424.12000000001,3879.33,-9630.65,0.0,0.0,314510.93000000005,314510.93000000005,40576.82,MATERIALS DE CONSTRUCCIO LES GUILLERIES SL_resum
2015-01-01,106872.24,4486.01,189517.95,6010.120000000001,9465.82,180753.78,0.0,68052.69,5859.71,10738.17,16597.88,121465.26,185031.94,95607.55,19123.06,0.0,5930.03,5930.03,240588.11,1202.03,240588.11,0.0,0.0,127240.95,0.0,126042.33,180753.78,1.0,-24113.39,1198.62,4057.0550000000003,89597.43,49096.159,0.0,109793.1,106872.24,114279.11,0.0,4808.14,3606.11,10738.17,59834.329,3606.11,-5930.03,0.0,0.0,316758.9,316758.9,35720.94,MATERIALS DE CONSTRUCCIO LES GUILLERIES SL_resum
2016-01-01,102791.1,8527.210000000001,200347.03,6010.120000000001,8050.54,177126.3,0.0,77186.77,5548.969999999999,6442.85,11991.82,123160.26,191819.82,98109.12,18903.0,0.0,3107.4300000000003,3107.4300000000003,235064.32,833.8499999999999,235064.32,0.0,0.0,120858.13,0.0,120493.36,177126.3,1.0,-27043.2,364.77,2037.5375000000004,92099.0,51495.17,0.0,111777.73,102791.1,120304.94,0.0,3335.42,2501.57,6442.85,57938.02,2501.57,-3107.4300000000003,0.0,0.0,321205.16,321205.16,30894.82,MATERIALS DE CONSTRUCCIO LES GUILLERIES SL_resum
2017-01-01,118044.45,20209.72,220004.09,6010.120000000001,7760.7,146206.76,0.0,82219.56,5492.95,5961.620000000001,11454.57,137766.51,199776.35,100376.87,23094.76,0.0,2937.9500000000003,2937.9500000000003,212716.29,755.92,212716.29,0.0,0.0,133494.91999999998,0.0,133494.91999999998,146206.76,1.0,-31960.2,364.77,18.02,94366.75,60547.91,0.0,114867.97,118044.45,135077.69,0.0,3023.67,2267.75,5961.620000000001,66509.53,2267.75,-2937.9500000000003,0.0,0.0,353499.01,353499.01,34549.33,MATERIALS DE CONSTRUCCIO LES GUILLERIES SL_resum
2018-01-01,111028.41,8950.18,218151.49,6010.120000000001,9384.44,175173.4,0.0,79135.98,7608.92,7479.26,15088.18,139015.51,209201.31,102152.39,24019.32,0.0,5111.9,5111.9,246615.46,591.8399999999999,246615.46,0.0,0.0,125886.0,0.0,125886.0,175173.4,1.0,-32334.56,364.77,5568.213,96142.27,63962.8,0.0,121906.51,111028.41,130856.69,0.0,2367.36,1775.52,7479.26,71442.06,1775.52,-5111.9,0.0,0.0,344037.49000000005,344037.49000000005,39107.5,MATERIALS DE CONSTRUCCIO LES GUILLERIES SL_resum
2019-01-01,103841.03,23744.79,217148.53,6010.120000000001,9230.36,228170.06,0.0,78274.27,7608.92,6102.26,13711.18,138874.26,193403.74,103773.83,29705.86,0.0,3940.35,3940.35,308255.46,540.47,308255.46,0.0,0.0,118277.08,0.0,118277.08,228170.06,1.0,-36668.36,364.77,11118.405999999999,97763.71,73983.13900000001,0.0,104065.96,103841.03,127810.75,0.0,2161.9100000000003,1621.439,6102.26,80085.4,1621.439,-3940.35,0.0,0.0,335425.61,335425.61,43417.04,MATERIALS DE CONSTRUCCIO LES GUILLERIES SL_resum
2020-01-01,191939.23,29154.33,221346.02,6010.120000000001,11439.58,271520.44,0.0,78218.40999999999,7608.92,7843.68,15452.6,126459.01,175523.08899999998,107604.48,39273.7,0.0,2736.14,2736.14,380724.22,1276.88,380724.22,0.0,0.0,110668.16,0.0,110668.16,271520.44,3.0,-54477.479,364.77,16668.599,101594.36,101360.099,0.0,3316.14,191939.23,32470.47,0.0,5107.54,3830.66,7843.68,109203.779,3830.66,-2736.14,0.0,6876.77,332014.18,332014.18,54726.29899999999,MATERIALS DE CONSTRUCCIO LES GUILLERIES SL_resum
2021-01-01,172877.87999999998,37705.99,229397.38,6010.120000000001,11947.39,285903.87,0.0,88043.57,7608.92,7686.769999999999,15295.69,136311.15,186648.73,111942.95,43681.22,0.0,1902.14,1902.14,396915.58,1446.16,396915.58,0.0,0.0,103059.24,0.0,103059.24,285903.87,3.0,-52034.8,364.77,5042.660000000001,105932.83,103324.94,0.0,9929.8,172877.87999999998,47635.78999999999,0.0,5784.63,4338.469999999999,7686.769999999999,111011.71,4338.469999999999,-1902.14,0.0,0.0,332456.62,332456.62,58976.909,MATERIALS DE CONSTRUCCIO LES GUILLERIES SL_resum
2022-01-01,150277.11000000002,53948.9,245058.54,6010.120000000001,14582.27,341384.37,0.0,101523.39,7608.92,10376.91,17985.829999999998,143535.15,191109.639,118916.3,65506.28999999999,0.0,1209.26,1209.26,483275.83,2194.3,497488.04,0.0,0.0,95450.32,0.0,95450.32,341384.37,4.0,-72611.55,364.77,6223.9395,112906.18,145726.76,0.0,17366.55,150277.11000000002,71315.45,0.0,9167.65,6973.349,10376.91,156103.67,6973.349,-1209.26,0.0,0.0,340508.86,340508.86,83492.12000000001,MATERIALS DE CONSTRUCCIO LES GUILLERIES SL_resum
2023-01-01,141377.18,39382.62,228274.22,6010.120000000001,14339.23,380327.19,0.0,76318.3,7505.56,9517.75,17023.309999999998,144550.7,181486.38,125749.97,74618.48999999999,0.0,849.7900000000001,849.7900000000001,565319.54,1834.29,568908.66,0.0,0.0,87944.76,0.0,87944.76,380327.19,4.0,-96939.67,364.77,7405.219,119739.849,179063.72,0.0,9709.21,141377.18,49091.83,0.0,8667.96,6833.669000000001,9517.75,188581.47,6833.669000000001,-849.7900000000001,0.0,2717.74,316218.98000000004,316218.98000000004,91641.8,MATERIALS DE CONSTRUCCIO LES GUILLERIES SL_resum
