Año,Acreedores a L. P.,Acreedores comerciales,Activo circulante,Capital suscrito,Cash flow,Consumo de mercaderías y de materias,Deudas financieras,Deudores,Dotaciones para amortiz. de inmovil.,EBIT,EBITDA,Existencias,Fondo de maniobra,Fondos propios,Gastos de personal,Gastos extraordinarios,Gastos financieros,Gastos financieros y gastos asimilados,Importe neto Cifra de Ventas,Impuestos sobre sociedades,Ingresos de explotación,Ingresos extraordinarios,Ingresos financieros,Inmovilizado,Inmovilizado inmaterial,Inmovilizado material,Materiales,Número empleados,Otros Conceptos de Explotación,Otros activos fijos,Otros activos líquidos,Otros fondos propios,Otros gastos de explotación,Otros pasivos fijos,Otros pasivos líquidos,Pasivo fijo,Pasivo líquido,Provisiones,Result. ordinarios antes Impuestos,Resultado Actividades Ordinarias,Resultado Explotación,Resultado bruto,Resultado del Ejercicio,Resultado financiero,Resultados actividades extraordinarias,Tesorería,Total activo,Total pasivo y capital propio,Valor agregado,Empresa
1999-01-01,22975.57,225020.04,396268.74,142439.87,54550.17,739047.7799999999,8506.730000000001,144415.67,31177.17,41901.880000000005,73079.049,239076.63,383492.3,227266.55,342831.02,0.0,8511.89,8511.89,875558.16,10017.0,875558.16,0.0,338.53,152367.47,43006.2,96114.05,387813.3,16.0,-140752.919,13247.22,12776.439,84826.68000000001,564746.05,2113.29,298394.08,22975.57,298394.08,0.0,33390.0,23373.0,41901.880000000005,546118.409,23373.0,-8511.89,0.0,10183.85,548636.21,548636.21,415910.08,MECANITZATS I MUNTATGES MONTSORIU SL_resum
2000-01-01,24719.37,225020.04,464636.579,142439.87,49103.17,739047.7799999999,8506.730000000001,179416.3,30718.08,35237.27,65955.35,275954.05,455370.35,245651.64,314257.52,0.0,9311.38,9311.38,677513.7699999999,7879.320000000001,677513.7699999999,0.0,338.53,114206.73,35961.93,72440.23999999999,234926.25,16.0,-140752.919,5804.559,9266.229,103211.77,564746.05,2113.29,333191.66,24719.37,333191.66,0.0,26264.41,18385.09,35237.27,546118.409,18385.09,-8972.859999999999,0.0,7209.49,578843.3,578843.3,380551.39,MECANITZATS I MUNTATGES MONTSORIU SL_resum
2001-01-01,26463.170000000002,225020.04,481191.16,142439.87,50545.99,739047.7799999999,8506.730000000001,298396.43000000005,28878.43,44717.04,73595.47,177043.74000000002,475440.17,267319.2,317331.98000000004,0.0,15925.53,15925.53,970684.84,9286.1,970684.84,1126.1799999999998,1035.97,85328.3,28917.65,50606.09,507150.81,16.0,-140752.919,5804.56,5750.989,124879.33,564746.05,2113.29,299200.26,26463.170000000002,299200.26,0.0,29827.480000000003,20541.379,44717.04,546118.409,21667.56,-14889.56,1126.1799999999998,5750.99,566519.4600000001,566519.4600000001,393089.6,MECANITZATS I MUNTATGES MONTSORIU SL_resum
2002-01-01,28206.97,225020.04,407104.86,142439.87,60756.7,739047.7799999999,8506.730000000001,295855.24,36992.8,42327.61,79320.40999999999,99117.51,394972.75,291083.1,343358.89,0.0,14460.13,14460.13,1022659.23,10184.53,1022659.23,4761.96,1318.99,121450.19,19374.76,92568.8,524799.069,16.0,-140752.919,9506.63,12132.109,148643.229,564746.05,2113.29,209264.98,28206.97,209264.98,0.0,29186.47,19001.94,42327.61,546118.409,23763.9,-13141.14,4761.96,12132.11,528555.05,528555.05,428760.25,MECANITZATS I MUNTATGES MONTSORIU SL_resum
2003-01-01,44057.78999999999,225020.04,465042.09,142439.87,58060.03,739047.7799999999,8506.730000000001,364229.85,38739.32,32973.879,71713.19900000001,63517.0,427746.85,310403.81,338143.06,0.0,6405.75,6405.75,996138.53,8280.307999999999,996138.53,0.0,1032.89,83406.31,0.0,73204.23999999999,507206.33,16.0,-140752.919,10202.069,37295.24,167963.94,564746.05,2113.29,193986.8,44057.78999999999,193986.8,0.0,27601.02,19320.712,32973.879,546118.409,19320.71,-5372.860000000001,0.0,37295.24,548448.4,548448.4,410889.1479999999,MECANITZATS I MUNTATGES MONTSORIU SL_resum
2004-01-01,33372.189999999995,225020.04,568417.93,142439.87,43637.72,739047.7799999999,8506.730000000001,378962.58,24601.24,33766.759999999995,58368.0,37017.0,415979.58,329440.29000000004,335914.32,0.0,6571.79,6571.79,1132225.1900000002,8158.49,1132225.1900000002,0.0,831.35,65505.07,0.0,55303.0,620756.3500000001,16.0,-140752.919,10202.07,152438.34999999998,187000.419,564746.05,2113.29,271110.52,33372.189999999995,271110.52,0.0,27194.97,19036.480000000003,33766.759999999995,546118.409,19036.480000000003,-6571.79,0.0,152438.34999999998,633923.0,633923.0,394282.32,MECANITZATS I MUNTATGES MONTSORIU SL_resum
2005-01-01,22346.43,225020.04,533500.31,142439.87,51805.91,739047.7799999999,8506.730000000001,312109.15,33255.54,30234.81,63490.350000000006,99651.0,411760.15,347990.66,346029.33,0.0,6396.860000000001,6396.860000000001,1102103.98,7950.160000000001,1102103.98,2032.77,629.81,127954.12,0.0,117752.05,565948.12,16.0,-140752.919,10202.069,121740.16,205550.789,564746.05,2113.29,291117.34,22346.43,291117.34,0.0,24467.76,16517.599,30234.81,546118.409,18550.37,-5767.05,2032.77,121740.16,661454.43,661454.43,412182.259,MECANITZATS I MUNTATGES MONTSORIU SL_resum
2006-01-01,10959.31,225020.04,536419.65,142439.87,30543.68,739047.7799999999,8506.730000000001,343773.27,13190.47,27482.26,40672.72899999999,130651.0,474424.27,365343.87,359813.16,0.0,8787.59,8787.59,1246418.6,7437.09,1246418.6,5283.21,812.42,120046.86,0.0,109844.79,713359.26,16.0,-140752.919,10202.07,61995.380000000005,222904.0,564746.05,2113.29,280163.33,10959.31,280163.33,0.0,19507.09,12070.0,27482.26,546118.409,17353.21,-7975.17,5283.21,61995.380000000005,656466.51,656466.51,406581.519,MECANITZATS I MUNTATGES MONTSORIU SL_resum
2007-01-01,10695.439999999999,225020.04,561662.8600000001,142439.87,32778.059,739047.7799999999,8506.730000000001,339498.32,12938.07,32856.66,45794.73,162547.44,502045.76,385183.86,380020.36,0.0,7208.7,7208.7,1256293.84,6613.33,1256293.84,346.53,458.83,107233.2,0.0,96906.72,672843.3200000001,16.0,-140752.919,10326.479,59617.099,242743.99,564746.05,2113.29,283712.2,11752.085,283712.2,0.0,26106.79,19493.460000000003,32856.66,546118.409,19839.99,-6749.87,346.53,58739.6,668896.06,668896.06,426620.45,MECANITZATS I MUNTATGES MONTSORIU SL_resum
2008-01-01,10431.57,225020.04,580069.49,142439.87,-3879.44,739047.7799999999,8506.730000000001,384510.28,15145.92,-18627.64,-3481.719,154870.09,314360.329,365281.0,408847.21,0.0,1039.359,37.3,1284341.1900000002,6871.5775,1285166.1900000002,0.0,641.64,125025.32,0.0,114760.8,739047.7799999999,16.0,-140752.919,10264.52,40689.12,222841.13,564746.05,2113.29,93742.18,12544.86,327268.95,0.0,-19025.36,-19025.36,-18627.64,546118.409,-19025.36,-397.719,0.0,40689.12,705094.81,705094.81,405005.07,MECANITZATS I MUNTATGES MONTSORIU SL_resum
2009-01-01,43223.91,193237.32,595578.93,142439.87,-9368.16,349433.97000000003,83897.35,393198.46,14163.46,-19280.460000000003,-5117.0,180304.65,380265.79,341749.38,323011.04,0.0,4539.48,4505.06,820189.4400000001,7129.825000000001,820279.7989999999,0.0,288.32,110827.44,0.0,100597.34,349433.97000000003,11.0,-152951.79,10230.1,22075.82,199309.51,490126.29,2113.29,42185.12,45337.2,319319.79000000004,0.0,-23531.62,-23531.62,-19280.460000000003,470845.829,-23531.62,-4251.160000000001,0.0,22075.82,706406.37,706406.37,318147.94,MECANITZATS I MUNTATGES MONTSORIU SL_resum
2010-01-01,292314.38,158901.66,533035.569,142439.87,38201.58,547880.31,31659.27,365775.3,17065.0,27603.11,44668.11,117247.5,324121.14,362850.6,299024.76,0.0,6696.67,6696.67,1028157.48,7388.0725,1029331.48,0.0,230.14,360981.91,0.0,359779.84,547880.31,9.0,-137758.3,1202.07,50012.77,220410.729,453848.06,2113.29,46178.28,294427.67,236739.21,0.0,21136.58,21136.58,27603.11,481451.169,21136.58,-6466.53,0.0,50012.77,894017.48,894017.48,343923.01,MECANITZATS I MUNTATGES MONTSORIU SL_resum
2011-01-01,279225.0,98140.38,532440.93,142439.87,90880.28,583937.1,13089.27,335754.3,46641.95,60329.37,106971.32,43015.27,280629.19,407088.93000000005,325995.31,0.0,8621.44,8621.44,1172302.1900000002,7646.320000000001,1172302.1900000002,0.0,176.72,316364.96,0.0,315162.89,583937.1,9.0,-155398.46,1202.07,153671.36,264649.06,528035.72,2113.29,49149.02,281338.29000000004,160378.67,0.0,51884.65,44238.33,60329.37,588365.09,44238.33,-8444.720000000001,0.0,153671.36,848805.89,848805.89,433143.35,MECANITZATS I MUNTATGES MONTSORIU SL_resum
2012-01-01,246412.94,201488.88,722696.8,142439.87,53620.76,672622.13,61440.52,619942.31,38882.76,27336.12,66218.88,74146.36,492599.79,421826.69,352351.19,0.0,7966.71,7966.71,1253860.0,4912.660000000001,1255134.0,0.0,281.25,280285.51,0.0,279083.44,672622.13,10.0,-163941.8,1202.07,28608.13,279386.82,555175.75,2113.29,69699.98999999999,248526.23,332629.39,0.0,19650.66,14738.0,27336.12,582511.87,14738.0,-7685.46,0.0,23570.57,1002982.31,1002982.31,418851.32,MECANITZATS I MUNTATGES MONTSORIU SL_resum
2013-01-01,213024.16,234133.82,849368.41,142439.87,54377.83,627038.48,62520.91,621006.53,38326.24,29000.460000000003,67326.7,217672.61,604545.3200000001,437907.78,361602.34,0.0,7746.14,7746.14,1266295.07,5350.53,1266295.07,0.0,147.8,247498.27,0.0,246296.2,627038.48,11.0,-210327.55,1202.07,10689.27,295467.91000000003,610256.13,0.0,149280.01,213024.16,445934.74,0.0,21402.12,16051.59,29000.460000000003,639256.59,16051.59,-7598.34,0.0,10689.27,1096866.6800000002,1096866.6800000002,429076.84,MECANITZATS I MUNTATGES MONTSORIU SL_resum
2014-01-01,363823.32,307046.68,864112.31,142439.87,68844.319,953614.45,75158.32,683449.04,50422.59,35870.75,86293.34,164259.27000000002,540661.63,456329.51,377349.62,0.0,11308.45,11308.45,1624216.79,6140.57,1625776.79,0.0,0.0,433580.62,0.0,432378.55,953614.45,11.0,-208519.38,1202.07,16404.0,313889.639,636291.59,0.0,95335.1,363823.32,477540.1,0.0,24562.3,18421.73,35870.75,672162.3400000001,18421.73,-11308.45,0.0,16404.0,1297692.93,1297692.93,463642.96,MECANITZATS I MUNTATGES MONTSORIU SL_resum
2015-01-01,315311.29000000004,261344.54,1032717.24,142439.87,227466.9,1205545.05,97775.75,636985.06,76753.19,218976.57,295729.76,38903.8,414544.32,607043.22,394160.3,0.0,17952.2,17952.2,2139399.04,50310.66,2141641.89,0.0,0.0,370654.94,0.0,369452.87,1205545.05,13.0,-246206.78,1202.07,356828.38,464603.35,717120.2699999999,36900.0,84997.38,352211.29000000004,444117.67,0.0,201024.37,150713.71000000002,218976.57,936096.84,150713.71000000002,-17952.2,0.0,349328.38,1403372.1800000002,1403372.1800000002,689890.059,MECANITZATS I MUNTATGES MONTSORIU SL_resum
2016-01-01,396490.2,412463.17,1233734.44,142439.87,158111.49,1469843.64,123303.55,818812.6799999999,96758.35,96653.7,193412.05,64153.3,470502.81,668396.3600000001,449488.18,0.0,16657.918999999998,16657.918999999998,2322127.82,18642.64,2334134.98,0.0,0.0,526341.6889999999,0.0,525139.62,1469843.64,13.0,-221391.11,1202.07,350768.46,525956.49,767637.64,43335.89,116086.96,439826.09,651853.6799999999,0.0,79995.78,61353.14,96653.7,864291.3400000001,61353.14,-16657.918999999998,0.0,343268.46,1760076.13,1760076.13,642900.228,MECANITZATS I MUNTATGES MONTSORIU SL_resum
2017-01-01,317941.87,469013.01,1329797.47,142439.87,196097.37,1702691.1900000002,104600.31,925541.16,104107.17,136031.64,240138.81,52150.0,508678.15,760386.56,553864.71,0.0,13378.04,13378.04,2744879.96,30663.4,2756027.02,0.0,0.0,469364.73,0.0,468162.66,1702691.1900000002,15.0,-259332.31,1202.07,352106.31,617946.69,917304.19,37635.89,109584.56,355577.76,683197.88,0.0,122653.6,91990.2,136031.64,1053335.83,91990.2,-13378.04,0.0,344606.31,1799162.2,1799162.2,794003.52,MECANITZATS I MUNTATGES MONTSORIU SL_resum
2018-01-01,738914.52,420097.53,1159187.27,142439.87,206790.979,2007218.45,218493.92,923319.69,143091.96,119477.95,262569.90900000004,205150.0,708372.159,824085.58,551945.09,0.0,34546.03,34546.03,3078837.87,21232.9,3089414.37,0.0,0.0,1171328.36,0.0,1163526.29,2007218.45,17.0,-267680.91900000005,7802.07,30717.58,681645.71,962717.969,39435.89,89488.19,778350.41,728079.64,0.0,84931.92,63699.02,119477.95,1082195.92,63699.02,-34546.03,0.0,23268.54,2330515.63,2330515.63,814515.0,MECANITZATS I MUNTATGES MONTSORIU SL_resum
2019-01-01,538781.73,236106.75,1001990.16,142439.87,213777.01,1639580.15,248036.05,761798.42,182308.69,64767.66,247076.35,226220.4,751912.07,855553.9,610937.61,0.0,22831.55,22831.55,2727059.52,10489.44,2737568.16,0.0,21.65,998953.67,3756.68,987394.92,1639580.15,16.0,-239974.05,7802.07,13971.34,713114.029,1033220.35,33735.89,88729.51,572517.62,572872.31,0.0,41957.76,31468.32,64767.66,1097988.01,31468.32,-22809.899,0.0,12971.34,2000943.83,2000943.83,858035.61,MECANITZATS I MUNTATGES MONTSORIU SL_resum
2020-01-01,1259816.57,355279.67,1760721.38,142439.87,201158.49,1187103.04,270557.26,879954.4500000001,175641.53,57632.6,233274.13,321540.0,846214.7799999999,881070.8600000001,624573.47,0.0,23609.99,23609.99,2269620.43,8505.65,2280033.3,0.0,0.0,1077090.14,2040.68,1063247.3890000002,1187103.04,16.0,-235082.66,11802.07,559226.93,738630.99,1035297.66,28035.89,43051.27,1287852.46,668888.2,0.0,34022.61,25516.960000000003,57632.6,1092930.26,25516.960000000003,-23609.99,0.0,550747.03,2837811.52,2837811.52,857847.6,MECANITZATS I MUNTATGES MONTSORIU SL_resum
2021-01-01,755380.97,281217.49000000005,1518741.1900000002,142439.87,234837.69,1269199.72,372205.62,740103.54,204326.94,73662.48,277989.42000000004,498762.0,957648.05,911581.61,633740.15,0.0,32981.489,32981.489,2455202.56,10170.240000000002,2467599.2,0.0,0.0,887913.2,324.68,875786.4500000001,1269199.72,16.0,-286669.91000000003,11802.07,279875.65,769141.74,1124737.0,22335.89,63932.810000000005,777716.8600000001,717355.92,0.0,40680.99,30510.75,73662.48,1198399.48,30510.75,-32981.489,0.0,271395.75,2406654.39,2406654.39,911729.569,MECANITZATS I MUNTATGES MONTSORIU SL_resum
2022-01-01,602647.13,281706.59,1561591.09,142439.87,256181.13,1357112.86,481500.32,753152.98,201912.96,93423.31,295336.27,721083.0,1192529.39,965849.78,614241.88,0.0,21203.76,21203.76,2512345.48,18089.38,2512733.7,0.0,138.0,919949.0,0.0,908146.93,1357112.86,16.0,-246042.689,11802.07,87355.11,823409.91,1062197.529,17500.0,132336.27000000002,620147.13,895543.1799999999,0.0,72357.55,54268.17,93423.31,1155620.84,54268.17,-21065.76,0.0,78875.20999999999,2481540.09,2481540.09,909716.15,MECANITZATS I MUNTATGES MONTSORIU SL_resum
2023-01-01,276594.63,381345.24,1706996.14,142439.87,250689.4,1619490.73,638908.8500000001,811524.3,188714.55,110147.44,298861.99000000005,784403.0,1214582.06,1027824.63,650130.7,0.0,27384.66,27384.66,2810005.19,20902.53,2810452.14,0.0,114.6,741479.4600000001,0.0,729677.39,1619490.73,17.0,-241968.72,11802.07,111068.84,885384.76,1080813.97,11655.62,112146.63,288250.25,1132400.72,0.0,82877.38,61974.850000000006,110147.44,1190961.41,61974.850000000006,-27270.06,0.0,102588.94,2448475.6,2448475.6,949107.289,MECANITZATS I MUNTATGES MONTSORIU SL_resum
