Año,Acreedores a L. P.,Acreedores comerciales,Activo circulante,Capital suscrito,Cash flow,Consumo de mercaderías y de materias,Deudas financieras,Deudores,Dotaciones para amortiz. de inmovil.,EBIT,EBITDA,Existencias,Fondo de maniobra,Fondos propios,Gastos de personal,Gastos extraordinarios,Gastos financieros,Gastos financieros y gastos asimilados,Importe neto Cifra de Ventas,Impuestos sobre sociedades,Ingresos de explotación,Ingresos extraordinarios,Ingresos financieros,Inmovilizado,Inmovilizado inmaterial,Inmovilizado material,Materiales,Número empleados,Otros Conceptos de Explotación,Otros activos fijos,Otros activos líquidos,Otros fondos propios,Otros gastos de explotación,Otros pasivos fijos,Otros pasivos líquidos,Pasivo fijo,Pasivo líquido,Provisiones,Result. ordinarios antes Impuestos,Resultado Actividades Ordinarias,Resultado Explotación,Resultado bruto,Resultado del Ejercicio,Resultado financiero,Resultados actividades extraordinarias,Tesorería,Total activo,Total pasivo y capital propio,Valor agregado,Empresa
1999-01-01,112894.52,106447.06,334363.61,24040.480000000003,210757.15,646815.9400000001,37326.78,297334.39,69581.7,216796.03,286377.73000000004,112001.63,297334.39,435647.9900000001,275286.95,137.66,9083.96,9083.96,883746.61,67749.05,883746.61,683.8399999999999,666.26,627126.15,82302.70999999999,544823.43,211293.55,14.0,-350300.69,0.01,37029.219,411607.51,1621631.059,120021.39,412947.24,112894.52,412947.24,0.0,208378.32,140629.27000000002,216796.03,1663816.1,141175.44999999998,-8417.7,546.1800000000001,36547.48,961489.76,961489.76,562877.11,MECANITZATS PRIVAT SL_resum
2000-01-01,341664.46,106447.06,465758.57,24040.480000000003,293014.91000000003,646815.9400000001,37326.78,390242.05,106602.96,271025.06,377628.02,112001.63,390242.05,622059.9400000001,377676.64,754.08,9800.37,9800.37,1119076.35,83549.63,1121179.89,8951.82,539.15,708986.49,2850.36,706136.13,249897.66,18.0,-350300.69,0.0,75516.52,598019.4600000001,1621631.059,120021.39,211020.66,341664.46,211020.66,0.0,261763.83,178214.199,271025.06,1663816.1,186411.95,-9261.22,8197.740000000002,75516.52,1174745.06,1174745.06,764041.549,MECANITZATS PRIVAT SL_resum
2001-01-01,280482.24,106447.06,429462.1,24040.0,192913.949,646815.9400000001,37326.78,327727.0,125935.77,100468.82,226404.59,112001.63,327727.0,689038.12,429564.73,76.22,7411.160000000001,7411.160000000001,1085524.53,27169.37,1085524.53,2.81,1163.3,714985.8,6176.51,708809.2899999999,321564.19,19.0,-350300.69,0.0,101735.099,664998.12,1621631.059,120021.39,174927.54,280482.24,174927.54,0.0,94220.96,67051.59,100468.82,1663816.1,66978.17900000002,-6247.860000000001,-73.41000000000001,101735.1,1144447.9,1144447.9,657059.2089999999,MECANITZATS PRIVAT SL_resum
2002-01-01,231748.83,106447.06,451512.38,24040.0,200391.47,646815.9400000001,37326.78,440820.79,132762.31999999998,89792.69,222555.01,112001.63,440820.79,756667.2699999999,515816.73,24.75,4348.31,4348.31,1247041.66,24659.97,1247041.66,5310.91,1558.58,821721.76,13473.51,807286.63,384154.63,22.0,-350300.69,961.619,10691.59,732627.2699999999,1621631.059,120021.39,284818.04,231748.83,284818.04,0.0,87002.95999999999,62342.99,89792.69,1663816.1,67629.15000000001,-2789.73,5286.160000000001,10691.59,1273234.14,1273234.14,745216.48,MECANITZATS PRIVAT SL_resum
2003-01-01,93317.45,106447.06,581929.73,24040.0,214983.58,646815.9400000001,37326.78,506339.4,150912.11000000002,68049.43999999999,218961.55,112001.63,506339.4,820738.74,638254.3600000001,0.97,5008.320000000001,5008.320000000001,1379516.53,23706.55,1379516.53,24267.6,470.27,793828.19,16287.78,776578.7899999999,374772.65,25.0,-350300.69,961.619,75590.32900000001,796698.74,1621631.059,120021.39,461701.73,93317.45,461701.73,0.0,63511.39,39804.84,68049.43999999999,1663816.1,64071.47,-4538.05,24266.629,75590.33,1375757.92,1375757.92,881952.809,MECANITZATS PRIVAT SL_resum
2004-01-01,95725.36,106447.06,620348.01,24040.0,219357.09,646815.9400000001,37326.78,509098.85,152337.65,81393.76,233731.409,112001.63,509098.85,819682.8200000001,671483.26,2.0,10096.02,10096.02,1420988.09,21635.73,1420988.09,16514.04,845.39,691725.55,6513.95,684249.98,339853.02,26.0,-350300.69,961.62,111249.16,795642.8200000001,1621631.059,120021.39,396665.38,95725.36,396665.38,0.0,72143.13,50507.4,81393.76,1663816.1,67019.43999999999,-9250.63,16512.04,111249.16,1312073.56,1312073.56,922572.1,MECANITZATS PRIVAT SL_resum
2005-01-01,167319.21000000002,106447.06,611670.56,24040.0,204922.25,646815.9400000001,37326.78,579055.2699999999,167043.73,45461.92,212505.65,112001.63,579055.2699999999,857561.3400000001,814801.9600000001,152.78,6401.39,6401.39,1655744.52,12738.52,1666436.52,10851.66,857.63,790940.7799999999,7141.73,782837.43,440886.4,29.0,-350300.69,961.619,32615.29,833521.3400000001,1621631.059,120021.39,377730.79,167319.21000000002,377730.79,0.0,39918.16,27179.64,45461.92,1663816.1,37878.52,-5543.76,10698.88,32615.29,1402611.34,1402611.34,1038864.12,MECANITZATS PRIVAT SL_resum
2006-01-01,149000.58,106447.06,768566.01,24040.0,223826.71,646815.9400000001,37326.78,651126.1,163970.67,81450.3,245420.97,112001.63,651126.1,917417.38,902648.97,947.8,5631.07,5631.07,1835290.58,18519.89,1835290.58,2684.86,819.64,796321.98,21054.24,774306.12,423153.26,31.0,-350300.69,961.619,117439.91,893377.38,1621631.059,120021.39,498470.03,149000.58,498470.03,0.0,76638.87000000001,58118.979,81450.3,1663816.1,59856.04,-4811.429999999999,1737.06,117439.91,1564887.99,1564887.99,1150626.64,MECANITZATS PRIVAT SL_resum
2007-01-01,308853.31,106447.06,859842.419,24040.0,236360.419,646815.9400000001,37326.78,789093.1799999999,169366.68,48873.15,218239.83,112001.63,789093.1799999999,984411.12,1050038.76,1585.55,10339.23,10339.23,2361975.75,5483.429999999999,2361975.75,34350.719999999994,1178.08,932737.03,268918.93000000005,662856.48,788762.48,31.0,-350300.69,961.62,70749.239,960371.12,1621631.059,120021.39,499315.02,308853.31,499315.02,0.0,39712.0,34228.57,48873.15,1663816.1,66993.73999999999,-9161.15,32765.17,39872.66,1792579.45,1792579.45,1302221.8390000002,MECANITZATS PRIVAT SL_resum
2008-01-01,161563.63,106447.06,793370.3200000001,24040.0,193075.64,646815.9400000001,37326.78,610254.11,164622.73,42185.04,206807.77,112001.63,503807.05,1012864.03,1106707.64,0.0,12163.19,12163.19,2310632.04,3547.06,2310632.04,0.0,1978.12,769554.99,9445.33,758942.04,646815.9400000001,30.0,-350300.69,1167.62,183116.21,988824.03,1621631.059,120021.39,124702.42,281585.02,268476.26,0.0,31999.97,28452.91,42185.04,1663816.1,28452.91,-10185.07,0.0,123116.21,1562925.31,1562925.31,1315493.529,MECANITZATS PRIVAT SL_resum
2009-01-01,212222.02,208961.36,790315.61,24040.0,38920.52,423679.57,39233.64,742721.81,24575.57,27024.11,51599.68,112001.63,533760.4500000001,1027208.98,975388.88,0.0,11613.52,11613.52,1692543.47,2967.92,1696294.47,0.0,1902.28,908715.51,29633.33,877847.06,423679.57,26.0,-245626.34,1235.12,47593.8,1003168.98,1245590.79,112966.38,98438.74,325188.4,346633.74,0.0,17312.87,14344.949,27024.11,1272614.9,14344.949,-9711.240000000002,0.0,47593.8,1699031.12,1699031.12,1028890.84,MECANITZATS PRIVAT SL_resum
2010-01-01,294393.77,238915.08,870597.4600000001,24040.0,104781.72,655221.2,196148.33,734192.49,81117.42,46978.61,128096.03,112001.63,607279.04,1050873.28,1087983.77,0.0,19033.77,19033.77,2223227.19,4370.81,2247714.27,0.0,90.27,1172161.54,31633.33,1139281.07,767222.8300000001,29.0,-376413.271,1247.14,24403.34,1026833.28,1545514.461,103787.54,158641.0,398181.31,593704.41,0.0,28035.11,23664.3,46978.61,1592493.069,23664.3,-18943.5,0.0,24192.64,2042759.0,2042759.0,1216170.07,MECANITZATS PRIVAT SL_resum
2011-01-01,337014.3,207715.82,805629.26,24040.0,156262.08,713475.11,8774.08,598583.8600000001,128231.68,64030.07,192261.75,161038.0,551906.04,1078903.6800000002,1171821.04,0.0,28061.07,28061.07,2462919.7800000003,7957.05,2492902.92,0.0,18.45,1065743.44,23402.92,1041093.38,713475.11,27.0,-415345.019,1247.14,46007.4,1054863.6790000002,1715397.739,100696.28,138268.54,437710.58,354758.44,0.0,35987.450000000004,28030.399,64030.07,1779427.81,28030.399,-28042.62,0.0,45467.3,1871372.7,1871372.7,1364101.24,MECANITZATS PRIVAT SL_resum
2012-01-01,233295.51,222737.28,903979.95,24040.0,174135.84999999998,689160.1699999999,67333.625,652454.73,156095.2,62326.03,218421.23,187307.35,617024.7989999999,1096944.33,1201452.55,0.0,40662.58,40662.58,2437318.7800000003,3622.8,2460463.44,0.0,0.0,934987.39,12983.64,920756.61,715429.52,32.0,-351429.49000000005,1247.14,64217.87,1072904.328,1708977.24,96052.43,189937.79,329347.94,412675.07,0.0,21663.45,18040.65,62326.03,1771303.27,18040.65,-40662.58,0.0,64217.87,1838967.34,1838967.34,1419873.78,MECANITZATS PRIVAT SL_resum
2013-01-01,88346.65000000001,283758.87,1040173.74,24040.0,174869.16,948660.22,125893.17,790709.4400000001,155211.03,59133.37,214344.4,165632.44999999998,672583.019,1116602.46,1165151.05,0.0,36985.18,36086.67,2746943.55,2490.06,2753930.429,0.0,0.0,876766.06,4478.83,871040.09,948660.22,28.0,-425774.76,1247.14,83831.85,1092562.46,1746136.84,91664.37,210674.28,180011.02,620326.3200000001,0.0,22148.19,19658.129,59133.37,1805270.209,19658.129,-36985.18,0.0,83831.85,1916939.8,1916939.8,1378596.94,MECANITZATS PRIVAT SL_resum
2014-01-01,56558.78999999999,288072.87,1025396.12,24040.0,213579.51,801410.13,91913.26,752289.73,173854.31999999998,72617.64,246471.96,172447.65,636664.51,1156327.65,1240254.09,0.0,21264.17,21264.17,2613132.19,11628.28,2642471.89,0.0,0.0,855889.98,6064.52,848578.3200000001,808225.3300000001,31.0,-354335.70900000003,1247.14,100658.74,1132287.65,1768444.12,87653.79,200759.74,144212.58,580745.87,0.0,51353.47,39725.19,72617.64,1841061.76,39725.19,-21264.17,0.0,84881.45999999999,1881286.1,1881286.1,1486726.05,MECANITZATS PRIVAT SL_resum
2015-01-01,983002.64,1041957.38,1778716.01,24040.0,281024.96,1225501.65,79186.26,862489.8,186431.45,134546.83,320978.28,154127.2,-25340.38,1250921.16,1303856.15,0.0,11379.78,11379.78,3268576.31,28573.54,3272522.43,0.0,0.0,1769241.39,13338.91,1754655.34,1225501.65,31.0,-422186.35,1247.14,762099.01,1226881.16,1912473.949,78819.43999999999,114070.52,1061822.08,1235214.16,0.0,123167.05,94593.51,134546.83,2047020.78,94593.51,-11379.78,0.0,707946.73,3547957.4,3547957.4,1624834.43,MECANITZATS PRIVAT SL_resum
2016-01-01,1083474.51,285466.21,882782.08,24040.0,272629.17,886868.59,212048.64,518150.6,240282.45,61392.83,301675.28,227791.23,460475.619,1283267.88,1436542.63,0.0,22261.5,22261.5,3006990.83,6784.610000000001,3007980.2,0.0,0.0,2183475.19,10321.25,2171906.8,960532.62,35.0,-382893.7,1247.14,136840.25,1259227.88,2059718.779,65014.22,136985.81,1148488.73,634500.66,0.0,39131.33,32346.72,61392.83,2121111.609,32346.72,-22261.5,0.0,33070.36,3066257.27,3066257.27,1738217.91,MECANITZATS PRIVAT SL_resum
2017-01-01,937776.76,268809.53,950470.03,24040.0,285098.99000000005,873874.21,323554.82,387502.28,248883.55,70679.83,319563.38,349979.39,468672.14,1319483.32,1505694.93,0.0,23793.56,23793.56,3093615.44,12572.11,3093942.199,0.0,1901.28,2159759.06,30960.63,2127551.29,996062.37,37.0,-394809.68,1247.14,212988.36,1295443.319,2149388.159,50290.39,210314.27,988067.15,802678.62,0.0,48787.55,36215.44,70679.83,2220067.989,36215.44,-21892.28,0.0,89078.43,3110229.09,3110229.09,1827159.59,MECANITZATS PRIVAT SL_resum
2018-01-01,725455.04,361627.28,1038404.62,24040.0,279471.28,982249.17,716653.409,461086.54,237148.26,76694.67000000001,313842.93000000005,385833.89,485293.149,1361806.34,1562104.77,0.0,23017.41,23017.4,3209102.58,13735.96,3228576.42,0.0,2381.72,2351314.15,56164.68,2293902.33,987490.67,38.0,-370379.55,1247.14,191484.19,1337766.34,2169632.58,39822.8,184353.9,765277.8400000001,1262634.59,0.0,56058.98,42323.02,76694.67000000001,2246327.25,42323.02,-20635.69,0.0,5536.39,3389718.77,3389718.77,1878329.41,MECANITZATS PRIVAT SL_resum
2019-01-01,928467.64,252834.93,1172428.63,24040.0,251819.76,1001953.33,321948.85,429981.76,240303.03,35819.24,276122.27,480565.12,657711.9500000001,1373323.07,1656603.59,0.0,29256.49,29256.49,3324291.06,3796.9,3324291.06,0.0,8750.88,2168728.15,46487.92,2120993.089,1127297.56,42.0,-389611.869,1247.14,261881.75,1349283.07,2286518.489,30262.91,434319.38,958730.55,1009103.16,0.0,15313.63,11516.73,35819.24,2322337.73,11516.73,-20505.61,0.0,45904.73,3341156.7800000003,3341156.7800000003,1941476.74,MECANITZATS PRIVAT SL_resum
2020-01-01,1313055.34,318350.66,1836372.86,24040.0,406530.47,730592.66,256442.88,526212.829,343167.34,108078.03,451245.37,494214.71,702076.879,1436686.2,1488215.82,0.0,30097.559,30097.35,3046552.19,20873.99,3046552.19,0.0,6256.650000000001,1855169.85,30109.08,1823813.63,767445.92,38.0,-376498.339,1247.14,815945.3200000001,1412646.2,2207881.5,23741.78,343265.85,1336797.12,918059.39,0.0,84237.12000000001,63363.12899999999,108078.03,2315959.53,63363.12899999999,-23840.909,0.0,545623.47,3691542.71,3691542.71,1945717.63,MECANITZATS PRIVAT SL_resum
2021-01-01,1425947.1,332787.77,1624071.73,24040.0,413648.53,997707.56,263132.09900000005,492900.64,368430.89,85870.09,454300.98,579511.8600000001,739624.73,1481903.84,1686134.6900000002,0.0,31996.51,31996.51,3488913.04,13313.1,3493190.8,0.0,4657.160000000001,2183737.96,43245.82,2139245.0,997707.56,39.0,-355047.57,1247.14,551659.23,1457863.8390000002,2409613.15,19683.56,284355.32,1445630.66,880275.19,0.0,58530.74,45217.64,85870.09,2495483.239,45217.64,-27339.35,0.0,177765.66,3807809.69,3807809.69,2145092.829,MECANITZATS PRIVAT SL_resum
2022-01-01,1358611.64,274285.38,1813557.44,24040.0,362306.9,1191670.45,309926.48000000004,607721.15,322015.4,83586.06,405601.46,654751.58,988187.35,1522195.34,1833795.44,0.0,35260.28,35260.28,3871313.5,14050.16,3908088.75,0.0,6015.88,2117083.93,34734.58,2081102.21,1266910.1700000002,42.0,-477021.399,1247.14,551084.71,1498155.34,2632832.239,17373.920000000002,448248.61,1375985.56,1032460.47,0.0,54341.66,40291.5,83586.06,2716418.3,40291.5,-29244.399,0.0,100818.28,3930641.37,3930641.37,2245412.7800000003,MECANITZATS PRIVAT SL_resum
2023-01-01,1192560.04,372659.33,1992959.49,24040.0,337463.16,1191300.26,324314.95900000003,619534.31,323584.17,66937.69,390521.86,769966.7699999999,1016841.75,1536074.33,1920873.69,0.0,55426.63,55426.63,3938049.27,4643.68,3959398.18,0.0,7011.610000000001,1952408.73,106049.33,1845112.26,1306515.45,43.0,-456702.37,1247.14,603458.409,1512034.33,2701160.23,19839.97,499919.59,1212400.01,1196893.88,0.0,18522.67,13878.989,66937.69,2768097.92,13878.989,-48415.02,0.0,103681.33,3945368.22,3945368.22,2318407.159,MECANITZATS PRIVAT SL_resum
