Año,Acreedores a L. P.,Acreedores comerciales,Activo circulante,Capital suscrito,Cash flow,Consumo de mercaderías y de materias,Deudas financieras,Deudores,Dotaciones para amortiz. de inmovil.,EBIT,EBITDA,Existencias,Fondo de maniobra,Fondos propios,Gastos de personal,Gastos extraordinarios,Gastos financieros,Gastos financieros y gastos asimilados,Importe neto Cifra de Ventas,Impuestos sobre sociedades,Ingresos de explotación,Ingresos extraordinarios,Ingresos financieros,Inmovilizado,Inmovilizado inmaterial,Inmovilizado material,Materiales,Número empleados,Otros Conceptos de Explotación,Otros activos fijos,Otros activos líquidos,Otros fondos propios,Otros gastos de explotación,Otros pasivos fijos,Otros pasivos líquidos,Pasivo fijo,Pasivo líquido,Provisiones,Result. ordinarios antes Impuestos,Resultado Actividades Ordinarias,Resultado Explotación,Resultado bruto,Resultado del Ejercicio,Resultado financiero,Resultados actividades extraordinarias,Tesorería,Total activo,Total pasivo y capital propio,Valor agregado,Empresa
1999-01-01,192926.47,27933.62,79833.55,15025.3,26976.25,86496.59,0.0,67419.76,14311.04,26901.94,41212.979,2884.8300000000004,70304.59,69287.57,124376.79,2.97,8810.07,8810.07,269709.06,5427.94,269709.06,1.16,3.09,254354.56,16989.02,237365.55,53529.16,7.0,-72329.2,-0.009,9528.96,54262.27,290777.06,0.0,71974.08,192926.47,71974.08,0.0,18094.960000000003,12667.02,26901.94,332600.79000000004,12665.21,-8806.98,-1.81,9033.43,334188.12,334188.12,165591.05,MECANITZATS INDUSTRIALS SL_resum
2000-01-01,202163.55,27933.62,97951.56,15025.3,30844.25,86496.59,0.0,75628.55,26851.83,5694.81,32546.64,20927.57,96556.12,73279.45,143593.56,38.1,11883.13,11883.13,272451.26,1711.04,272451.26,11926.27,3.62,309834.88,17155.980000000003,292666.88,29368.62,7.0,-72329.2,12.019,1395.439,58254.149,290777.06,0.0,132343.44,202163.55,132343.44,0.0,-6184.7,-7895.74,5694.81,332600.79000000004,3992.42,-11879.52,11888.17,1395.44,407786.44,407786.44,188031.979,MECANITZATS INDUSTRIALS SL_resum
2001-01-01,164529.99,27933.62,106934.0,15025.3,33159.049,86496.59,0.0,87810.06,28779.92,20590.87,49370.789,18972.99,106783.05,77658.58,129684.46,2.66,15254.49,15254.49,304301.44,1876.77,304301.44,922.109,0.07,305328.64,15346.47,289970.15,71426.55,7.0,-72329.2,12.019,150.94899999999998,62633.28,290777.06,0.0,170074.07,164529.99,170074.07,0.0,5336.45,3459.68,20590.87,332600.79000000004,4379.13,-15254.42,919.449,150.95000000000002,412262.64,412262.64,179974.77000000002,MECANITZATS INDUSTRIALS SL_resum
2002-01-01,247396.97,27933.62,122858.45,15025.3,43001.48,86496.59,0.0,98712.3,35731.97,27237.92,62969.89,10618.56,109330.86,84928.09,146419.56,468.49,16714.7,16714.7,364583.59,3115.5,364583.59,329.85,0.43,378281.81,91367.53,286902.26,101866.74,8.0,-72329.2,12.02,13527.589,69902.79,290777.06,0.0,168815.2,247396.97,168815.2,0.0,10523.65,7408.150000000001,27237.92,332600.79000000004,7269.51,-16714.27,-138.64,129.43,501140.26,501140.26,209251.24,MECANITZATS INDUSTRIALS SL_resum
2003-01-01,212330.41,27933.62,149093.72,15025.3,38457.73,86496.59,0.0,106529.42,36986.3,18453.1,55439.4,29169.960000000003,135699.37999999998,86399.52,165990.75,0.0,17130.280000000002,17130.280000000002,382786.59,630.62,382786.59,715.31,63.92,361302.96,82779.82,278511.12,99454.57,7.0,-72329.2,12.02,13394.34,71374.22,290777.06,0.0,211666.75,212330.41,211666.75,0.0,1386.74,756.12,18453.1,332600.79000000004,1471.43,-17066.36,715.31,3628.16,510396.68,510396.68,222209.379,MECANITZATS INDUSTRIALS SL_resum
2004-01-01,192031.99,27933.62,57232.69,15025.3,50236.14,86496.59,0.0,26960.1,43652.9,16982.980000000003,60635.880000000005,17483.56,44443.66,92982.76,171046.47,625.9499999999999,14170.9,14170.9,403502.66,2821.3900000000003,403502.66,7093.049,125.45,356194.37,97841.87,258340.48,90321.21,8.0,-72329.2,12.019,12789.03,77957.459,290777.06,0.0,128412.31,192031.99,128412.31,0.0,2937.53,116.14,16982.980000000003,332600.79000000004,6583.24,-14045.45,6467.099,4625.95,413427.06,413427.06,238274.9,MECANITZATS INDUSTRIALS SL_resum
2005-01-01,304543.64,27933.62,150238.75,15025.3,46402.68,86496.59,0.0,77716.58,42297.37,16728.418999999998,59025.789,29418.31,107134.89,97088.07,207060.05,1671.62,12664.86,12664.86,398178.67,1759.42,398178.67,3357.53,115.26,328255.08,84010.01,244233.05,64984.86,9.0,-72329.2,12.02,43103.86,82062.77,290777.06,0.0,76862.12000000001,304543.64,76862.12000000001,0.0,4178.819,2419.3990000000003,16728.418999999998,332600.79000000004,4105.31,-12549.6,1685.91,38284.57,478493.83,478493.83,267887.01,MECANITZATS INDUSTRIALS SL_resum
2006-01-01,267789.03900000005,27933.62,115363.44,15025.3,6720.42,86496.59,0.0,60430.54,42704.48,-20892.14,21812.34,32175.19,92605.73,61104.01,179663.87,1079.48,14699.85,14699.85,339266.97000000003,1398.2166666666667,339266.97000000003,681.4,6.01,293382.9,69662.17000000001,223708.71,73576.2,9.0,-72329.2,12.02,22757.71,46078.71,290777.06,0.0,79853.29,267789.03900000005,79853.29,0.0,-35585.98,-35585.98,-20892.14,332600.79000000004,-35984.06,-14693.84,-398.08,20404.0,408746.34,408746.34,201084.14,MECANITZATS INDUSTRIALS SL_resum
2007-01-01,239563.16,27933.62,132075.33899999998,15025.3,52987.5,86496.59,0.0,58425.2,41740.78999999999,26441.06,68181.85,46957.97,105383.17,72350.72,188170.21,657.2900000000001,15181.65,15181.65,416544.48,1037.0133333333333,416544.48,640.3599999999999,4.23,258884.98,59507.47,199365.49,92876.79,8.0,-72329.2,12.02,26692.169,57325.42,290777.06,0.0,79046.43999999999,239563.16,79046.43999999999,0.0,11263.64,11263.64,26441.06,332600.79000000004,11246.71,-15177.42,-16.929,25884.6,390960.32,390960.32,256339.36,MECANITZATS INDUSTRIALS SL_resum
2008-01-01,219593.77,27933.62,160581.47,15025.3,59647.74,86496.59,4639.150000000001,109810.67,34192.28,41823.73,76016.01,43737.77,125614.82,94528.46,184255.58,0.0,15695.6,15695.6,419097.38,675.81,419097.38,0.0,3.14,218853.5,0.0,218841.48,85116.39,8.0,-72329.2,12.02,7033.03,79503.15900000001,290777.06,0.0,32739.97,219593.77,65312.74,0.0,26131.27,25455.460000000003,41823.73,332600.79000000004,25455.460000000003,-15692.46,0.0,5908.74,379434.97,379434.97,260274.729,MECANITZATS INDUSTRIALS SL_resum
2009-01-01,257355.71,16010.02,101980.14,15025.3,20779.279,74577.53,0.0,63553.45,37746.09,-2373.4,35372.689,24088.77,71632.2,76921.29,111557.44,0.0,14596.6,14596.6,275245.76,741.9849999999999,275245.76,0.0,3.19,264607.40900000004,0.0,264595.39,74577.53,4.0,-53738.1,12.02,14337.92,61895.99,203041.63,0.0,16300.53,257355.71,32310.55,0.0,-16966.809999999998,-16966.809999999998,-2373.4,200668.23,-16966.809999999998,-14593.41,0.0,14337.92,366587.55,366587.55,146933.31999999998,MECANITZATS INDUSTRIALS SL_resum
2010-01-01,217410.01,20356.39,113607.91,15025.3,32806.28999999999,32806.949,5350.0,42704.54,38792.64,4058.71,42851.350000000006,44286.77,66634.92,69013.82,111255.34,0.0,10045.14,10045.14,248458.11,808.16,248458.11,0.0,0.08,230348.67,0.0,230336.65,32806.949,3.0,-61544.469,12.02,26616.6,53988.52,211592.449,0.0,31826.36,217410.01,57532.75,0.0,-5986.35,-5986.35,4058.71,215651.161,-5986.35,-10045.06,0.0,26616.6,343956.58,343956.58,154106.77000000002,MECANITZATS INDUSTRIALS SL_resum
2011-01-01,226576.76,29344.43,167018.91999999998,15025.3,40657.1,100722.27,0.0,119103.15,28345.17,22637.12,50982.289,47915.77,137674.49,81325.75,144026.37,0.0,10325.33,10325.33,363160.48,874.3349999999999,363160.48,0.0,0.14,206652.5,0.0,206640.48,100722.27,5.0,-67429.55,12.02,16905.705,66300.449,239801.09,0.0,36424.479,226576.76,65768.90999999999,0.0,12311.93,12311.93,22637.12,262438.20900000003,12311.93,-10325.19,0.0,16905.705,373671.42,373671.42,195008.799,MECANITZATS INDUSTRIALS SL_resum
2012-01-01,222498.01,22633.39,190047.16,15025.3,14481.9,63190.25,11519.21,129122.5,21300.86,4026.63,25327.49,53729.850000000006,160218.96,74506.79,147669.17,0.0,10930.23,10930.23,296172.71,940.51,296172.71,0.0,84.64,187316.14,0.0,187304.12,63190.25,4.0,-59985.79899999999,12.02,7194.81,59481.49,228955.83,0.0,46205.9,222498.01,80358.5,0.0,-6818.96,-6818.96,4026.63,232982.46,-6818.96,-10845.59,0.0,7194.81,377363.3,377363.3,173081.3,MECANITZATS INDUSTRIALS SL_resum
2013-01-01,149772.01,19961.92,152564.0,15025.3,26360.02,68290.65000000001,24080.52,98264.0,17722.22,17607.82,35330.04,54300.0,132602.08,83144.59,147495.49,0.0,8970.06,8970.06,307748.87,1006.685,307748.87,0.0,0.04,174429.67,0.0,173411.72,68290.65000000001,3.0,-56632.69,1017.95,4407.88,68119.29,221850.4,0.0,50034.63,149772.01,94077.07,0.0,8637.8,8637.8,17607.82,239458.22,8637.8,-8970.019,0.0,4407.88,326993.67,326993.67,182825.569,MECANITZATS INDUSTRIALS SL_resum
2014-01-01,123718.92,22032.88,125970.75,15025.3,35312.46,99303.05,0.0,79286.8,23271.27,21300.2,44571.47,45063.0,102316.92,95185.78,153454.81999999998,0.0,8194.57,8194.57,374450.13,1072.86,374450.13,0.0,8.42,151458.4,0.0,150140.44999999998,99303.05,3.0,-77120.79,1317.95,1620.95,80160.48,253846.879,0.0,36491.57,123718.92,58524.45,0.0,13114.05,12041.189,21300.2,275147.08,12041.189,-8186.150000000001,0.0,1620.95,277429.15,277429.15,198034.71,MECANITZATS INDUSTRIALS SL_resum
2015-01-01,205951.62,39344.45,131377.06,15025.3,41064.83,133996.16,0.0,74422.95999999999,30765.53,21805.29,52570.82,30300.0,65378.51,105485.08,184676.73,0.0,6998.81,6998.81,463890.59,4519.99,469643.27,0.0,12.809,274218.85,0.0,272900.9,133996.16,7.0,-98399.56,1317.95,26654.1,90459.78,313841.819,0.0,54814.76,205951.62,94159.21,0.0,14819.29,10299.3,21805.29,335647.11,10299.3,-6986.0,0.0,26654.1,405595.91,405595.91,237260.36,MECANITZATS INDUSTRIALS SL_resum
2016-01-01,201705.5,12164.06,129826.25,15025.3,41964.05,97986.97,0.0,71106.25,32742.58,22393.75,55136.33,58720.0,117662.19,114706.55,254185.36,0.0,10099.64,10099.64,494127.09,3073.82,494127.09,0.0,1.1800000000000002,273775.85,0.0,272459.5,124206.97,7.0,-86818.43,1316.35,15380.294999999998,99681.25,373746.37,0.0,75025.989,201705.5,87190.05,0.0,12295.29,9221.47,22393.75,396140.12,9221.47,-10098.46,0.0,15380.294999999998,403602.1,403602.1,309322.87,MECANITZATS INDUSTRIALS SL_resum
2017-01-01,145309.65,38438.2,137015.61000000002,15025.3,48211.74,209855.59,34031.46,121364.12,33633.66,30527.960000000003,64161.62,11545.0,94470.92,129284.63,285568.93000000005,0.0,9979.14,9979.14,653952.4,5970.74,653952.4,0.0,0.0,282384.19,0.0,281067.84,176880.59,7.0,-94366.26,1316.35,4106.49,114259.33,413568.85,0.0,72335.86,145309.65,144805.52,0.0,20548.82,14578.08,30527.960000000003,444096.81,14578.08,-9979.14,0.0,4106.49,419399.8,419399.8,349730.55,MECANITZATS INDUSTRIALS SL_resum
2018-01-01,139869.97,53023.69,157343.73,15025.3,53702.97,235799.83,0.0,146643.73,37771.05,30149.89,67920.93999999999,10700.0,104320.04,145216.55,330556.27,0.0,8837.43,8837.43,730289.39,5380.54,736240.3200000001,0.0,0.0,269199.91000000003,0.0,267883.56,235654.83,7.0,-101963.28,1316.35,3610.555,130191.25,470290.6,0.0,88433.43,139869.97,141457.12,0.0,21312.460000000003,15931.919,30149.89,500440.4900000001,15931.919,-8837.43,0.0,3610.555,426543.64,426543.64,398477.21,MECANITZATS INDUSTRIALS SL_resum
2019-01-01,197110.05,12507.63,68826.2,15025.3,20162.26,91728.77,25876.81,44011.58,35836.67,-3720.74,32115.93,21700.0,53203.95,129542.14,300493.81,0.0,11953.67,11953.67,499736.35,3330.435,499738.47,0.0,0.0,372363.24,0.0,371046.89,100228.77,7.0,-75399.95999999999,1316.35,3114.62,114516.84,411730.44,0.0,76152.81,197110.05,114537.25,0.0,-15674.41,-15674.41,-3720.74,408009.699,-15674.41,-11953.67,0.0,3114.62,441189.44,441189.44,332609.74,MECANITZATS INDUSTRIALS SL_resum
2020-01-01,171940.38999999998,14231.2,100764.45,15025.3,53540.02,88689.8,33996.56,75258.18000000001,34324.64,31031.31,65355.95,21600.0,82626.98,148757.52,181632.7,0.0,10538.18,10538.18,396435.4,1280.33,396435.4,0.0,2.58,338038.6,0.0,336722.25,88189.8,7.0,-60756.95,1316.35,3906.27,133732.22,276714.29000000004,0.0,69877.38,171940.38999999998,118105.14,0.0,20495.71,19215.379,31031.31,307745.6,19215.379,-10535.6,0.0,3906.27,438803.05,438803.05,246991.229,MECANITZATS INDUSTRIALS SL_resum
2021-01-01,123502.7,38220.850000000006,121321.89,15025.3,60359.06,196825.24,0.0,113721.89,45307.1,26558.04,71865.14,7600.0,83101.04,163809.47999999998,172356.68,0.0,6488.76,6488.76,518638.95,5017.320000000001,518638.95,0.0,0.0,292731.5,0.0,291415.15,196825.24,6.0,-77591.89,1316.35,8380.025,148784.18,295255.67,0.0,88520.36,123502.7,126741.21,0.0,20069.28,15051.96,26558.04,321813.71,15051.96,-6488.76,0.0,8380.025,414053.39,414053.39,244221.82,MECANITZATS INDUSTRIALS SL_resum
2022-01-01,82482.88,25862.06,130661.24,15025.3,84148.48,229133.07,21525.74,116607.46,62480.850000000006,34158.32,96639.17,1200.0,91945.4,185477.11,262762.97900000005,0.0,5271.04,5271.04,681823.7799999999,7222.55,682279.2799999999,0.0,2.9,248250.65,0.0,246934.3,229133.07,6.0,-93744.06,1316.35,12853.78,170451.81,418987.888,0.0,63564.1,82482.88,110951.9,0.0,28890.18,21667.63,34158.32,453146.21,21667.63,-5268.14,0.0,12853.78,378911.89,378911.89,359405.04799999995,MECANITZATS INDUSTRIALS SL_resum
2023-01-01,31492.07,30819.18,126331.73,15025.3,60367.310000000005,188603.63,25129.79,116319.45,45893.94,23699.59,69593.53,2200.0,87700.269,199950.48,246431.31,0.0,4903.0,4903.0,595215.76,4323.22,595215.76,0.0,0.0,230847.26,5627.75,223903.16,188603.63,5.0,-90587.288,1316.35,7812.28,184925.18,382912.5390000001,0.0,69787.47,31492.07,125736.44,0.0,18796.59,14473.369,23699.59,406612.13,14473.369,-4903.0,0.0,7812.28,357178.99000000005,357178.99000000005,316024.84,MECANITZATS INDUSTRIALS SL_resum
