Año,Acreedores a L. P.,Acreedores comerciales,Activo circulante,Capital suscrito,Cash flow,Consumo de mercaderías y de materias,Deudas financieras,Deudores,Dotaciones para amortiz. de inmovil.,EBIT,EBITDA,Existencias,Fondo de maniobra,Fondos propios,Gastos de personal,Gastos extraordinarios,Gastos financieros,Gastos financieros y gastos asimilados,Importe neto Cifra de Ventas,Impuestos sobre sociedades,Ingresos de explotación,Ingresos extraordinarios,Ingresos financieros,Inmovilizado,Inmovilizado inmaterial,Inmovilizado material,Materiales,Número empleados,Otros Conceptos de Explotación,Otros activos fijos,Otros activos líquidos,Otros fondos propios,Otros gastos de explotación,Otros pasivos fijos,Otros pasivos líquidos,Pasivo fijo,Pasivo líquido,Provisiones,Result. ordinarios antes Impuestos,Resultado Actividades Ordinarias,Resultado Explotación,Resultado bruto,Resultado del Ejercicio,Resultado financiero,Resultados actividades extraordinarias,Tesorería,Total activo,Total pasivo y capital propio,Valor agregado,Empresa
1999-01-01,256919.96,831654.6,790929.5,60101.21,218754.84,2908496.93,230504.61,604106.11,69470.67000000001,205097.23,274567.9,159269.61000000002,763375.72,290264.11,672959.89,558.51,33100.189999999995,33100.189999999995,2104338.1,28834.49,2104338.1,6659.660000000001,20.48,338629.83,230053.9,108575.93,989788.38,32.0,-373096.04,0.0,27553.78,230162.9,2135007.739,147421.46,582375.2699999999,256919.96,582375.2699999999,0.0,172017.51,143183.02,205097.23,2276278.739,149284.17,-33079.71,6101.150000000001,7384.22,1129559.33,1129559.33,953649.41,MIRFER SA_resum
2000-01-01,176739.3,831654.6,916669.36,60101.21,181970.19,2908496.93,230504.61,565685.9600000001,87705.14,167034.54,254739.68,160185.71000000002,725871.669,384529.15,774337.49,3908.38,22243.63,22243.63,2205570.35,50824.75,2205570.35,2365.01,1842.27,371214.74,191570.05,179644.69,1015476.52,39.0,-373096.04,0.0,190797.69,324427.94,2135007.739,147421.46,726615.64,176739.3,726615.64,0.0,146633.18,95808.43,167034.54,2276278.739,94265.05,-20401.36,-1543.37,177365.94,1287884.1,1287884.1,1029376.06,MIRFER SA_resum
2001-01-01,166817.87,831654.6,961459.6,60101.21,202878.52,2908496.93,230504.61,530105.04,103331.9,146447.26,249779.16,187948.08,718053.12,484075.77,855994.22,1052.22,18417.97,18417.97,2653333.23,42568.13,2653333.23,11297.76,3839.92,431967.7,272868.01,159099.69,1344653.41,39.0,-373096.04,0.0,243406.48,423974.56,2135007.739,147421.46,742533.66,166817.87,742533.66,0.0,131869.209,89301.07900000001,146447.26,2276278.739,99546.62,-14578.05,10245.54,227443.67,1393427.3,1393427.3,1119858.8390000002,MIRFER SA_resum
2002-01-01,188804.93,831654.6,877276.13,60101.21,238062.3,2908496.93,230504.61,615661.38,131858.44999999998,151010.73,282869.18,173828.14,789489.52,590279.62,969368.32,341.19,20425.47,20425.47,2529998.38,29667.5,2529998.38,1434.739,4192.54,502881.84,371563.33,131318.51,1085275.6,43.0,-373096.04,0.0,87786.60900000001,530178.41,2135007.739,147421.46,601073.42,188804.93,601073.42,0.0,134777.8,105110.299,151010.73,2276278.739,106203.85,-16232.93,1093.549,71968.72,1380157.97,1380157.97,1257523.5890000002,MIRFER SA_resum
2003-01-01,390811.22,831654.6,1049521.26,60101.21,263108.61,2908496.93,230504.61,687017.3600000001,174610.65,140167.9,314778.55,154884.94999999998,841902.31,678777.58,937092.01,4784.120000000001,20398.38,20398.38,2537669.14,27828.27,2537669.14,1131.62,209.21,810161.8200000001,391310.04,418851.78,1066846.6900000002,37.0,-373096.04,0.0,207618.95,618676.37,2135007.739,147421.46,790094.2799999999,390811.22,790094.2799999999,0.0,119978.73,92150.459,140167.9,2276278.739,88497.95999999999,-20189.17,-3652.5,190140.28,1859683.08,1859683.08,1248427.269,MIRFER SA_resum
2004-01-01,390081.57,831654.6,1193631.1,60101.21,267291.21900000004,2908496.93,230504.61,715278.81,184566.35,128520.9,313087.25,132800.48899999997,848079.2989999999,761502.4500000001,1002686.94,526.2700000000001,20884.94,20884.94,2786008.62,28603.27,2786008.62,3995.22,223.23,802369.4600000001,368892.94,433258.45,1204435.1700000002,39.0,-373096.04,218.069,345551.801,701401.24,2135007.739,147421.46,844416.54,390081.57,844416.54,0.0,107859.19,79255.92,128520.9,2276278.739,82724.87000000001,-20661.71,3468.9500000000003,330156.97000000003,1996000.56,1996000.56,1319466.3690000002,MIRFER SA_resum
2005-01-01,299656.77,831654.6,1515359.78,60101.21,346942.35,2908496.93,230504.61,1393414.06,184116.73,248964.0,433080.73,113089.78,1506503.84,924328.07,1023421.95,1594.81,23649.13,23649.13,3610080.84,75091.52,3610080.84,14048.989,148.09,765230.42,332490.12,432522.23,1871040.73,40.0,-373096.04,218.07,8855.939,864226.8600000001,2135007.739,147421.46,1056605.36,299656.77,1056605.36,0.0,225462.96,150371.44,248964.0,2276278.739,162825.62,-23501.04,12454.179,452.21,2280590.2,2280590.2,1469104.949,MIRFER SA_resum
2006-01-01,736233.07,831654.6,1994670.839,60101.21,482674.44,2908496.93,230504.61,1232020.77,220923.2,322501.71,543424.91,147295.0,1379315.77,1186079.31,1155627.75,643.9,29412.39,29412.39,3881185.01,87858.07,3881185.01,50679.310000000005,6484.58,996677.11,549203.55,447255.4900000001,1826361.28,44.0,-373096.04,218.069,615355.069,1125978.1,2135007.739,147421.46,1069035.57,736233.07,1069035.57,0.0,299573.9,211715.83,322501.71,2276278.739,261751.24,-22927.81,50035.41,589607.13,2991347.95,2991347.95,1755572.65,MIRFER SA_resum
2007-01-01,868380.71,831654.6,2953933.96,60101.21,634985.49,2908496.93,230504.61,1633721.88,257390.34,454008.96,711399.3,139750.0,1773471.88,1563674.46,1351005.8,1386.79,46589.19,46589.19,5715372.83,124733.33,5719279.83,71017.93999999999,25277.56,1143102.84,797566.8200000001,345317.95,3255273.73,52.0,-373096.04,218.07,1180462.08,1503573.25,2135007.739,147421.46,1664981.63,868380.71,1664981.63,0.0,432697.33,307964.0,454008.96,2276278.739,377595.15,-21311.63,69631.15000000001,1128389.22,4097036.8,4097036.8,2157313.81,MIRFER SA_resum
2008-01-01,524678.52,831654.6,2618355.57,60101.21,382721.71,2908496.93,230504.61,1475552.27,279064.14,141271.0,420335.14,101304.55,745202.22,1667332.03,1482847.56,0.0,44750.66,44750.66,5184775.67,38660.57,5184775.67,0.0,45797.8,1008330.85,0.0,996381.02,2873196.93,52.0,-373096.04,11949.83,1041498.75,1607230.82,2135007.739,147421.46,225095.199,672099.98,1287254.41,0.0,142318.14,103657.57,141271.0,2276278.739,103657.57,1047.139,0.0,129498.75,3626686.42,3626686.42,1948980.5,MIRFER SA_resum
2009-01-01,328372.57,512216.02,2539772.44,60110.0,293525.11,2793771.34,226936.4,1178869.29,226631.35,99141.53,325772.88,60900.0,727553.2699999999,1734225.79,1607308.04,0.0,36388.880000000005,36388.880000000005,5212242.38,21377.4,5212242.38,0.0,25518.51,848986.97,0.0,837037.14,2759171.34,58.0,-485390.12,11949.83,1300003.15,1674115.789,2319329.51,117076.66,469931.97,445449.23,1209084.39,0.0,88271.16,66893.76,99141.53,2418471.04,66893.76,-10870.369,0.0,174484.04,3388759.41,3388759.41,1958599.43,MIRFER SA_resum
2010-01-01,244614.62,486393.6,1983684.99,60110.0,226550.49,1327246.39,178955.74000000002,1224498.66,212484.9,-623.3399999999999,211861.56,332968.65,1071073.71,1748291.38,1309500.7,0.0,23266.21,23266.21,3150158.16,-20449.85,3150158.16,0.0,17505.29,943502.07,0.0,671552.24,1360446.39,46.0,-301549.51,271949.83,426217.68,1688181.38,1823535.109,76776.4,192155.319,321391.02,857504.66,0.0,-6384.26,14065.589,-623.3399999999999,1822911.77,14065.589,-5760.919,0.0,126217.68,2927187.06,2927187.06,1538867.549,MIRFER SA_resum
2011-01-01,131088.049,432269.43000000005,1111063.36,60110.0,214660.21,1388210.86,113245.68,555351.3,190240.25,40307.71,230547.96,297617.85,420699.72,1772711.34,1172874.87,0.0,15492.01,15492.01,3081981.19,8221.69,3083031.19,0.0,7825.95,1564405.95,0.0,481311.9900000001,1358610.86,39.0,-291397.5,1083093.96,258094.21,1712601.3390000002,1654512.62,52210.78,173944.03,183298.83,719459.14,0.0,32641.65,24419.960000000003,40307.71,1694820.329,24419.960000000003,-7666.06,0.0,58094.21,2675469.31,2675469.31,1411248.78,MIRFER SA_resum
2012-01-01,161725.43,214644.23,1246642.47,60110.0,95260.76,1338844.6900000002,342481.7,581888.6699999999,152891.29,-75979.88,76911.40999999999,303718.65,670963.09,1715080.81,1011109.82,0.0,26973.0,26973.0,2538187.87,-19193.51,2542387.87,0.0,26128.84,1371648.66,0.0,338514.66,1341144.6900000002,32.0,-115521.95,1033134.0,361035.15,1654970.81,1279523.06,28278.53,156080.43,190003.96,713206.3600000001,0.0,-76824.04,-57630.53,-75979.88,1203543.1800000002,-57630.53,-844.159,0.0,42476.93,2618291.13,2618291.13,1114150.069,MIRFER SA_resum
2013-01-01,172202.66,225942.72,1664304.54,60110.0,38317.56,452369.73,364241.76,604224.11,95853.24,-47472.5,48380.74,538788.65,917070.04,1657545.13,941921.52,0.0,34825.68,34825.68,1616550.38,-18544.97,1620750.38,0.0,6217.53,973095.42,0.0,244621.46,689469.73,30.0,-178078.38999999998,728473.9600000001,521291.78,1597435.13,1215853.15,7860.46,209607.23,180063.12,799791.71,0.0,-76080.65000000001,-57535.679,-47472.5,1168380.65,-57535.679,-28608.15,0.0,254009.82,2637399.96,2637399.96,996519.79,MIRFER SA_resum
2014-01-01,77384.95999999999,450065.65,1872181.31,60110.0,55450.819,1392068.51,94703.93,822979.4,18023.87,72664.90999999999,90688.78,528338.65,901252.4,1694972.08,1112803.36,0.0,27936.21,27936.21,2870495.9,12755.89,2875745.9,0.0,5454.14,664883.57,0.0,228557.55,1381218.51,32.0,-280185.25,436326.019,520863.26,1634862.08,1411012.48,4067.2,215871.06,81452.16,760640.64,0.0,50182.84,37426.95,72664.90999999999,1483677.39,37426.95,-22482.07,0.0,53356.3,2537064.88,2537064.88,1208946.28,MIRFER SA_resum
2015-01-01,317017.42000000004,306381.8,1429022.48,60110.0,90985.12,1378541.81,433333.33,722079.52,33853.259999999995,103534.42,137387.68,443818.65,859516.3690000001,1752103.94,1233299.65,0.0,31915.88,31915.88,3033786.71,17863.05,3037986.71,0.0,3376.3700000000003,1627761.31,0.0,278395.33,1296091.81,35.0,-288757.569,1349365.98,263124.31,1691993.94,1555910.48,1721.1899999999998,246226.11,318738.61,985941.24,0.0,74994.90999999999,57131.86,103534.42,1659444.9,57131.86,-28539.51,0.0,65617.35,3056783.79,3056783.79,1374063.6990000005,MIRFER SA_resum
2016-01-01,121893.35,302808.51,1496066.38,60110.0,68559.25,1008050.15,721852.75,883771.22,42988.78,69792.31,112781.09,468468.65,1049431.36,1777674.41,1188706.54,0.0,34476.68,34476.68,2605098.54,9745.16,2610898.54,0.0,0.0,1634370.02,0.0,321264.04,981050.15,34.0,-301360.76,1313105.98,143826.51,1717564.41,1533056.08,156.35000000000002,206051.03,122049.7,1230712.29,0.0,35315.63,25570.469,69792.31,1602848.39,25570.469,-34476.68,0.0,123936.25,3130436.4,3130436.4,1301487.63,MIRFER SA_resum
2017-01-01,191182.62,384731.01,1412216.29,60110.0,119257.75,1586292.38,524650.05,850674.93,75611.45999999999,97016.03,172627.49,462238.65,928182.57,1821320.7,1382760.5,0.0,34503.98,34503.98,3476586.87,18865.76,3480786.87,0.0,0.0,1765407.01,0.0,420254.76,1573292.38,41.0,-339106.5,1345152.25,99302.709,1761210.7,1797478.46,385.01,255353.91,191567.63,1164734.97,0.0,62512.05,43646.28999999999,97016.03,1894494.49,43646.28999999999,-34503.98,0.0,80666.93,3177623.3,3177623.3,1555387.99,MIRFER SA_resum
2018-01-01,408662.89,474545.75,2088684.14,60110.0,140270.25,2780323.21,1280309.28,1462849.0,99946.07,99044.21,198990.28,530468.65,1518771.9,1861644.88,1566575.04,0.0,46523.51,46523.51,4832943.78,12196.52,4837143.78,0.0,0.0,2210052.71,0.0,834860.42,2821323.21,50.0,-291255.25,1375192.29,95366.49,1801534.88,1957776.359,827.69,272746.36,409490.58,2027601.39,0.0,52520.7,40324.179,99044.21,2056820.57,40324.179,-46523.51,0.0,76730.70999999999,4298736.85,4298736.85,1765565.32,MIRFER SA_resum
2019-01-01,603542.7,638280.65,2072579.33,60110.0,156764.41999999998,2523308.08,802304.3,1254213.47,125666.35,88590.89,214257.24,657426.2,1273359.02,1892741.86,1824334.6,0.0,47407.52,47407.52,4906920.89,10085.3,4908320.89,0.0,0.0,2181247.67,0.0,803085.4600000001,2644308.08,55.0,-346420.97000000003,1378162.21,160939.66,1832631.86,2296421.92,793.08,316164.41000000003,604335.7799999999,1756749.36,0.0,41183.37,31098.07,88590.89,2385012.809,31098.07,-47407.52,0.0,142303.87999999998,4253827.0,4253827.0,2038591.84,MIRFER SA_resum
2020-01-01,1274346.75,443984.45,2367492.44,60110.0,145558.81999999998,2430244.13,750984.4400000001,1669405.72,120318.29,84760.07,205078.36,662488.65,1887909.92,1917982.39,1863217.99,0.0,49578.39,49578.39,4809641.37,9941.19,4810941.37,0.0,0.04,2386560.63,0.0,953398.42,2437744.13,64.0,-312400.89,1433162.21,35598.07,1857872.39,2295937.17,1327.07,365427.97,1275673.82,1560396.86,0.0,35181.719999999994,25240.53,84760.07,2380697.24,25240.53,-49578.350000000006,0.0,10339.67,4754053.07,4754053.07,2068296.39,MIRFER SA_resum
2021-01-01,1234637.24,737687.2,2062709.01,60110.0,162335.04,3380786.7,502365.82,1289369.25,132651.69,86007.08,218658.77,735888.65,1287570.7,1947665.74,2294707.91,0.0,46668.18,46668.18,6223817.319999999,9656.31,6223817.319999999,0.0,0.76,2797182.21,0.0,988596.53,3445786.7,68.0,-329663.94,1808585.68,37451.11,1887555.74,2757023.54,2456.28,435078.94,1237093.52,1675131.96,0.0,39339.66,29683.35,86007.08,2843030.62,29683.35,-46667.42,0.0,12192.71,4859891.22,4859891.22,2513367.44,MIRFER SA_resum
2022-01-01,1366712.75,813319.5,2244423.79,60110.0,216549.2,3772905.71,649852.9,1239476.42,145825.13,148884.24000000002,294709.37,978288.65,1404445.569,2018389.81,2328484.2800000003,0.0,54791.12,54791.12,6692243.35,23369.05,6744926.35,0.0,0.0,2976112.99,0.0,1103527.31,3990305.71,68.0,-348826.99000000005,1872585.68,26658.72,1958279.81,2823136.399,4015.1,368246.72,1370727.85,1831419.12,0.0,94093.12,70724.069,148884.24000000002,2972020.639,70724.069,-54791.12,0.0,4829.73,5220536.78,5220536.78,2623193.65,MIRFER SA_resum
2023-01-01,1080364.59,575005.87,2071777.59,60110.0,253749.879,4143067.83,392340.67,1333266.48,153225.38999999998,182985.25,336210.64,662470.0,1420730.6090000002,2118914.299,2301577.41,0.0,51125.58,51125.58,7145046.81,31367.56,7145071.618999999,0.0,32.379999999999995,3146900.99,0.0,1182889.71,4047167.83,59.0,-364215.74,1964011.28,76041.11,2058804.3,2819018.54,6724.56,1045328.59,1087089.15,2012675.13,0.0,131892.049,100524.489,182985.25,3002003.7890000003,100524.489,-51093.2,0.0,54212.12,5218678.58,5218678.58,2637820.429,MIRFER SA_resum
