Año,Acreedores a L. P.,Acreedores comerciales,Activo circulante,Capital suscrito,Cash flow,Consumo de mercaderías y de materias,Deudas financieras,Deudores,Dotaciones para amortiz. de inmovil.,EBIT,EBITDA,Existencias,Fondo de maniobra,Fondos propios,Gastos de personal,Gastos extraordinarios,Gastos financieros,Gastos financieros y gastos asimilados,Importe neto Cifra de Ventas,Impuestos sobre sociedades,Ingresos de explotación,Ingresos extraordinarios,Ingresos financieros,Inmovilizado,Inmovilizado inmaterial,Inmovilizado material,Materiales,Número empleados,Otros Conceptos de Explotación,Otros activos fijos,Otros activos líquidos,Otros fondos propios,Otros gastos de explotación,Otros pasivos fijos,Otros pasivos líquidos,Pasivo fijo,Pasivo líquido,Provisiones,Result. ordinarios antes Impuestos,Resultado Actividades Ordinarias,Resultado Explotación,Resultado bruto,Resultado del Ejercicio,Resultado financiero,Resultados actividades extraordinarias,Tesorería,Total activo,Total pasivo y capital propio,Valor agregado,Empresa
1999-01-01,4684.53,52693.7,17459.34,12020.240000000002,18263.04,191958.16,0.0,7149.8,13427.240000000002,16709.04,30136.28,3606.07,7149.8,-19068.52,102692.69,858.87,9728.85,9728.85,332874.42000000004,2072.489,332874.42000000004,786.97,0.13,84850.18000000001,7453.28,72480.02,121058.45,7.0,-137767.97,4916.879,10309.54,-31088.76,342721.98000000004,0.0,116693.51,4684.53,116693.51,0.0,6980.1900000000005,4907.7,16709.04,355100.179,4835.8,-9728.85,-71.899,9380.94,102309.52,102309.52,132757.069,NOU CAFE 2023 SOCIEDAD LIMITADA._resum
2000-01-01,13071.77,52693.7,9101.08,12020.240000000002,43148.26,191958.16,0.0,493.83,13263.7,45389.66,58653.36,3606.07,4099.9,7667.429999999999,93952.25,5081.42,3547.59,3547.59,368163.45,12807.66,368163.45,5931.44,0.13,75342.65000000001,6473.13,63952.64,131695.44999999998,12.0,-137767.97,4916.879,5001.18,-4352.809,342721.98000000004,0.0,63704.53,13071.77,63704.53,0.0,41842.2,29034.539,45389.66,355100.179,29884.56,-3547.46,850.02,4958.25,84443.73,84443.73,153455.76,NOU CAFE 2023 SOCIEDAD LIMITADA._resum
2001-01-01,6531.67,52693.7,67593.3,12020.0,22533.62,191958.16,0.0,4307.469999999999,12749.63,13229.21,25978.839,3831.3,8138.769999999999,17451.420000000002,102006.91,232.21,874.3,874.3,382045.33,4193.14,382045.33,1451.57,402.86,70024.02,5495.67,58611.47,157841.97,6.0,-137767.97,5916.88,59454.53,5431.419,342721.98000000004,0.0,113634.23,6531.67,113634.23,0.0,12757.77,8564.630000000001,13229.21,355100.179,9783.99,-471.44,1219.36,59454.53,137617.31999999998,137617.31999999998,129607.97,NOU CAFE 2023 SOCIEDAD LIMITADA._resum
2002-01-01,1667.06,52693.7,27673.480000000003,12020.0,12368.98,191958.16,0.0,7428.150000000001,9148.62,7751.04,16899.66,10918.76,18346.91,20671.78,95151.42,3594.79,1233.0,1233.0,329079.22000000003,1380.15,329079.22000000003,1352.86,324.4,66314.369,4512.860000000001,55884.63,136175.54,8.0,-137767.97,5916.879,9326.57,8651.779,342721.98000000004,0.0,71649.01,1667.06,71649.01,0.0,6842.44,5462.289,7751.04,355100.179,3220.36,-908.6,-2241.9300000000003,9326.57,93987.85,93987.85,110133.549,NOU CAFE 2023 SOCIEDAD LIMITADA._resum
2003-01-01,1944.0533333333333,52693.7,58396.48,12020.0,-4580.45,191958.16,0.0,16011.05,8337.75,-14544.45,-6206.7,29059.47,45070.52,7753.58,115666.85,236.87,961.63,961.63,326988.32,-376.09,326988.32,2410.98,37.68,87703.73999999999,4181.77,77605.09,125310.31,8.0,-137767.97,5916.88,13325.96,-4266.42,342721.98000000004,0.0,138346.64,1944.0533333333333,138346.64,0.0,-15468.4,-15092.31,-14544.45,355100.179,-12918.2,-923.95,2174.11,12438.71,146100.22,146100.22,111671.94,NOU CAFE 2023 SOCIEDAD LIMITADA._resum
2004-01-01,2221.0466666666666,52693.7,48766.04,12020.0,6930.46,191958.16,0.0,17936.93,8096.820000000001,12508.88,20605.699,29780.0,47716.93,6587.22,108266.29,16951.328999999998,748.09,748.09,370825.84,-150.72666666666666,370825.84,4023.12,1.06,88993.65000000001,3053.8900000000003,78150.34,148278.37999999998,7.0,-137767.97,7789.419,1049.11,-5432.78,342721.98000000004,0.0,131172.47,2221.0466666666666,131172.47,0.0,11761.85,11761.85,12508.88,355100.179,-1166.36,-747.03,-12928.21,1049.11,137759.69,137759.69,115944.84,NOU CAFE 2023 SOCIEDAD LIMITADA._resum
2005-01-01,2498.04,52693.7,37420.11,12020.0,14725.43,191958.16,0.0,5406.05,8282.33,12469.04,20751.37,29674.2,35080.25,13030.32,138204.7,5518.04,992.45,992.45,387722.26,74.63666666666666,387722.26,484.51,0.04,90266.76,1926.04,80551.3,122106.18,10.0,-137767.97,7789.419,2339.8590000000004,1010.319,342721.98000000004,0.0,112158.51,2498.04,112158.51,0.0,11476.63,11476.63,12469.04,355100.179,6443.1,-992.41,-5033.53,2339.86,127686.87,127686.87,153922.58,NOU CAFE 2023 SOCIEDAD LIMITADA._resum
2006-01-01,55222.5,52693.7,48229.33,12020.0,-8005.929999999999,191958.16,0.0,11024.37,15464.02,-23753.73,-8289.709,30695.95,41720.32,-10438.82,153243.11000000002,1430.28,2746.17,2746.17,451201.58,300.0,451201.58,4663.81,96.42,144737.74000000002,1461.43,135486.88999999998,189839.21,10.0,-137767.97,7789.419,6509.01,-22458.82,342721.98000000004,0.0,148183.38999999998,55222.5,148183.38999999998,0.0,-26403.480000000003,-26703.480000000003,-23753.73,355100.179,-23469.95,-2649.75,3233.53,5191.8,192967.07,192967.07,148283.34999999998,NOU CAFE 2023 SOCIEDAD LIMITADA._resum
2007-01-01,43890.45,52693.7,38205.26,12020.0,33098.07,191958.16,0.0,1094.77,16971.82,24372.95,41344.77,27193.85,28288.62,5686.83,174882.84999999998,5163.67,5926.53,5926.53,565863.04,304.21333333333337,573863.04,2329.24,514.26,135343.72,407.91,127146.39,235191.62,12.0,-137767.97,7789.419,9916.64,-6333.17,342721.98000000004,0.0,123971.7,43890.45,123971.7,0.0,18960.68,18960.68,24372.95,355100.179,16126.25,-5412.27,-2834.4300000000003,7590.04,173548.97999999998,173548.97999999998,213907.45,NOU CAFE 2023 SOCIEDAD LIMITADA._resum
2008-01-01,56747.06,52693.7,72138.22,12020.0,21497.07,191958.16,25299.460000000003,42273.61,16205.96,12378.2,28584.16,26573.22,16153.13,10977.94,188748.05,0.0,7087.2,7087.2,545211.65,308.4266666666667,547058.3400000001,0.0,0.11,119643.04,52.77,111800.85,191958.16,13.0,-137767.97,7789.42,3291.3900000000003,-1042.06,342721.98000000004,0.0,46063.1,56747.06,124056.26,0.0,5291.110000000001,5291.110000000001,12378.2,355100.179,5291.110000000001,-7087.09,0.0,3291.3900000000003,191781.26,191781.26,217332.319,NOU CAFE 2023 SOCIEDAD LIMITADA._resum
2009-01-01,114125.52,35359.37,86562.73999999999,12020.0,11625.88,182025.19,0.0,59458.56,11660.98,4639.620000000001,16300.599,23924.34,48023.529,10942.84,166842.99,0.0,4362.13,4362.13,469224.31,312.64000000000004,469224.31,0.0,0.05,115308.14,0.0,107518.72,182025.19,13.0,-104055.53,7789.42,3179.84,-1077.159,282559.5,0.0,41443.15,114125.52,76802.52,0.0,277.54,-35.099000000000004,4639.620000000001,287199.12,-35.099000000000004,-4362.08,0.0,1629.9,201870.88,201870.88,183143.64,NOU CAFE 2023 SOCIEDAD LIMITADA._resum
2010-01-01,79719.0,34863.37,36266.32,12020.0,14437.38,202641.08,0.0,449.2,13941.89,2335.16,16277.05,22849.28,-11564.89,11438.33,167047.9,0.0,1403.26,1403.26,502477.38,436.48,502477.38,0.0,0.07,115392.31,0.0,107602.89,202641.08,7.0,-116511.35,7789.42,12967.84,-581.669,297501.14,0.0,25637.93,79719.0,60501.3,0.0,931.97,495.49,2335.16,299836.3,495.49,-1403.1899999999998,0.0,7082.33,151658.63,151658.63,183325.02,NOU CAFE 2023 SOCIEDAD LIMITADA._resum
2011-01-01,72472.56,53069.71,50574.87,12020.0,11613.46,211319.68,0.0,1842.18,10716.67,2584.4100000000003,13301.08,20685.85,-30541.68,12335.12,159453.29,0.0,1339.74,1339.74,499811.66,348.92999999999995,502825.68,0.0,1.05,116550.11,0.0,108760.69,211319.68,6.0,-118751.63,7789.42,28046.84,315.119,288921.59,0.0,29247.59,72472.56,82317.3,0.0,1245.72,896.7900000000001,2584.4100000000003,291506.0,896.7900000000001,-1338.6899999999998,0.0,19691.18,167124.97999999998,167124.97999999998,172755.41999999998,NOU CAFE 2023 SOCIEDAD LIMITADA._resum
2012-01-01,100715.57,31915.17,65156.14,12020.0,16999.74,202562.4,0.0,2565.05,15200.53,5339.38,20539.91,19893.5,-9456.619,14134.33,138561.16,0.0,2941.03,2941.03,460326.94,599.74,468616.748,0.0,0.6000000000000001,105057.51,0.0,97268.09,202562.4,7.0,-106953.28,7789.42,42697.59,2114.329,260714.97,0.0,23448.58,100715.57,55363.75,0.0,2398.9500000000003,1799.209,5339.38,266054.34799999994,1799.209,-2940.4300000000003,0.0,35672.56,170213.65,170213.65,159101.67,NOU CAFE 2023 SOCIEDAD LIMITADA._resum
2013-01-01,94024.17,23204.13,55358.49,12020.0,13815.07,206547.15,0.0,147.96,11875.34,6786.79,18662.13,18736.2,-4319.969999999999,16074.06,146950.62,0.0,4201.09,4201.09,472010.74,646.58,477790.91,0.0,0.6100000000000001,99992.98,0.0,92203.56,206547.15,7.0,-105631.01,7789.42,36474.33,4054.06,264456.97000000003,0.0,22049.11,94024.17,45253.24,0.0,2586.3100000000004,1939.73,6786.79,271243.76,1939.73,-4200.48,0.0,30926.05,155351.47,155351.47,165613.36,NOU CAFE 2023 SOCIEDAD LIMITADA._resum
2014-01-01,108848.15,24703.04,70913.57,12020.0,7844.94,218347.0,0.0,255.89,5953.87,6938.09,12891.96,16862.7,-7584.45,17965.129999999997,169723.02,0.0,4416.660000000001,4416.660000000001,503033.61,630.3599999999999,506765.39,0.0,0.0,102291.45,0.0,94055.49,218347.0,9.0,-105803.41,8235.96,53794.979,5945.129000000001,281480.3,0.0,21688.7,108848.15,46391.74,0.0,2521.4300000000003,1891.069,6938.09,288418.39,1891.069,-4416.660000000001,0.0,48861.78,173205.02,173205.02,182614.979,NOU CAFE 2023 SOCIEDAD LIMITADA._resum
2015-01-01,52738.36,9860.28,44465.78999999999,12020.0,32038.899,224996.9,23840.99,379.59,30262.21,4863.1900000000005,35125.4,9959.28,478.59,19741.82,166673.84,0.0,2230.8,2230.8,526996.97,855.7,531615.059,0.0,0.0,80176.57,0.0,71985.26,224996.9,8.0,-104818.92,8191.31,34126.92,7721.820000000001,301754.97000000003,0.0,18460.91,52738.36,52162.18,0.0,2632.3900000000003,1776.689,4863.1900000000005,306618.159,1776.689,-2230.8,0.0,31781.56,124642.36,124642.36,201799.24,NOU CAFE 2023 SOCIEDAD LIMITADA._resum
2016-01-01,59202.28,8769.39,100548.46,12020.0,38390.77,260373.26,28132.57,54853.44,28516.31,16458.937,44975.248,8748.5,54832.55,29616.28,170975.96,0.0,3304.8900000000003,3304.8900000000003,575588.3200000001,3279.59,582643.809,0.0,0.0,56473.310000000005,0.0,48326.66,260373.26,8.0,-106319.34,8146.650000000001,36946.52,17596.280000000002,305811.61,0.0,31301.25,59202.28,68203.20999999999,0.0,13154.05,9874.46,16458.937,322270.549,9874.46,-3304.8900000000003,0.0,36946.52,157021.77000000002,157021.77000000002,215951.21,NOU CAFE 2023 SOCIEDAD LIMITADA._resum
2017-01-01,37213.72,8509.83,68198.98,12020.0,31470.379,225736.22,0.0,12454.42,19900.41,18861.55,38761.96,8681.7,12626.29,41186.25,189660.58,0.0,3449.11,3449.11,552232.63,3856.66,557705.9600000001,0.0,14.19,52029.310000000005,0.0,43927.310000000005,225736.22,11.0,-103547.2,8102.0,47062.86,29166.25,313108.189,0.0,33318.489,37213.72,41828.32,0.0,15426.63,11569.97,18861.55,331969.74,11569.97,-3434.92,0.0,47062.86,120228.29,120228.29,228436.729,NOU CAFE 2023 SOCIEDAD LIMITADA._resum
2018-01-01,68914.66,9181.65,63916.39,12020.0,28038.36,222444.77,0.0,6479.26,19492.86,14894.61,34387.47,12946.4,10244.01,49731.75,178270.47,0.0,3500.61,3500.61,533579.8,2848.5,538864.4600000001,0.0,0.0,86802.54,0.0,78745.19,222444.77,10.0,-103761.75,8057.35,44490.73,37711.75,301525.079,0.0,22890.87,68914.66,32072.52,0.0,11394.0,8545.5,14894.61,316419.69,8545.5,-3500.61,0.0,44490.73,150718.93,150718.93,212657.94,NOU CAFE 2023 SOCIEDAD LIMITADA._resum
2019-01-01,118859.7,22507.57,96823.58,12020.0,26561.76,213054.24,0.0,10119.27,20767.25,10122.46,30889.71,12687.7,299.4,55526.26,193270.52,0.0,2412.49,2412.49,527392.3,1931.51,531719.53,0.0,16.05,121605.83,0.0,113593.13,213054.24,8.0,-94505.06,8012.7,74016.61,43506.26,308542.829,0.0,21535.879,118859.7,44043.45,0.0,7726.02,5794.51,10122.46,318665.29000000004,5794.51,-2396.4390000000003,0.0,74016.61,218429.41,218429.41,224176.279,NOU CAFE 2023 SOCIEDAD LIMITADA._resum
2020-01-01,305688.5,11297.37,197253.26,12020.0,7382.76,119324.53,0.0,24582.24,21007.22,-11388.28,9618.94,8423.0,21707.87,41901.810000000005,93386.92,0.0,2195.51,2195.51,257032.19,44.65,260566.83,0.0,3.98,190923.76,0.0,182755.71,119324.53,7.0,-38236.44,8168.05,164248.02,29881.809,152630.58,0.0,29289.34,305688.5,40586.71,0.0,-13579.81,-13624.46,-11388.28,141242.3,-13624.46,-2191.53,0.0,162660.04,388177.02,388177.02,103009.84,NOU CAFE 2023 SOCIEDAD LIMITADA._resum
2021-01-01,267791.74,20310.88,148389.55,12020.0,41744.13,131445.9,0.0,9964.63,36676.2,9039.63,45715.829,6938.0,-3408.25,46969.74,129604.32,0.0,3950.42,3950.42,327535.38,44.65,369003.61,0.0,23.37,209610.04,0.0,201486.64,131445.9,7.0,-62237.56,8123.4,131486.91999999998,34949.74,228518.08,0.0,22927.23,267791.74,43238.11,0.0,5112.58,5067.929999999999,9039.63,237557.71,5067.929999999999,-3927.05,0.0,131486.91999999998,357999.59,357999.59,175343.52,NOU CAFE 2023 SOCIEDAD LIMITADA._resum
2022-01-01,267337.78900000005,26581.0,150524.4,12020.0,35933.880000000005,180660.28,0.0,7663.59,28946.480000000003,9857.07,38803.55,5662.0,-13255.41,53957.14,165248.81,0.0,2826.26,2826.26,478990.33,44.65,486416.84,0.0,1.24,217112.63,0.0,209033.88,180660.28,9.0,-101704.2,8078.75,137198.81,41937.14,295899.49000000005,0.0,19761.1,267337.78900000005,46342.1,0.0,7032.05,6987.4,9857.07,305756.56,6987.4,-2825.02,0.0,87198.81,367637.03,367637.03,204053.6,NOU CAFE 2023 SOCIEDAD LIMITADA._resum
2023-01-01,132905.049,26581.0,90858.73,12020.0,174721.16,106879.6,0.0,10263.56,173806.43,4815.120000000001,178621.55,5662.0,10263.56,54871.87,86508.48999999999,0.0,3861.12,3861.12,405289.03,44.65,427061.18,0.0,5.38,103199.36,0.0,94954.68,106879.6,4.0,-55051.54,8244.68,80595.17000000001,42851.87,315366.45900000003,0.0,6281.17,132905.049,6281.17,0.0,959.38,914.73,4815.120000000001,320181.58,914.73,-3855.74,0.0,80595.17000000001,194058.09,194058.09,265135.41900000005,NOU CAFE 2023 SOCIEDAD LIMITADA._resum
