Año,Acreedores a L. P.,Acreedores comerciales,Activo circulante,Capital suscrito,Cash flow,Consumo de mercaderías y de materias,Deudas financieras,Deudores,Dotaciones para amortiz. de inmovil.,EBIT,EBITDA,Existencias,Fondo de maniobra,Fondos propios,Gastos de personal,Gastos extraordinarios,Gastos financieros,Gastos financieros y gastos asimilados,Importe neto Cifra de Ventas,Impuestos sobre sociedades,Ingresos de explotación,Ingresos extraordinarios,Ingresos financieros,Inmovilizado,Inmovilizado inmaterial,Inmovilizado material,Materiales,Número empleados,Otros Conceptos de Explotación,Otros activos fijos,Otros activos líquidos,Otros fondos propios,Otros gastos de explotación,Otros pasivos fijos,Otros pasivos líquidos,Pasivo fijo,Pasivo líquido,Provisiones,Result. ordinarios antes Impuestos,Resultado Actividades Ordinarias,Resultado Explotación,Resultado bruto,Resultado del Ejercicio,Resultado financiero,Resultados actividades extraordinarias,Tesorería,Total activo,Total pasivo y capital propio,Valor agregado,Empresa
1999-01-01,65350.39,0.0,276754.88,1436418.93,20971.89,0.0,0.0,79194.85,23714.980000000003,-36579.96,-12864.98,0.0,79194.85,1570107.65,26416.75,133.64,2376.7,2376.7,67561.85,0.0,36992.08,29219.55,7127.67,1451747.86,0.0,872324.4600000001,0.0,2.0,-45559.51,579423.4,197560.03,133688.719,97999.359,0.0,93044.69,65350.39,93044.69,0.0,-31829.0,-31829.0,-36579.96,154122.81999999998,-2743.09,4750.96,29085.91,197560.03,1728502.73,1728502.73,49765.34,NOU-1 SA_resum
2000-01-01,60624.78,0.0,255252.88,1436418.93,29005.32,0.0,0.0,65866.55,26660.765,8032.13,8032.13,0.0,65866.55,1370543.54,30300.69,250185.38,3618.49,3618.49,67561.85,0.0,60865.73,35832.340000000004,10375.28,1471504.47,0.0,1095992.57,0.0,2.0,-45559.51,375511.899,189386.33,-65875.38900000001,97999.359,0.0,295589.03,60624.78,295589.03,0.0,14788.92,14788.92,8032.13,154122.81999999998,-199564.12,6756.79,-214353.04,189386.33,1726757.35,1726757.35,-165644.94,NOU-1 SA_resum
2001-01-01,54806.75,0.0,184300.51,1436390.0,37038.75,0.0,0.0,73363.20999999999,29606.55,-21534.35,8072.2,0.0,73363.20999999999,1377975.74,29614.12,35149.6,3085.75,3085.75,67561.85,0.0,67245.66,55775.66,11426.240000000002,1549534.28,0.0,1217895.1,0.0,2.0,-45559.51,331639.179,110937.3,-58414.26,97999.359,0.0,301052.3,54806.75,301052.3,0.0,-13193.86,-13193.86,-21534.35,154122.81999999998,7432.2,8340.49,20626.06,110937.299,1733834.79,1733834.79,69738.62000000001,NOU-1 SA_resum
2002-01-01,49820.15,0.0,181380.35,1436390.0,10009.73,0.0,0.0,63958.24,19990.24,-17025.7,2964.54,0.0,63958.24,1367995.22,37179.92,0.0,2794.62,2794.62,67561.85,0.0,67561.85,134.06,9705.75,1532849.31,0.0,1201205.6,0.0,2.0,-45559.51,331643.70900000003,117422.11,-68394.78,97999.359,0.0,296414.29000000004,49820.15,296414.29000000004,0.0,-10114.57,-10114.57,-17025.7,154122.81999999998,-9980.51,6911.13,134.06,117422.11,1714229.66,1714229.66,49984.27,NOU-1 SA_resum
2003-01-01,50691.41,0.0,168523.07,1436390.0,-1282.729,0.0,0.0,31398.97,8686.230000000001,-10994.25,-2308.02,0.0,31398.97,1358033.93,38542.87,8103.21,2606.6,2606.6,91193.25,0.0,91193.25,1435.05,10300.05,1525944.29,0.0,1206375.26,0.0,2.0,-45559.51,319569.03,137124.1,-78356.07,97999.359,0.0,285742.02,50691.41,285742.02,0.0,-3300.8,-3300.8,-10994.25,154122.81999999998,-9968.96,7693.45,-6668.160000000001,137124.1,1694467.36,1694467.36,39866.74,NOU-1 SA_resum
2004-01-01,45522.27,0.0,178900.51,2037390.0,41669.42,0.0,0.0,57987.21,17630.35,18679.43,36309.78,0.0,57987.21,1983073.0,38763.72,5062.1900000000005,2472.27,2472.27,115541.28,0.0,115541.28,1785.659,11108.44,2139124.71,7214.06,1314102.82,0.0,2.0,-45559.51,817807.829,120913.3,-54317.0,97999.359,0.0,289429.95,45522.27,289429.95,0.0,27315.6,27315.6,18679.43,154122.81999999998,24039.07,8636.17,-3276.529,120913.3,2318025.22,2318025.22,82905.40999999999,NOU-1 SA_resum
2005-01-01,39866.55,0.0,184592.15,2037390.0,86881.38,0.0,0.0,77521.77,15912.81,21579.33,37492.14,0.0,77521.77,2054041.57,43015.1,6076.74,1795.41,1795.41,122656.85,0.0,122656.85,44514.48,12746.91,2230060.72,7214.06,1611253.06,0.0,2.0,-45559.51,611593.6,107070.37900000002,16651.57,97999.359,0.0,320744.75,39866.55,320744.75,0.0,32530.83,32530.83,21579.33,154122.81999999998,70968.57,10951.5,38437.74,107070.38,2414652.87,2414652.87,131691.88999999998,NOU-1 SA_resum
2006-01-01,36324.87,0.0,169883.59,2037390.0,132938.94999999998,0.0,0.0,42110.25,19236.22,16452.73,35688.950000000004,0.0,42110.25,2167744.3,47486.94,0.0,1675.88,1675.88,127992.88,0.0,128446.55,84550.93,14374.95,2380257.19,7214.06,1901121.73,0.0,2.0,-45559.51,471921.399,127773.34,130354.299,97999.359,0.0,346071.61,36324.87,346071.61,0.0,29151.8,29151.8,16452.73,154122.81999999998,113702.73,12699.07,84550.93,127773.34,2550140.7800000003,2550140.7800000003,182101.77,NOU-1 SA_resum
2007-01-01,29851.05,0.0,100413.26,2037390.0,114224.0,0.0,0.0,78047.59,22098.66,40419.71,62518.369,0.0,78047.59,2259869.64,48211.1,10227.05,1103.84,1103.84,146356.02,14826.94,146358.59,48033.6,29829.86,2215009.02,0.0,2139414.859,0.0,2.0,-45559.51,75594.16,22365.67,222479.64,97999.359,0.0,25701.59,29851.05,25701.59,0.0,69145.73,54318.789,40419.71,154122.81999999998,92125.34,28726.02,37806.549,22365.67,2315422.2800000003,2315422.2800000003,178365.87999999998,NOU-1 SA_resum
2008-01-01,77651.82,0.0,138789.62,2037390.0,95821.479,0.0,0.0,68109.11,13771.43,56123.46,69894.89,0.0,68109.11,2341919.69,38668.42,0.0,1359.46,1359.46,154122.81999999998,25867.35,154122.81999999998,0.0,53153.4,2412146.0,0.0,2027512.58,0.0,2.0,-45559.51,384633.42,70680.51,304529.69,97999.359,0.0,131364.11000000002,77651.82,131364.109,0.0,107917.4,82050.049,56123.46,154122.81999999998,82050.049,51793.94,0.0,62518.21,2550935.62,2550935.62,161716.71000000002,NOU-1 SA_resum
2009-01-01,16406.14,86.07,103676.61,2037390.0,34879.78,0.0,0.0,80150.90999999999,13160.01,10676.02,23836.03,0.0,80064.84,2363639.46,38535.2,0.0,6369.08,6369.08,117285.43,7239.929999999999,117285.43,0.0,24652.76,2429441.76,0.0,2126779.65,0.0,2.0,-54914.2,302662.11,23525.7,326249.46,106609.409,0.0,152986.7,16406.14,153072.77000000002,0.0,28959.7,21719.77,10676.02,117285.43,21719.77,18283.68,0.0,15363.4,2533118.37,2533118.37,87023.989,NOU-1 SA_resum
2010-01-01,82382.77,0.0,66781.98999999999,2037390.0,81517.81,0.0,0.0,43741.880000000005,13160.0,78417.67000000001,91577.67,0.0,43741.880000000005,2431997.27,38934.24,0.0,5096.64,5096.64,121578.0,22785.94,121578.0,0.0,17822.72,2459852.8,0.0,2158550.9,0.0,2.0,8933.91,301301.89900000003,23040.11,394607.27,43160.329,0.0,12254.75,82382.77,12254.75,0.0,91143.75,68357.81,78417.67000000001,121578.0,68357.81,12726.08,0.0,14877.81,2526634.79,2526634.79,148334.63,NOU-1 SA_resum
2011-01-01,131032.23,2802.1,102322.06,2037390.0,65071.45,0.0,0.0,49399.71,15359.03,48115.55,63474.58,0.0,46597.61,2481709.69,38964.36,0.0,2860.63,2860.63,187732.18,13566.77,187732.18,0.0,18024.27,2530717.63,0.0,2177338.45,0.0,2.0,-85293.23999999999,353379.18,52922.350000000006,444319.69,139616.63,0.0,17495.67,131032.23,20297.77,0.0,63279.19,49712.42,48115.55,187732.18,49712.42,15163.64,0.0,44760.05,2633039.69,2633039.69,120463.21,NOU-1 SA_resum
2012-01-01,79429.34,0.0,144298.25,2037390.0,28550.86,0.0,332.91,60073.95,49975.19,-37996.09,11979.1,0.0,60073.95,2460285.36,38471.63,0.0,2462.09,2462.09,183530.32,0.0,183530.32,0.0,19033.85,2465387.43,1046.0,2140894.69,0.0,2.0,-133079.59,323446.74,84224.3,422895.36,221526.41,0.0,69638.07,79429.34,69970.98,0.0,-21424.33,-21424.33,-37996.09,183530.32,-21424.33,16571.759,0.0,84224.3,2609685.68,2609685.68,69484.57900000001,NOU-1 SA_resum
2013-01-01,72506.85,530.0,205126.21,2037390.0,68862.13,0.0,0.0,63249.02,50556.91,2801.44,53358.350000000006,0.0,62719.02,2478590.58,36662.67,0.0,2461.08,2461.08,172012.29,0.0,172012.29,0.0,17964.86,2418262.95,523.0,2102760.67,0.0,2.0,-81991.27,314979.27900000004,141877.19,441200.579,169210.84999999998,0.0,71761.73,72506.85,72291.73,0.0,18305.22,18305.22,2801.44,172012.29,18305.22,15503.78,0.0,141877.19,2623389.16,2623389.16,107985.88,NOU-1 SA_resum
2014-01-01,68306.87000000001,0.0,183183.84,2037390.0,50482.119,6859.860000000001,1092.81,67059.22,54712.03,-15220.22,39491.810000000005,0.0,67059.22,2474360.67,58198.6,0.0,2461.08,2461.08,204603.47,0.0,204603.47,0.0,13451.39,2430645.14,337.21,2116720.23,6859.860000000001,3.0,-100053.2,313587.699,116124.62,436970.67,212963.83,0.0,70068.63,68306.87000000001,71161.43999999999,0.0,-4229.91,-4229.91,-15220.22,197743.61,-4229.91,10990.31,0.0,116124.62,2613828.98,2613828.98,111141.8,NOU-1 SA_resum
2015-01-01,69206.87000000001,373.89,226037.61,2037390.0,62716.41,11408.31,1572.96,41400.7,59380.91,-9841.75,49539.16,0.0,41026.810000000005,2477696.17,81406.73,0.0,2153.46,2153.46,178061.63,0.0,270142.79000000004,0.0,15330.71,2382457.05,151.42000000000002,2071501.09,11408.31,3.0,-127788.59,310804.54,184636.91,440306.17,268576.23000000004,0.0,59644.77,69206.87000000001,61591.62,0.0,3335.5,3335.5,-9841.75,258734.48,3335.5,13177.25,0.0,184636.91,2608494.66,2608494.66,146276.6,NOU-1 SA_resum
2016-01-01,70859.37000000001,0.0,174189.44,2037390.0,66803.289,17973.73,1146.46,48919.27,62615.39,-6370.63,56244.76,0.0,48919.27,2481884.07,97440.42,0.0,2302.76,2302.76,222985.82,0.0,320612.83,0.0,12861.29,2442301.23,0.0,1440712.8,17973.73,3.0,-148953.919,1001588.43,125270.17,444494.068,309009.73000000004,0.0,62600.77,70859.37000000001,63747.23,0.0,4187.899,4187.899,-6370.63,302639.1,4187.899,10558.53,0.0,125270.17,2616490.67,2616490.67,166546.46899999998,NOU-1 SA_resum
2017-01-01,72669.37000000001,265.87,250279.32,2037390.0,90689.89,19599.34,877.3399999999999,38770.810000000005,65206.57,20314.74,85521.31,0.0,38504.939,2507367.39,99734.04,0.0,1957.1,1957.1,221959.69,1210.11,327899.26,0.0,8335.79,2395830.14,0.0,1401435.26,19599.34,3.0,-123044.569,994394.88,211508.51,469977.39,287985.18,0.0,64929.49,72669.37000000001,66072.7,0.0,26693.43,25483.32,20314.74,308299.92000000004,25483.32,6378.6900000000005,0.0,211508.51,2646109.46,2646109.46,193591.14,NOU-1 SA_resum
2018-01-01,72945.66,2240.72,178637.97999999998,2037390.0,103551.68,17960.480000000003,1752.77,24807.61,65612.78,45444.83,111057.61,0.0,22566.89,2545306.29,108797.25,0.0,1845.84,1845.84,197972.42,12200.01,335474.21,0.0,6539.92,2517246.25,0.0,1362875.05,17960.480000000003,4.0,-97658.87,1154371.2,153830.37,507916.29,272068.9,0.0,73638.79,72945.66,77632.28,0.0,50138.91,37938.9,45444.83,317513.73000000004,37938.9,4694.08,0.0,153830.37,2695884.23,2695884.23,226394.78,NOU-1 SA_resum
2019-01-01,42800.66,1580.01,189336.37,2037390.0,70613.61,16124.51,548.99,30217.14,65117.67,2096.159,67213.82900000001,0.0,28637.13,2550802.23,116029.29,0.0,1845.85,1845.85,200657.11,1583.99,328064.77,0.0,6829.620000000001,2473257.19,0.0,1339388.75,16124.51,5.0,-128697.139,1133868.44,159119.23,513412.23,309844.1,0.0,66861.67000000001,42800.66,68990.67000000001,0.0,7079.929999999999,5495.94,2096.159,311940.26,5495.94,4983.77,0.0,159119.23,2662593.56,2662593.56,190072.74,NOU-1 SA_resum
2020-01-01,42400.66,0.0,234774.43,2037390.0,65368.3,12884.49,409.21,38056.58,67224.66,-910.51,66314.15000000001,0.0,38056.58,2548945.87,65411.34,0.0,945.85,945.85,112208.23,0.0,231791.68,0.0,0.0,2421710.22,0.0,1309577.31,12884.49,4.0,-87181.7,1112132.91,196717.85,511555.87,219817.7,0.0,64728.91,42400.66,65138.12,0.0,-1856.36,-1856.36,-910.51,218907.19,-1856.36,-945.85,0.0,196717.85,2656484.65,2656484.65,131725.48899999997,NOU-1 SA_resum
2021-01-01,13483.5,0.0,266524.90900000004,2037390.0,175161.37999999998,11832.240000000002,0.0,32738.73,68629.06,139380.46,208009.52,0.0,32738.73,2716742.46,76704.54,0.0,1359.6699999999998,1359.6699999999998,150813.65,33843.340000000004,281008.62,0.0,2354.8700000000003,2541225.08,0.0,1268490.02,11832.240000000002,4.0,15537.68,1272735.06,233786.18,679352.4600000001,129795.919,0.0,77524.03,13483.5,77524.03,0.0,140375.66,106532.32,139380.46,269176.38,106532.32,995.199,0.0,232211.49,2807749.99,2807749.99,287068.93000000005,NOU-1 SA_resum
2022-01-01,15783.5,0.0,232206.22,2037390.0,37195.77,21506.32,0.0,33198.4,60433.17,-25950.92,34482.25,0.0,33198.4,2684691.23,113809.09,0.0,688.62,688.62,185410.08,0.0,324335.05,0.0,3402.14,2523712.02,0.0,1236413.88,21506.32,4.0,-154537.38999999998,1287298.14,199007.82,647301.23,328779.65,0.0,55443.51,15783.5,55443.51,0.0,-23237.4,-23237.4,-25950.92,302828.73000000004,-23237.4,2713.52,0.0,196789.17,2755918.24,2755918.24,151693.479,NOU-1 SA_resum
2023-01-01,15861.5,0.0,258818.49,2037390.0,37356.95,20190.15,0.0,25771.54,62957.28999999999,-29396.460000000003,33560.83,0.0,25771.54,2659090.89,123470.56,0.0,557.2800000000001,557.2800000000001,181723.52,0.0,332774.19,0.0,4353.4,2477029.18,0.0,1210594.94,20190.15,4.0,-155552.65,1266434.24,233046.95,621700.89,341980.5,0.0,60895.28,15861.5,60895.28,0.0,-25600.34,-25600.34,-29396.460000000003,312584.04,-25600.34,3796.12,0.0,233046.95,2735847.67,2735847.67,161384.79,NOU-1 SA_resum
