Año,Acreedores a L. P.,Acreedores comerciales,Activo circulante,Capital suscrito,Cash flow,Consumo de mercaderías y de materias,Deudas financieras,Deudores,Dotaciones para amortiz. de inmovil.,EBIT,EBITDA,Existencias,Fondo de maniobra,Fondos propios,Gastos de personal,Gastos extraordinarios,Gastos financieros,Gastos financieros y gastos asimilados,Importe neto Cifra de Ventas,Impuestos sobre sociedades,Ingresos de explotación,Ingresos extraordinarios,Ingresos financieros,Inmovilizado,Inmovilizado inmaterial,Inmovilizado material,Materiales,Número empleados,Otros Conceptos de Explotación,Otros activos fijos,Otros activos líquidos,Otros fondos propios,Otros gastos de explotación,Otros pasivos fijos,Otros pasivos líquidos,Pasivo fijo,Pasivo líquido,Provisiones,Result. ordinarios antes Impuestos,Resultado Actividades Ordinarias,Resultado Explotación,Resultado bruto,Resultado del Ejercicio,Resultado financiero,Resultados actividades extraordinarias,Tesorería,Total activo,Total pasivo y capital propio,Valor agregado,Empresa
1999-01-01,71191.34,17645.64,29341.65,3005.06,9792.21,450242.62,0.0,15506.86,8049.56,5144.820000000001,13194.38,13513.64,29020.5,5601.84,28336.45,0.0,2655.8500000000004,2655.8500000000004,322147.21,746.8499999999999,322147.21,0.0,0.53,108083.79,108083.79,88548.15000000001,216327.2,5.0,-64979.37,0.0,321.15000000000003,2596.78,212608.31,11348.92,60632.26,71191.34,60632.26,0.0,2489.5,1742.65,5144.820000000001,258979.699,1742.65,-2655.32,0.0,321.15000000000003,137425.44,137425.44,41531.36,PAPERERIA DE L'EMPORDA SL_resum
2000-01-01,66870.97,17645.64,61682.71,3005.06,22246.559,450242.62,0.0,25745.74,19535.64,5853.17,25388.809,31282.28,57028.02,8312.75,40697.43,0.0,1981.54,1981.54,392109.67,1161.82,392109.67,0.0,1.11,88560.17000000001,0.0,88548.15000000001,261557.1,5.0,-64979.37,12.02,4654.689,5307.6900000000005,212608.31,11348.92,75059.15000000001,66870.97,75059.15000000001,0.0,3872.74,2710.92,5853.17,258979.699,2710.92,-1980.43,0.0,4654.6900000000005,150242.87999999998,150242.87999999998,66087.349,PAPERERIA DE L'EMPORDA SL_resum
2001-01-01,66331.789,17645.64,54304.95,3005.06,10185.439,450242.62,0.0,18117.64,7515.4,10902.48,18417.879,27457.36,45575.0,10982.79,55079.17,0.0,6782.04,6782.04,491457.91,1452.33,491457.91,0.0,1.93,78134.29,0.0,78134.29,377924.35,7.0,-64979.37,0.0,8729.949,7977.73,212608.31,11348.92,55124.66,66331.789,55124.66,0.0,4122.37,2670.04,10902.48,258979.699,2670.04,-6780.110000000001,0.0,8729.949999999999,132439.239,132439.239,73498.98,PAPERERIA DE L'EMPORDA SL_resum
2002-01-01,59364.9,17645.64,55923.6,3005.06,17970.41,450242.62,0.0,13695.04,15030.8,21825.1,36855.899,23613.36,37308.4,13922.4,54523.18,11348.92,5782.58,5782.58,567446.04,1758.48,567446.04,0.0,4.49,80702.7,0.0,80702.7,410542.16,6.0,-64979.37,0.0,18615.199,10917.34,212608.31,11348.92,51990.08,70713.82,51990.08,11348.92,16047.01,14288.53,21825.1,258979.699,2939.61,-5778.09,-11348.92,18615.2,136626.3,136626.3,80034.65000000001,PAPERERIA DE L'EMPORDA SL_resum
2003-01-01,34364.9,17645.64,54649.75,3005.06,18267.44,450242.62,0.0,8637.949999999999,15030.82,5862.150000000001,20892.97,41501.41,50139.36,17159.02,55364.3,0.0,1242.79,1242.79,508884.34,1387.13,508884.34,0.0,4.39,65671.88,0.0,65671.88,381266.95,4.0,-64979.37,0.0,4510.389,14153.96,212608.31,11348.92,57448.78999999999,45713.82,57448.78999999999,11348.92,4623.75,3236.62,5862.150000000001,258979.699,3236.62,-1238.4,0.0,4510.39,120321.63,120321.63,76261.65900000001,PAPERERIA DE L'EMPORDA SL_resum
2004-01-01,31128.28,17645.64,58638.96,3005.06,39512.04,450242.62,0.0,27456.480000000003,15030.82,36575.17,51605.99,29057.41,56513.89,41640.24,66362.56,0.42,1602.6699999999998,1602.6699999999998,679518.7699999999,10491.99,679518.7699999999,0.0,1.13,50641.06,0.0,50641.06,495796.84,4.0,-64979.37,0.0,2125.069,38635.18,212608.31,11348.92,25162.58,42477.2,25162.58,11348.92,34973.63,24481.64,36575.17,258979.699,24481.22,-1601.54,-0.42,2125.07,109280.02,109280.02,117969.26,PAPERERIA DE L'EMPORDA SL_resum
2005-01-01,16128.28,17645.64,203053.52,3005.06,47318.94,450242.62,0.0,8878.53,15030.82,47057.53,62088.350000000006,47732.48,56611.01,73928.36,82835.48999999999,0.0,931.92,931.92,756220.2899999999,13837.76,756220.2899999999,0.0,0.27,23395.55,0.0,23395.55,479154.06,4.0,-64979.37,0.0,146442.509,70923.3,212608.31,8511.69,136392.43,16128.28,136392.43,0.0,46125.880000000005,32288.118999999995,47057.53,258979.699,32288.12,-931.65,0.0,146442.51,226449.07,226449.07,144924.11000000002,PAPERERIA DE L'EMPORDA SL_resum
2006-01-01,16439.617,17645.64,196636.82,3005.06,54516.22,450242.62,0.0,14916.49,11450.0,62306.74,73756.739,28451.15,43367.64,116994.58,93763.09,0.0,852.8399999999999,852.8399999999999,778670.7899999999,18456.94,778670.7899999999,0.0,69.26,16070.9,0.0,16070.9,551561.16,5.0,-64979.37,0.0,153269.18,113989.52,212608.31,5674.46,79273.52,16439.617,79273.52,0.0,61523.16,43066.22,62306.74,258979.699,43066.22,-783.58,0.0,153269.18,212707.72,212707.72,167589.09,PAPERERIA DE L'EMPORDA SL_resum
2007-01-01,29088.25,17645.64,228018.33,3005.06,55865.95,450242.62,0.0,41470.45,11450.0,59808.55,71258.55,30350.3,30350.3,161410.53,126544.41,0.0,1702.56,1702.56,754724.4,14805.32,754724.4,0.0,1115.28,17280.52,0.0,17280.52,491638.62,8.0,-64979.37,0.0,197668.03,158405.47,212608.31,2837.2299999999996,54800.07,29088.25,54800.07,0.0,59221.27,44415.95,59808.55,258979.699,44415.95,-587.2800000000001,0.0,197668.03,245298.85,245298.85,198918.24,PAPERERIA DE L'EMPORDA SL_resum
2008-01-01,4500.0,17645.64,271721.74,3005.06,50944.03,450242.62,0.0,68024.40999999999,17280.52,46371.39,63651.91,40201.3,108225.71,195074.04,130348.42,0.0,3071.23,3071.23,709222.3200000001,11221.17,709222.3200000001,0.0,1584.52,23227.016666666666,0.0,23227.016666666666,450242.62,4.0,-64979.37,100.0,163496.03,192068.98,212608.31,0.0,72147.7,4500.0,72147.7,0.0,44884.68,33663.51,46371.39,258979.699,33663.51,-1486.71,0.0,152365.135,271721.74,271721.74,195584.85,PAPERERIA DE L'EMPORDA SL_resum
2009-01-01,15646.525,17645.64,294265.99000000005,3005.06,50395.74,400587.58,0.0,62049.65,16214.68,45631.63,61846.310000000005,75154.1,137203.75,229255.1,117147.33,0.0,1231.83,1231.83,650192.52,11393.69,650192.52,0.0,1174.95,29173.513333333336,0.0,29173.513333333336,400587.58,4.0,-70611.3,200.0,157062.24000000002,226250.04,203973.31,0.0,65010.89,15646.525,65010.89,0.0,45574.75,34181.06,45631.63,249604.94,34181.06,-56.879,0.0,107062.24,294265.99000000005,294265.99000000005,180168.59,PAPERERIA DE L'EMPORDA SL_resum
2010-01-01,26793.05,17645.64,279030.48000000004,3005.06,44299.38,402914.18,0.0,14735.4,14701.483333333334,43501.61,43501.61,82350.65000000001,97086.049,265166.468,94967.17,0.0,1619.78,1619.78,609086.75,10470.46,609086.75,0.0,0.0,35120.01,0.0,35120.01,402914.18,4.0,-67703.79,300.0,181944.43,262161.41000000003,162670.96,0.0,22190.97,26793.05,22190.97,0.0,41881.83,31411.37,43501.61,206172.57,31411.37,-1619.78,0.0,131944.43,314150.49000000005,314150.49000000005,138468.78,PAPERERIA DE L'EMPORDA SL_resum
2011-01-01,77396.525,17645.64,278188.64,3005.06,38203.02,384990.72,0.0,4958.3,13188.286666666667,38711.0,38711.0,84861.65000000001,72174.31,295663.01,98967.46,0.0,753.8599999999999,753.8599999999999,586992.01,7624.13,586992.01,0.0,163.53,35120.01,0.0,35120.01,384990.72,4.0,-64322.83,400.0,188368.69,292657.948,163290.289,0.0,53629.53,77396.525,17645.64,0.0,38120.67,30496.539,38711.0,202001.29,30496.539,-590.3299999999999,0.0,135156.49,313308.65,313308.65,137841.99,PAPERERIA DE L'EMPORDA SL_resum
2012-01-01,128000.0,8098.650000000001,208748.31,3005.06,32106.66,387550.46,0.0,60048.9,11675.09,32791.089,44466.179,55162.65,107112.9,316094.58,88647.90999999999,0.0,6221.120000000001,6221.120000000001,580172.3600000001,6810.52,580172.3600000001,0.0,672.12,243444.92,0.0,243444.92,387550.46,4.0,-59507.810000000005,500.0,93536.76,313089.52,159830.81,0.0,85068.09,128000.0,8098.650000000001,0.0,27242.09,20431.57,32791.089,192621.899,20431.57,-5549.0,0.0,93536.76,452193.23,452193.23,133786.209,PAPERERIA DE L'EMPORDA SL_resum
2013-01-01,118831.34,17293.39,209268.54,3005.06,26432.480000000003,331744.23000000004,0.0,65782.32,11705.14,25360.35,37065.49,65434.14,113923.07,326281.56,93455.46,0.0,5723.89,5723.89,532986.7899999999,4909.120000000001,535609.9400000001,0.0,0.0,253137.75,0.0,252537.75,346556.18,3.0,-73344.76,600.0,78052.08,323276.5,178505.36,0.0,116506.65,118831.34,17293.39,0.0,19636.460000000003,14727.34,25360.35,203865.71,14727.34,-5723.89,0.0,28052.08,462406.29,462406.29,130520.95,PAPERERIA DE L'EMPORDA SL_resum
2014-01-01,109577.29,41568.67,249944.74,3005.06,25654.969,364578.03,0.0,126330.09,11705.14,27610.66,39315.8,47283.92,132045.34,340231.39,80378.64,0.0,9010.88,9010.88,529226.38,4649.95,531956.38,0.0,0.0,241432.61,0.0,241432.61,364578.03,6.0,-47683.909,750.0,76330.73,337226.33,139767.68899999998,0.0,147945.21,109577.29,41568.67,0.0,18599.78,13949.829,27610.66,167378.349,13949.829,-9010.88,0.0,26330.73,491377.35,491377.35,119694.44,PAPERERIA DE L'EMPORDA SL_resum
2015-01-01,100855.63,32136.72,227158.54,3005.06,26867.41,367712.37,0.0,96649.63,11705.14,31010.480000000003,42715.619,33428.32,97941.23,355393.66,80275.1,0.0,10816.75,10816.75,542064.3600000001,5054.09,542064.3600000001,0.0,22.630000000000003,261227.47,0.0,260327.47,367712.37,5.0,-51361.27,900.0,97080.59,352388.6,143341.51,0.0,179383.77,100855.63,32136.72,0.0,20216.36,15162.27,31010.480000000003,174351.99,15162.27,-10794.12,0.0,97080.59,488386.01,488386.01,123013.35,PAPERERIA DE L'EMPORDA SL_resum
2016-01-01,79865.35,18657.71,474987.14,3005.06,46658.829,368465.55,13047.16,96859.68,21315.0,42365.19,63680.19,30612.66,108814.63,380737.4900000001,79370.14,0.0,8576.42,8576.42,551447.57,8447.94,557440.4600000001,0.0,3.0,228142.9,0.0,227242.9,368465.55,4.0,-45924.58,900.0,347514.8,377732.43000000005,146609.72,0.0,210822.33,79865.35,242527.2,0.0,33791.77,25343.829,42365.19,188974.909,25343.829,-8573.42,0.0,47982.9,703130.04,703130.04,143053.33,PAPERERIA DE L'EMPORDA SL_resum
2017-01-01,82401.56,52910.74,473652.4900000001,3005.06,44872.36,358831.83,15446.22,319105.05,21315.0,38320.16,59635.16,66443.47,332637.78,378951.02,82133.77,0.0,6910.35,6910.35,526778.15,7852.45,534657.14,0.0,0.0,228142.9,0.0,227242.9,358831.83,4.0,-34056.380000000005,900.0,88103.97,375945.959,137505.15,0.0,172085.84999999998,82401.56,240442.81,0.0,31409.81,23557.36,38320.16,175825.31,23557.36,-6910.35,0.0,45749.104,701795.39,701795.39,141768.93,PAPERERIA DE L'EMPORDA SL_resum
2018-01-01,98750.56,93361.52,657343.37,3005.06,33910.49,328028.52,0.0,503981.12,15386.41,30554.5,45940.91,60861.57,471481.169,397475.1,79781.29,0.0,4204.39,4204.39,495835.1,7826.03,503378.899,0.0,0.0,214424.49,0.0,213524.49,328028.52,4.0,-49628.18,900.0,92500.68,394470.04,144795.879,0.0,282180.68,98750.56,375542.2,0.0,26350.11,18524.08,30554.5,175350.379,18524.08,-4204.39,0.0,43515.308,871767.8600000001,871767.8600000001,125722.2,PAPERERIA DE L'EMPORDA SL_resum
2019-01-01,61930.98,122948.09,555096.8500000001,3005.06,14657.119,342086.65,56986.13,406367.13,4392.07,32228.960000000003,36621.03,50780.27,334199.31,407740.15,79984.23,0.0,14809.79,14809.79,503293.48,7154.120000000001,510627.36,0.0,0.0,212454.68,0.0,211554.68,342086.65,4.0,-51935.45,900.0,97949.45,404735.09,136311.75,0.0,117946.18,61930.98,297880.4,0.0,17419.17,10265.05,32228.960000000003,168540.709,10265.05,-14809.79,0.0,41281.512,767551.53,767551.53,116605.26,PAPERERIA DE L'EMPORDA SL_resum
2020-01-01,75706.54,386438.68,1045753.73,3005.06,27895.36,232383.17,30782.82,886942.71,15486.99,31044.5,46531.49,60861.57,561365.5989999999,463472.32,62293.14,0.0,14500.0,14500.0,362663.83,4136.13,368063.83,0.0,0.0,198937.5,0.0,198037.5,232383.17,4.0,-26856.03,900.0,97949.45,460467.26,104636.16,0.0,288290.87,75706.54,705512.37,0.0,16544.5,12408.369,31044.5,135680.66,12408.369,-14500.0,0.0,39047.716,1244691.23,1244691.23,108824.63,PAPERERIA DE L'EMPORDA SL_resum
2021-01-01,75574.3,73239.53,448298.23,3005.06,27914.72,263310.26,6134.860000000001,266151.87,7256.78,32983.879,40240.659,51843.47,244755.809,484130.26,76245.81,0.0,4837.67,4837.67,409130.26,7711.67,412354.43000000005,0.0,223.4,190780.72,0.0,190780.72,263310.26,4.0,-32557.7,900.0,130302.89,481125.2,116060.29,0.0,288290.87,75574.3,79374.39,0.0,28369.61,20657.94,32983.879,149044.169,20657.94,-4614.27,0.0,36813.92,639078.9500000001,639078.9500000001,116709.87,PAPERERIA DE L'EMPORDA SL_resum
2022-01-01,85604.05,82658.70999999999,469857.12,3005.06,13093.099,348520.89,0.0,316408.38,1298.43,24327.13,25625.56,45019.57,278769.24,495781.61,89789.48999999999,0.0,5219.71,5219.71,504489.91,7312.75,511069.069,0.0,0.0,194187.25,0.0,194187.25,348520.89,4.0,-47133.13,900.0,108429.17,492776.55,138221.05,0.0,288290.87,85604.05,82658.70999999999,0.0,19107.42,11794.669,24327.13,162548.179,11794.669,-5219.71,0.0,10595.96,664044.37,664044.37,115415.05,PAPERERIA DE L'EMPORDA SL_resum
2023-01-01,62465.8,75161.5,464603.39,3005.06,25381.73,344995.69,0.0,309211.92000000004,1468.4,40209.47,41677.87,33815.67,267866.08900000004,519694.94,91774.15,0.0,3826.18,3826.18,517948.25,12470.82,524166.18,0.0,0.8600000000000001,192718.85,0.0,192718.85,344995.69,3.0,-45718.47,900.0,121575.8,516689.88,138961.02,0.0,288290.87,62465.8,75161.5,0.0,36384.15,23913.33,40209.47,179170.49,23913.33,-3825.319,0.0,28076.83,657322.24,657322.24,133452.879,PAPERERIA DE L'EMPORDA SL_resum
