Año,Acreedores a L. P.,Acreedores comerciales,Activo circulante,Capital suscrito,Cash flow,Consumo de mercaderías y de materias,Deudas financieras,Deudores,Dotaciones para amortiz. de inmovil.,EBIT,EBITDA,Existencias,Fondo de maniobra,Fondos propios,Gastos de personal,Gastos extraordinarios,Gastos financieros,Gastos financieros y gastos asimilados,Importe neto Cifra de Ventas,Impuestos sobre sociedades,Ingresos de explotación,Ingresos extraordinarios,Ingresos financieros,Inmovilizado,Inmovilizado inmaterial,Inmovilizado material,Materiales,Número empleados,Otros Conceptos de Explotación,Otros activos fijos,Otros activos líquidos,Otros fondos propios,Otros gastos de explotación,Otros pasivos fijos,Otros pasivos líquidos,Pasivo fijo,Pasivo líquido,Provisiones,Result. ordinarios antes Impuestos,Resultado Actividades Ordinarias,Resultado Explotación,Resultado bruto,Resultado del Ejercicio,Resultado financiero,Resultados actividades extraordinarias,Tesorería,Total activo,Total pasivo y capital propio,Valor agregado,Empresa
1999-01-01,121911.11,39866.69,35575.86,3005.06,19588.26,125997.43,0.0,204.72,14112.55,9861.240000000002,23973.79,32063.25,204.72,29582.19,79827.38,0.0,2039.67,2039.67,213809.82,2346.72,213809.82,0.0,0.8600000000000001,141598.33,0.0,28402.44,1217.37,5.0,-126345.36,2434.099,35371.14,26577.129,331160.27,0.0,25680.89,121911.11,25680.89,0.0,7822.429999999999,5475.71,9861.240000000002,343719.31,5475.71,-2038.81,0.0,15250.79,177174.19,177174.19,103802.03,PENTACARPA SL_resum
2000-01-01,121911.11,39866.69,35575.86,3005.06,19588.26,125997.43,0.0,204.72,14112.55,9861.240000000002,23973.79,32063.25,204.72,29582.19,79827.38,0.0,2039.67,2039.67,213809.82,2346.72,213809.82,0.0,0.8600000000000001,141598.33,110761.79,28402.44,1217.37,5.0,-126345.36,2434.099,35371.14,26577.129,331160.27,0.0,25680.89,121911.11,25680.89,0.0,7822.429999999999,5475.71,9861.240000000002,343719.31,5475.71,-2038.81,0.0,15250.79,177174.19,177174.19,103802.03,PENTACARPA SL_resum
2001-01-01,101378.99,39866.69,44957.22,3005.06,19252.77,125997.43,0.0,9386.98,15031.6,13350.76,28382.36,32063.25,9386.98,33803.36,99825.48,0.0,7321.29,7321.29,258290.11,1809.03,258290.11,0.0,0.7300000000000001,161717.61000000002,101686.64,57596.87,6954.56,7.0,-126345.36,2434.099,35570.24,30798.3,331160.27,0.0,71492.48,101378.99,71492.48,0.0,6030.2,4221.17,13350.76,343719.31,4221.17,-7320.56,0.0,15825.38,206674.83,206674.83,128208.569,PENTACARPA SL_resum
2002-01-01,89476.97,39866.69,34260.119999999995,3005.06,38792.39,125997.43,0.0,7657.87,34250.08,10922.54,45172.62,32063.25,7657.87,38148.24,103235.24,0.0,4433.53,4433.53,332166.95,1946.7,332166.95,0.0,1.0275,195410.33,91372.13,101604.1,26531.14,7.0,-126345.36,2434.099,26602.25,35143.18,331160.27,0.0,102045.24,89476.97,102045.24,0.0,6489.01,4542.31,10922.54,343719.31,4542.31,-4433.53,0.0,6857.39,229670.45,229670.45,148407.86,PENTACARPA SL_resum
2003-01-01,82483.47,39866.69,98087.62,3005.06,45608.689,125997.43,0.0,38206.66,40541.95,10716.65,51258.6,32063.25,70269.90999999999,43214.98,118781.66,0.0,3478.4500000000003,3478.4500000000003,427448.11,2171.46,427448.11,0.0,1.3250000000000002,190937.66,82727.7,105775.86,110603.83,9.0,-126345.36,2434.1,27817.709,40209.92,331160.27,0.0,163326.83,82483.47,163326.83,0.0,7238.2,5066.74,10716.65,343719.31,5066.74,-3478.4500000000003,0.0,8072.85,289025.28,289025.28,170040.26,PENTACARPA SL_resum
2004-01-01,139327.62,39866.69,73008.28,3005.06,52595.259,125997.43,0.0,1953.46,48289.49,9762.34,58051.83,32063.25,34016.71,47520.75,111867.76,108.51,3474.52,3474.52,401423.88,1873.54,401423.88,0.0,1.6225,300908.92000000004,130493.32,167969.47999999998,85426.43,6.0,-126345.36,2446.119,38991.57,44515.69,331160.27,0.0,187068.83,139327.62,187068.83,0.0,6287.820000000001,4414.28,9762.34,343719.31,4305.77,-3474.52,-108.51,19246.71,373917.2,373917.2,169811.08,PENTACARPA SL_resum
2005-01-01,103712.57,39866.69,141982.25,3005.06,43742.37,125997.43,0.0,23097.15,39665.98,9441.26,49107.24,29055.02,52152.17,51597.14,114555.23,0.0,3619.77,3619.77,349525.75,1747.02,349525.75,0.0,1.92,279060.98000000004,109428.63,167186.23,34815.99,10.0,-126345.36,2446.119,89830.07900000001,48592.08,331160.27,0.0,265733.52,103712.57,265733.52,0.0,5823.41,4076.39,9441.26,343719.31,4076.39,-3617.85,0.0,70085.22,421043.23,421043.23,163664.38899999997,PENTACARPA SL_resum
2006-01-01,91605.96,39866.69,87059.95999999999,3005.06,61532.17,125997.43,0.0,5596.28,56879.17,11112.19,67991.36,44569.55,50165.83,56250.14,125552.71,0.0,4664.55,4664.55,426769.34,1994.14,426769.34,0.0,199.5,265776.34,97322.02,166008.2,45777.86,7.0,-126345.36,2446.119,36894.13,53245.08,331160.27,0.0,204980.2,91605.96,204980.2,0.0,6647.14,4653.0,11112.19,343719.31,4653.0,-4465.05,0.0,17149.27,352836.3,352836.3,193743.57,PENTACARPA SL_resum
2007-01-01,57905.01,39866.69,173023.219,3005.06,63642.16,125997.43,0.0,4327.160000000001,57962.18,10388.6,68350.78,51638.33,55965.49,61930.12,135563.84,210.7,2815.61,2815.61,476214.06,1963.56,476214.06,281.25,509.355,216124.75,63378.97,150299.66,85652.81,7.0,-126345.36,2446.119,117057.729,58925.06,331160.27,0.0,269312.84,57905.01,269312.84,0.0,7572.99,5609.429999999999,10388.6,343719.31,5679.98,-2815.61,70.55,97312.87,389147.97,389147.97,203985.169,PENTACARPA SL_resum
2008-01-01,1280.77,39866.69,214208.69,27045.5,68547.37000000001,125997.43,0.0,67361.34,62616.53,12559.04,75175.57,41138.33,68632.98,91901.4,142198.37999999998,0.0,5470.46,5470.46,469716.74,1976.95,469716.74,0.0,819.21,153508.22,0.0,151062.1,125997.43,7.0,-126345.36,2446.12,105709.02,64855.899,331160.27,0.0,234668.05,1280.77,274534.74,0.0,7907.79,5930.84,12559.04,343719.31,5930.84,-4651.25,0.0,105709.02,367716.91,367716.91,218193.16,PENTACARPA SL_resum
2009-01-01,94403.91,18149.95,249301.34,27045.5,68181.36,161483.59,0.0,129946.3,61914.06,18633.09,80547.15000000001,14206.34,126002.69,98168.7,124756.9,0.0,10276.69,10276.69,481440.62,2089.1,481440.62,0.0,0.0,135850.8,0.0,133404.68,134551.6,7.0,-114652.98,2446.12,105148.7,71123.2,301323.94,0.0,268833.49000000005,94403.91,286983.44,0.0,8356.4,6267.299,18633.09,319957.03,6267.299,-10276.69,0.0,105148.7,385152.14,385152.14,205304.05,PENTACARPA SL_resum
2010-01-01,187527.05,47601.44,300798.26,27045.5,38644.63,89737.83,0.0,241061.99,34909.42,17930.920000000002,52840.34,3862.4,197322.949,101903.91,110390.58,0.0,12950.65,12950.65,362735.95,1245.06,362735.95,0.0,0.0,105355.87,0.0,102909.75,82852.03,6.0,-109767.2,2446.12,55873.87,74858.40999999999,255067.2,0.0,69121.73,187527.05,116723.17,0.0,4980.27,3735.21,17930.920000000002,272998.12,3735.21,-12950.65,0.0,55873.87,406154.13,406154.13,163230.91999999998,PENTACARPA SL_resum
2011-01-01,166247.98142857142,13206.21,187725.83,27045.5,27773.55,55196.380000000005,0.0,174956.3,25404.91,8637.26,34042.17,4682.5,166432.59,104272.55,103063.43,0.0,5307.23,4791.71,329222.37,961.39,329222.37,0.0,0.0,79950.95999999999,0.0,77504.84,55196.380000000005,6.0,-136920.38999999998,2446.12,8087.03,77227.05,265388.72900000005,0.0,150198.03,166247.98142857142,163404.24000000002,0.0,3330.03,2368.64,8637.26,274025.99000000005,2368.64,-5307.23,0.0,8087.03,267676.78900000005,267676.78900000005,136590.08,PENTACARPA SL_resum
2012-01-01,144968.91285714286,23020.29,207133.07,27045.5,27612.22,-20484.83,0.0,180194.61,25404.91,4744.96,30149.87,25720.66,182894.979,106479.86,36733.02,0.0,1801.92,1801.92,133211.88999999998,735.7700000000001,134997.18,0.0,0.04,54546.05,0.0,52099.93,513.7800000000001,3.0,-88599.12000000001,2446.12,1217.8,79434.36,150737.05,0.0,132178.97,144968.91285714286,155199.26,0.0,2943.08,2207.3100000000004,4744.96,155482.01,2207.3100000000004,-1801.88,0.0,1217.8,261679.12,261679.12,66882.929,PENTACARPA SL_resum
2013-01-01,123689.84428571428,24053.18,173326.27000000002,27045.5,22098.949,59512.78,0.0,139957.59,19578.87,3719.77,23298.64,10365.59,126270.0,108999.94,38004.55,0.0,359.66,359.66,225779.54,840.03,225779.54,0.0,0.0,34967.18,0.0,32521.06,59512.78,1.0,-104963.57,2446.12,23003.09,81954.43999999999,162546.99,0.0,75240.33,123689.84428571428,99293.51,0.0,3360.11,2520.08,3719.77,166266.76,2520.08,-359.66,0.0,8305.11,208293.45,208293.45,61303.19,PENTACARPA SL_resum
2014-01-01,102410.77571428572,37725.52,196548.65,27045.5,17289.08,79298.53,0.0,149330.73,10998.34,9718.95,20717.29,2277.72,113882.93,115290.68,32760.0,0.0,1317.72,1317.72,193841.45,2110.49,193841.45,0.0,0.0,37668.84,0.0,35222.719999999994,79298.53,1.0,-61065.63,2446.12,44940.2,88245.18000000001,104823.97,0.0,81201.29,102410.77571428572,118926.81,0.0,8401.230000000001,6290.74,9718.95,114542.92,6290.74,-1317.72,0.0,15392.42,234217.49,234217.49,53477.289,PENTACARPA SL_resum
2015-01-01,81131.70714285715,70143.25,229136.84,27045.5,8344.059,50359.43,0.0,113590.18,5744.660000000001,18150.67,23895.329,230.5,43677.429,117890.08,32760.0,0.0,11947.1,3734.0,193079.02,3604.17,193079.02,0.0,0.0,31924.18,0.0,29478.06,50359.43,1.0,-86064.26,2446.12,115316.16,90844.579,124568.92,0.0,73027.69,81131.70714285715,143170.94,0.0,6203.57,2599.3990000000003,18150.67,142719.59,2599.3990000000003,-11947.1,0.0,8584.859999999999,261061.02,261061.02,48442.22899999999,PENTACARPA SL_resum
2016-01-01,59852.63857142857,98683.37,203895.22,27045.5,48274.62,36412.82,0.0,137008.76,24185.36,40489.84,64675.2,1573.39,39898.78,141979.34,38334.92,0.0,8370.82,1208.63,253635.05,8029.76,253635.05,0.0,0.0,69207.82,0.0,66761.7,36412.82,1.0,-114212.11,2446.12,65313.07,114933.84,176732.38999999998,0.0,32440.33,59852.63857142857,131123.7,0.0,32119.02,24089.26,40489.84,217222.229,24089.26,-8370.82,0.0,19194.89,273103.04,273103.04,95847.93,PENTACARPA SL_resum
2017-01-01,38573.57,110481.79,331410.47000000003,27045.5,73721.11,49756.47,0.0,187682.18,29043.45,64476.59,93520.04,1573.39,78773.78,186657.0,40560.0,0.0,4879.610000000001,4879.610000000001,298285.2,14922.45,298285.2,0.0,3.13,40164.37,0.0,37718.25,49756.47,1.0,-114448.69,2446.12,142154.9,159611.5,184052.14,0.0,35862.48,38573.57,146344.27000000002,0.0,59600.11,44677.66,64476.59,248528.73,44677.66,-4876.48,0.0,45169.380000000005,371574.84,371574.84,134083.169,PENTACARPA SL_resum
2018-01-01,42114.16,111620.71,398414.82,27045.5,74286.98,108434.06,0.0,273702.38,23966.89,68883.97,92850.86,1573.39,163655.06,236977.09,40560.0,0.0,1790.52,1790.52,343290.83,16773.36,343290.83,0.0,0.0,38988.01,0.0,36541.89,108434.06,1.0,-101445.91,2446.12,123139.05,209931.59,165972.8,0.0,46690.87,42114.16,158311.58,0.0,67093.45,50320.09,68883.97,234856.77,50320.09,-1790.52,0.0,26153.53,437402.83,437402.83,133410.85899999997,PENTACARPA SL_resum
2019-01-01,25844.61,111334.94,426751.97,27045.5,122044.23,42975.24,0.0,234039.38,36230.57,115333.26,151563.83,1189.02,122704.44,322790.75,47880.0,0.0,915.04,915.04,349589.04,28604.56,349589.04,0.0,0.0,91387.44,0.0,88941.32,42975.24,1.0,-107169.97,2446.12,192712.59,295745.25,191280.54,0.0,58169.11,25844.61,169504.05,0.0,114418.22,85813.66,115333.26,306613.8,85813.66,-915.04,0.0,95727.07,518139.41,518139.41,199443.83,PENTACARPA SL_resum
2020-01-01,18654.89,80091.34,386921.67,27045.5,29999.92,47790.93,0.0,327710.01,26533.75,5076.73,31610.480000000003,804.6500000000001,247618.67,326256.92000000004,33650.0,0.0,371.83,371.83,168633.3,1238.73,168633.3,0.0,0.0,64853.69,0.0,62407.57,47790.93,1.0,-55581.89,2446.12,59211.66,299211.42000000004,115765.64,0.0,26772.21,18654.89,106863.55,0.0,4704.9,3466.169,5076.73,120842.37,3466.169,-371.83,0.0,59211.66,451775.36,451775.36,65260.48,PENTACARPA SL_resum
2021-01-01,9268.6,90754.2,468587.61,27045.5,71866.95999999999,53002.26,0.0,231242.98,22151.05,66501.83,88652.88,420.28,140488.78,375972.83,39000.0,0.0,213.95,213.95,268371.01,16571.97,268371.01,0.0,0.0,42702.64,0.0,40256.52,53002.26,1.0,-87715.87000000001,2446.12,237344.63,348927.329,148866.919,0.0,35294.619999999995,9268.6,126048.82,0.0,66287.88,49715.91,66501.83,215368.75,49715.91,-213.95,0.0,140359.11000000002,511290.25,511290.25,127652.88,PENTACARPA SL_resum
2022-01-01,63922.63,49764.58,361701.59,27045.5,49563.12,118619.42,0.0,26595.49,25225.54,35187.97,60413.51,35.91,-23133.18,303324.89,65076.0,0.0,2737.86,2737.86,389058.43000000005,8112.53,389058.43000000005,0.0,0.0,79620.38,0.0,77174.26,118619.42,1.0,-144949.5,2446.12,335070.19,276279.39,235251.04,811.25,23498.62,64733.880000000005,73263.2,0.0,32450.11,24337.58,35187.97,270439.01,24337.58,-2737.86,0.0,165935.54,441321.97,441321.97,125489.51,PENTACARPA SL_resum
2023-01-01,48007.77,54988.310000000005,578520.75,27045.5,49563.12,109667.8,0.0,41999.15,25225.54,233994.34,233994.34,35.91,-12953.249000000002,476942.95,64992.0,0.0,3233.3500000000004,3233.3500000000004,618398.51,57142.93,618398.51,0.0,0.0,71441.68000000001,0.0,68995.56,109667.8,1.0,-209744.37,2446.12,536485.6889999999,449897.45,274736.37,6527.54,63495.86,54535.310000000005,118484.17,0.0,230760.99,173618.06,233994.34,508730.71,173618.06,-3233.3500000000004,0.0,214422.8,649962.43,649962.43,298986.33900000004,PENTACARPA SL_resum
