Año,Acreedores a L. P.,Acreedores comerciales,Activo circulante,Capital suscrito,Cash flow,Consumo de mercaderías y de materias,Deudas financieras,Deudores,Dotaciones para amortiz. de inmovil.,EBIT,EBITDA,Existencias,Fondo de maniobra,Fondos propios,Gastos de personal,Gastos extraordinarios,Gastos financieros,Gastos financieros y gastos asimilados,Importe neto Cifra de Ventas,Impuestos sobre sociedades,Ingresos de explotación,Ingresos extraordinarios,Ingresos financieros,Inmovilizado,Inmovilizado inmaterial,Inmovilizado material,Materiales,Número empleados,Otros Conceptos de Explotación,Otros activos fijos,Otros activos líquidos,Otros fondos propios,Otros gastos de explotación,Otros pasivos fijos,Otros pasivos líquidos,Pasivo fijo,Pasivo líquido,Provisiones,Result. ordinarios antes Impuestos,Resultado Actividades Ordinarias,Resultado Explotación,Resultado bruto,Resultado del Ejercicio,Resultado financiero,Resultados actividades extraordinarias,Tesorería,Total activo,Total pasivo y capital propio,Valor agregado,Empresa
1999-01-01,300.51,292307.37,746551.3200000001,252425.08,151829.21000000002,4469986.34,196685.72,446913.06,102203.32,79461.33,181664.65,237713.87,684626.929,571436.3500000001,209003.13,0.0,54056.259,53925.99,2815541.32,-2808.3900000000003,2815541.32,6700.8,14711.64,480486.55,10680.82,432242.47,2341314.61,8.0,-332845.259,37563.26,61924.39,319011.27,779889.559,6995.54,655301.01,300.51,655301.01,0.0,40116.71,42925.1,79461.33,959520.469,49625.89,-39344.62,6700.8,36155.15,1227037.86,1227037.86,411949.94,PIELES QUINTANA SOCIEDAD LIMITADA_resum
2000-01-01,9654.01,292307.37,1140753.8390000002,252425.08,205410.33,4469986.34,196685.72,584886.8,49502.0,195354.86,244856.86,488223.73,1073110.53,727344.6799999999,225029.7,6444.969999999999,47704.05,47674.04,5691376.01,-4781.6900000000005,5691376.01,4380.559,5540.23,459912.64,18671.38,403678.0,5123463.04,8.0,-332845.259,37563.26,67643.30900000001,474919.6,779889.559,6995.54,863667.7799999999,9654.01,863667.7799999999,0.0,153191.05,157972.74000000002,195354.86,959520.469,155908.33,-42163.810000000005,-2064.4100000000003,46914.82,1600666.47,1600666.47,473332.379,PIELES QUINTANA SOCIEDAD LIMITADA_resum
2001-01-01,15360.21,292307.37,1290587.79,252420.0,171958.91,4469986.34,196685.72,788085.47,46100.52,191371.03,237471.55,449409.08,1237494.55,853203.08,221136.51,0.0,45756.850000000006,44495.96,7019995.46,26367.71,7019995.46,4052.19,2559.73,446919.19,32248.97,377106.97,6469139.659999999,8.0,-332845.259,37563.25,53093.239,600783.08,779889.559,6995.54,868943.69,15360.21,868943.69,0.0,148173.91,121806.2,191371.03,959520.469,125858.39,-43197.12,4052.19,35964.39,1737506.98,1737506.98,463959.09,PIELES QUINTANA SOCIEDAD LIMITADA_resum
2002-01-01,9101.94,292307.37,1272119.64,252420.0,127535.65,4469986.34,196685.72,704178.7699999999,41720.34,166298.56,208018.9,520017.73,1224196.5,939018.42,227949.19,0.0,34304.58,34298.78,5394512.21,46208.25,5394512.21,0.23,29.349,406852.61,26739.2,342550.16,4863626.08,8.0,-332845.259,37563.25,47923.14,686598.42,779889.559,6995.54,730851.89,9101.94,730851.89,0.0,132023.32899999997,85815.07900000001,166298.56,959520.469,85815.31,-34275.23,0.23,37767.6,1678972.25,1678972.25,435991.87,PIELES QUINTANA SOCIEDAD LIMITADA_resum
2003-01-01,25368.59,292307.37,1148235.6800000002,252420.0,22205.97,4469986.34,196685.72,522003.16,39787.78999999999,11816.240000000002,51604.03,579302.75,1101305.91,891385.99,243641.98,0.0,38593.53,38593.53,5061374.659999999,-525.65,5061374.659999999,8660.07,9.75,434920.53,44121.18,353236.1,4620743.46,8.0,-332845.259,37563.25,46929.77,638965.99,779889.559,6995.54,666401.63,25368.59,666401.63,0.0,-26767.54,-26241.89,11816.240000000002,959520.469,-17581.82,-38583.78,8660.07,40036.8,1583156.21,1583156.21,303915.829,PIELES QUINTANA SOCIEDAD LIMITADA_resum
2004-01-01,13952.02,292307.37,1364986.769,252420.0,65417.86,4469986.34,196685.72,523926.86,45577.25,103992.56,149569.81,644463.5,1168390.3590000002,911226.6,248462.79,737.43,83933.8,83933.8,5331971.23,1386.37,5331971.23,10.03,1895.62,413137.36,36900.11,338674.0,4743343.22,8.0,-332845.259,37563.25,196596.409,658806.6,779889.559,6995.54,852945.51,13952.02,852945.51,0.0,21954.38,20568.01,103992.56,959520.469,19840.61,-82038.18000000001,-727.4,192615.72,1778124.13,1778124.13,399200.82,PIELES QUINTANA SOCIEDAD LIMITADA_resum
2005-01-01,30460.76,292307.37,1156835.6800000002,252420.0,90583.63,4469986.34,196685.72,653876.9500000001,50950.69,92732.31,143683.0,457245.53,1111122.48,950859.54,261310.53,0.0,43434.86,29855.6,4177506.78,21340.82,4177506.78,0.8500000000000001,11675.46,431370.52,61709.46,332097.81,3614124.88,8.0,-332845.259,37563.25,45713.19899999999,698439.54,779889.559,6995.54,606885.9,30460.76,606885.9,0.0,60972.91,39632.09,92732.31,959520.469,39632.94,-31759.4,0.8500000000000001,36289.16,1588206.2,1588206.2,403090.579,PIELES QUINTANA SOCIEDAD LIMITADA_resum
2006-01-01,47782.08,292307.37,1796714.39,252420.0,103930.52,4469986.34,196685.72,671579.3600000001,53373.58,151758.29,205131.87,989703.4,1661282.76,1001416.48,279197.25,0.0,79761.68000000001,77448.98999999999,4558625.91,27222.960000000003,4558625.91,3061.32,2721.9700000000003,438303.36,103403.7,297336.41000000003,3951829.37,9.0,-332845.259,37563.25,135431.629,748996.48,779889.559,6995.54,1185819.1900000002,47782.08,1185819.1900000002,0.0,74718.58,47495.62,151758.29,959520.469,50556.94,-77039.70999999999,3061.32,81991.54,2235017.75,2235017.75,487799.72,PIELES QUINTANA SOCIEDAD LIMITADA_resum
2007-01-01,612471.88,292307.37,1872841.18,252420.0,5952.610000000001,4469986.34,196685.72,808614.08,54078.65,42453.42,96532.07,946981.1,1755595.1800000002,953290.44,380686.45,0.0,91906.55,91768.17,5181135.71,22304.700000000004,5181135.71,1245.6899999999998,81.4,400343.24,74056.62000000001,288723.37,4450285.56,11.0,-332845.259,37563.25,117246.0,700870.4400000001,779889.559,6995.54,707422.1,612471.88,707422.1,0.0,-49371.73,-49371.73,42453.42,959520.469,-48126.04,-91825.15,1245.6899999999998,105452.63,2273184.42,2273184.42,478407.23,PIELES QUINTANA SOCIEDAD LIMITADA_resum
2008-01-01,566263.7699999999,292307.37,1790874.83,252420.0,146457.68,4469986.34,196685.72,1142515.1700000002,47959.01,179630.91,227589.92,494317.77,1344525.569,1051789.11,399085.29,0.0,64151.37,64151.37,5429506.81,17386.440000000002,5429506.81,0.0,405.57,481294.94,64827.38857142858,287051.69,4469986.34,13.0,-332845.259,194243.25,154041.88999999998,799369.11,779889.559,6995.54,158128.26,573259.31,647121.3500000001,0.0,115885.11,98498.67,179630.91,959520.469,98498.67,-63745.8,0.0,109544.98,2272169.77,2272169.77,627080.7789999999,PIELES QUINTANA SOCIEDAD LIMITADA_resum
2009-01-01,543602.87,551632.64,2173945.57,252420.0,171848.69,3670078.45,142030.729,1476183.07,44058.94,251104.9,295163.83900000004,648967.0,1573517.43,1179578.86,429558.69,0.0,72939.31,72725.42,4705048.659999999,54767.04,4705048.659999999,0.0,4391.2,480662.52,55598.15714285715,286419.27,3670078.45,14.0,-310247.68,194243.25,48795.5,927158.86,783865.309,6106.92,231656.069,549709.7899999999,925319.44,0.0,182556.79,127789.75,251104.9,1034970.21,127789.75,-68548.11,0.0,37968.9,2654608.09,2654608.09,728899.8400000001,PIELES QUINTANA SOCIEDAD LIMITADA_resum
2010-01-01,650857.53,808036.76,3385758.27,252420.0,634162.2899999999,5908038.35,173698.6,2194776.97,39606.16,968441.19,1008047.35,912517.76,2299257.97,1774134.99,529168.829,0.0,140669.15,139648.38999999998,7907014.94,254809.77,7907014.94,0.0,21593.86,488921.17,46368.925714285724,294677.92000000004,5908038.35,13.0,-461760.41,194243.25,278463.54,1521714.99,1030535.399,5758.92,462192.64,656616.4500000001,1443928.0,0.0,849365.9,594556.13,968441.19,1998976.59,594556.13,-119075.29,0.0,269007.17,3874679.44,3874679.44,1557789.279,PIELES QUINTANA SOCIEDAD LIMITADA_resum
2011-01-01,461504.23,858043.31,4156597.95,252420.0,320687.24,11047742.55,616165.13,2834352.95,41197.22,549904.99,591102.21,1059437.7,3035747.34,2053625.01,501016.47,0.0,126939.72,57908.23,12537087.5,149203.13,12537087.5,0.0,5727.88,470989.41,37139.69428571429,313107.39,11047742.55,13.0,-397226.27,157882.02,262807.3,1801205.01,939439.96,5415.72,632833.9600000001,466919.95,2107042.4,0.0,428693.15,279490.02,549904.99,1489344.949,279490.02,-121211.84,0.0,256312.57,4627587.359999999,4627587.359999999,1028815.07,PIELES QUINTANA SOCIEDAD LIMITADA_resum
2012-01-01,380979.6,591230.05,3359950.35,252420.0,85334.57,11547066.71,81654.95999999999,1440411.32,36880.12,167339.54,204219.66,1629626.6,2478807.87,2102079.46,460342.87,0.0,91621.64,53318.68,12634104.17,30257.33,12634104.17,0.0,2993.88,435708.19,27910.462857142862,315809.28,11547066.71,11.0,-422474.93000000005,119898.909,289912.43000000005,1849659.46,919697.92,4386.48,635327.99,385366.08,1308213.0,0.0,78711.78,48454.45,167339.54,1087037.459,48454.45,-88627.76,0.0,284707.75,3795658.54,3795658.54,629253.4500000001,PIELES QUINTANA SOCIEDAD LIMITADA_resum
2013-01-01,429118.87,879392.2799999999,4101874.94,252420.0,255525.01,13203374.14,298280.0,1618535.63,37508.9,370116.86,407625.76,2402886.11,3142029.46,2320095.57,466999.32,0.0,64186.41,64186.41,14459616.37,93435.48,14459616.37,0.0,5521.14,434187.55,18681.23142857144,308599.73000000004,13203374.14,11.0,-381617.15,125587.82,80453.2,2067675.569,886125.37,1539.1899999999998,607636.58,430658.06,1785308.86,0.0,311451.59,218016.11,370116.86,1256242.229,218016.11,-58665.27,0.0,75402.03,4536062.49,4536062.49,880146.22,PIELES QUINTANA SOCIEDAD LIMITADA_resum
2014-01-01,317654.25,483345.87,3594412.33,252420.0,218994.98,13463717.75,216871.07,981124.57,35851.09,317727.15,353578.24,1216069.16,1713847.8590000002,2503239.47,477316.82,0.0,58742.28999999999,58742.28,14664225.67,79780.62000000001,14664225.67,0.0,3939.65,420311.95,9452.0,280043.02,13463717.75,11.0,-369612.86,130816.93,1397218.6,2250819.47,882780.7699999999,1601.57,492012.049,319255.82,1192228.99,0.0,262924.51,183143.89,317727.15,1200507.92,183143.89,-54802.64,0.0,1357208.03,4014724.28,4014724.28,834834.7,PIELES QUINTANA SOCIEDAD LIMITADA_resum
2015-01-01,392045.9900000001,447159.17,3652941.49,252420.0,365388.28,10802132.67,142696.93,1265049.66,35733.65,456391.92,492125.57,1682606.44,2500496.929,2832894.1,532424.72,0.0,38543.82,38543.82,12219148.55,122475.32,12219148.55,0.0,34281.850000000006,419426.21,6699.5,250037.08,10802132.67,12.0,-392465.59,162689.63,705285.389,2580474.1,960623.96,182.62,257388.89,392228.61,847244.99,0.0,452129.95,329654.63,456391.92,1417015.88,329654.63,-4261.969999999999,0.0,680840.9400000001,4072367.7,4072367.7,1058832.1390000002,PIELES QUINTANA SOCIEDAD LIMITADA_resum
2016-01-01,260652.88,278498.86,3625219.61,252420.0,305020.55,9465311.37,130160.82,1098952.6900000002,36162.47,377365.92,413528.39,2003497.43,2823951.26,3101752.19,525275.959,0.0,24888.02,24744.06,10805347.14,84478.23999999999,10805347.14,0.0,858.42,610216.6,3947.0,267076.11,9465311.37,12.0,-401231.42,339193.49000000005,522769.4900000001,2849332.19,962669.849,182.62,464188.839,260835.5,872848.52,0.0,353336.32,268858.08,377365.92,1340035.77,268858.08,-24029.6,0.0,485352.71,4235436.21,4235436.21,939518.809,PIELES QUINTANA SOCIEDAD LIMITADA_resum
2017-01-01,165437.44999999998,410080.39,4572110.04,252420.0,399357.079,8629894.209999999,95966.87,1854288.93,41537.380000000005,488223.69,529761.069,1225831.03,2670039.57,3325410.77,553138.25,0.0,19979.22,19979.2,10097413.08,110466.53,10097413.08,0.0,41.760000000000005,614831.05,3327.74,272955.96,8629894.209999999,12.0,-384619.55,338547.35,1491990.08,3072990.77,979295.18,182.62,1189862.99,165620.07,1695910.25,0.0,468286.23,357819.699,488223.69,1467518.8690000002,357819.699,-19937.460000000003,0.0,1483622.58,5186941.09,5186941.09,1082941.059,PIELES QUINTANA SOCIEDAD LIMITADA_resum
2018-01-01,118289.45,206019.0,3877803.04,252420.0,532482.809,8937922.7,47255.07,1759165.45,42203.01,647094.92,689297.93,944573.34,2497719.79,3815690.57,602024.6799999999,0.0,19582.71,19582.71,10628044.38,137232.41,10628044.38,0.0,0.0,670835.14,1463.73,331470.19,8937922.7,13.0,-398799.07,337901.22000000003,1174064.25,3563270.57,1043026.76,182.62,361201.47,118472.07,614475.54,0.0,627512.21,490279.79900000006,647094.92,1690121.6800000002,490279.79900000006,-19582.71,0.0,1167408.1700000002,4548638.18,4548638.18,1291322.61,PIELES QUINTANA SOCIEDAD LIMITADA_resum
2019-01-01,71384.07,219841.31,4436271.69,252420.0,459767.17,7149641.49,47738.07,1802407.98,50140.6,552315.88,602456.48,1496616.89,3079183.56,4225317.139,608954.8500000001,0.0,22391.45,22391.45,8767187.02,120297.86,8776136.26,0.0,0.0,737693.3300000001,794.23,399644.03,7149641.49,13.0,-415083.44,337255.07,1137246.82,3972897.139,1074178.89,182.62,609501.81,71566.69,877081.19,0.0,529924.43,409626.57,552315.88,1626494.769,409626.57,-22391.45,0.0,1132713.78,5173965.02,5173965.02,1211411.33,PIELES QUINTANA SOCIEDAD LIMITADA_resum
2020-01-01,24636.39,135054.53,4303065.19,252420.0,211152.82,5554822.14,107894.3,1045525.8,50301.57,223025.94,273327.51,1582739.1900000002,2493210.46,4386168.39,629378.31,0.0,15272.71,15272.71,6858817.18,46901.98,6867926.42,0.0,0.0,715926.2699999999,1811.31,377506.03,5554822.14,14.0,-410398.459,336608.93000000005,1674800.2,4133748.39,1090078.34,182.62,365055.23,24819.01,608004.06,0.0,207753.23,160851.25,223025.94,1313104.28,160851.25,-15272.71,0.0,1671426.36,5018991.46,5018991.46,902705.82,PIELES QUINTANA SOCIEDAD LIMITADA_resum
2021-01-01,24636.39,196167.62,4586286.74,252420.0,428124.84,7933871.4,24720.980000000003,1505940.93,49220.71,506190.59,555411.3,1893069.77,3202843.08,4765072.52,633428.14,0.0,12982.34,12982.34,9625320.63,114304.12,9634269.87,0.0,0.0,715122.65,1236.58,377923.28,7933871.4,12.0,-511559.029,335962.79000000004,1187276.04,4512652.52,1194207.88,182.62,315265.65,182.62,536154.25,0.0,493208.25,378904.13,506190.59,1700398.47,378904.13,-12982.34,0.0,1186493.75,5301409.39,5301409.39,1188839.44,PIELES QUINTANA SOCIEDAD LIMITADA_resum
2022-01-01,24636.39,234810.91,5560059.9,252420.0,496458.9,9052160.71,24720.980000000003,1477656.15,50041.93,597008.63,647050.56,2360281.85,3603127.09,5211484.41,723059.2899999999,0.0,14267.21,14267.21,10931114.54,136324.57,10940063.78,0.0,0.12,722955.93,1234.9,386404.38,9052160.71,15.0,-517793.22,335316.65,1722121.9,4959064.41,1290894.44,182.62,836537.89,182.62,1071348.8,0.0,582741.54,446416.97,597008.63,1887903.069,446416.97,-14267.089,0.0,1712338.15,6283015.83,6283015.83,1370109.97,PIELES QUINTANA SOCIEDAD LIMITADA_resum
2023-01-01,24636.39,18468.83,4991060.54,252420.0,282845.199,6528839.7,24720.980000000003,1429106.21,57006.28,297277.35,354283.63,2349646.13,3760283.51,5437323.33,725888.99,0.0,6269.29,6269.29,8093366.109999999,65169.14,8102471.45,0.0,0.0,744056.5,1234.9,409024.48,6528839.7,14.0,-493459.13,335032.02,1212308.2,5184903.33,1276354.4,182.62,279142.26,182.62,297611.09,0.0,291008.06,225838.919,297277.35,1573631.75,225838.919,-6269.29,0.0,1202793.6900000002,5735117.04,5735117.04,1080172.62,PIELES QUINTANA SOCIEDAD LIMITADA_resum
