Año,Acreedores a L. P.,Acreedores comerciales,Activo circulante,Capital suscrito,Cash flow,Consumo de mercaderías y de materias,Deudas financieras,Deudores,Dotaciones para amortiz. de inmovil.,EBIT,EBITDA,Existencias,Fondo de maniobra,Fondos propios,Gastos de personal,Gastos extraordinarios,Gastos financieros,Gastos financieros y gastos asimilados,Importe neto Cifra de Ventas,Impuestos sobre sociedades,Ingresos de explotación,Ingresos extraordinarios,Ingresos financieros,Inmovilizado,Inmovilizado inmaterial,Inmovilizado material,Materiales,Número empleados,Otros Conceptos de Explotación,Otros activos fijos,Otros activos líquidos,Otros fondos propios,Otros gastos de explotación,Otros pasivos fijos,Otros pasivos líquidos,Pasivo fijo,Pasivo líquido,Provisiones,Result. ordinarios antes Impuestos,Resultado Actividades Ordinarias,Resultado Explotación,Resultado bruto,Resultado del Ejercicio,Resultado financiero,Resultados actividades extraordinarias,Tesorería,Total activo,Total pasivo y capital propio,Valor agregado,Empresa
1999-01-01,40238.0,108438.97,84287.069,6010.120000000001,28029.69,788379.7899999999,56982.62,13289.81,20341.74,13917.42,13917.42,68927.85,82217.66,40229.65,284486.84,0.0,9584.23,9584.23,751625.47,1300.76,751625.47,0.0,2.66,168712.6,15025.3,151042.91,366662.62,26.0,-376430.21,2644.3900000000003,2069.408,34219.53,994471.63,0.0,172532.01,40238.0,172532.01,0.0,4335.85,3035.09,13917.42,1157716.79,3035.09,-9581.57,0.0,39400.54,252999.67,252999.67,298406.92000000004,PISCINAS BLANES SL_resum
2000-01-01,38902.52,108438.97,111354.53,6010.120000000001,28029.69,788379.7899999999,56982.62,23842.305,20341.74,15193.73,35535.47,70618.92,70618.92,47917.6,363963.58,0.0,7071.360000000001,7071.360000000001,1082494.79,3294.8300000000004,1082494.79,2855.12,5.29,164247.36,15025.3,147170.37999999998,578765.53,26.0,-376430.21,2051.679,40735.61,41907.479,994471.63,0.0,188781.76,38902.52,188781.76,0.0,8127.660000000001,4832.83,15193.73,1157716.79,7687.95,-7066.07,2855.12,39400.54,275601.88,275601.88,402359.459,PISCINAS BLANES SL_resum
2001-01-01,77036.67000000001,108438.97,219038.139,6010.120000000001,68006.1,788379.7899999999,56982.62,34394.8,27126.06,62279.41,89405.47,175195.03,209589.83,88797.64,444528.67,0.0,12621.19,12621.19,1372942.27,17520.02,1372942.27,8717.6,24.23,214926.35,59380.32,141222.9,732469.8400000001,26.0,-376430.21,14323.13,9448.309,82787.52,994471.63,0.0,268130.169,77036.67000000001,268130.169,0.0,49682.45,32162.429,62279.41,1157716.79,40880.04,-12596.96,8717.6,2044.43,433964.4900000001,433964.4900000001,542675.98,PISCINAS BLANES SL_resum
2002-01-01,53639.23,108438.97,263615.21900000004,6010.120000000001,89201.63,788379.7899999999,56982.62,85965.32,31144.9,42481.14,73626.04,63920.0,149885.31999999998,146854.37,507231.37,0.0,13498.740000000002,13498.740000000002,1652701.54,24881.45,1653067.54,53278.25,677.53,198316.11,48821.12,135171.86,921335.53,26.0,-376430.21,14323.13,113729.899,140844.25,994471.63,0.0,261437.73,53639.23,261437.73,0.0,29659.93,4778.48,42481.14,1157716.79,58056.73,-12821.21,53278.25,108932.55,461931.33,461931.33,634813.19,PISCINAS BLANES SL_resum
2003-01-01,381194.65,108438.97,219756.17,6010.120000000001,115071.87900000002,788379.7899999999,56982.62,98238.11,31789.980000000003,135159.31999999998,166949.3,60750.0,158988.11000000002,230136.27,451532.68,0.0,17413.84,17413.84,1354681.89,37909.34,1356694.89,2564.32,881.4399999999999,639213.16,40197.99,584692.04,601391.88,30.0,-376430.21,14323.13,60768.06,224126.15,994471.63,0.0,247638.41,381194.65,247638.41,0.0,118626.92,80717.58,135159.31999999998,1157716.79,83281.9,-16532.4,2564.32,58066.99,858969.3300000001,858969.3300000001,621927.739,PISCINAS BLANES SL_resum
2004-01-01,361195.71,108438.97,299224.61,6010.120000000001,132319.97,788379.7899999999,56982.62,210029.18,46886.63,149500.88999999998,196387.52,58700.0,268729.18,315569.61,608033.1799999999,0.0,25011.16,25011.16,1876785.71,39067.850000000006,1889733.73,0.0,11.46,627027.93,48944.78,578083.15,895465.2,31.0,-376430.21,0.0,30495.429,309559.49000000005,994471.63,0.0,249487.22,361195.71,249487.22,0.0,124501.19,85433.34,149500.88999999998,1157716.79,85433.34,-24999.7,0.0,26910.39,926252.54,926252.54,804432.16,PISCINAS BLANES SL_resum
2005-01-01,312036.05,108438.97,351105.84,6010.120000000001,131260.91999999998,788379.7899999999,56982.62,238654.99,42345.71,148714.2,191059.91,61800.0,300454.99000000005,404484.82,644187.05,1174.32,20611.67,20611.67,1916536.85,38631.09,1934857.79,617.07,1.02,590133.71,36124.57,554009.14,904049.16,32.0,-376430.21,0.0,50650.850000000006,398474.7,994471.63,0.0,224718.68,312036.05,224718.68,0.0,128103.55,89472.45999999999,148714.2,1157716.79,88915.20999999999,-20610.65,-557.249,48366.54,941239.55,941239.55,834690.73,PISCINAS BLANES SL_resum
2006-01-01,291323.73000000004,108438.97,518620.94,6010.120000000001,136387.87999999998,788379.7899999999,56982.62,406465.51,43134.8,152290.11000000002,195424.909,61800.0,468265.51,497737.9,657772.6799999999,0.0,18072.86,18072.86,2064909.59,40966.86,2085394.52,0.0,2.69,641575.05,18656.2,622918.8500000001,1011845.15,28.0,-376430.21,0.0,50355.429,491727.78,994471.63,0.0,371134.36,291323.73000000004,371134.36,0.0,134219.94,93253.08,152290.11000000002,1157716.79,93253.08,-18070.17,0.0,48690.74,1160195.99,1160195.99,853200.2799999999,PISCINAS BLANES SL_resum
2007-01-01,269571.22000000003,108438.97,566032.19,6010.120000000001,176237.56,788379.7899999999,56982.62,476013.4,43316.44,198691.12,242007.56,63200.0,539213.4,630659.02,674433.57,0.0,18781.39,18781.39,2367786.42,48380.33,2389108.09,1320.81,70.91000000000001,625600.42,15068.05,610532.37,1226712.21,26.0,-376430.21,0.0,26818.79,624648.9,994471.63,0.0,291402.37,269571.22000000003,291402.37,0.0,179980.64,131600.31,198691.12,1157716.79,132921.12,-18710.480000000003,1320.81,25549.11,1191632.61,1191632.61,917832.85,PISCINAS BLANES SL_resum
2008-01-01,434274.84,108438.97,391678.51,6010.120000000001,145108.07,788379.7899999999,56982.62,225788.38,42779.9,163245.16,206025.06,58360.0,175709.41,730258.41,575261.52,0.0,26408.24,26408.24,1925103.01,35269.03,1946096.58,0.0,760.2800000000001,933575.58,155.23,933420.35,788379.7899999999,21.0,-376430.21,170857.23,107530.13,724248.2899999999,994471.63,0.0,52281.87,434274.84,160720.84,0.0,137597.2,102328.17,163245.16,1157716.79,102328.17,-25647.960000000003,0.0,82389.05,1325254.09,1325254.09,782046.8600000001,PISCINAS BLANES SL_resum
2009-01-01,325141.25,107273.19,501072.23,6010.120000000001,111577.78,631591.9,56982.62,195916.88,43296.94,114308.12,157605.06,249050.0,337693.69,798539.25,587635.3500000001,0.0,23597.53,23597.53,1532325.6800000002,22760.28,1548965.4,0.0,330.53,891685.4400000001,155.23,549815.75,631591.9,23.0,-172133.09,341714.46,56105.350000000006,792529.13,803065.379,0.0,104821.36,325141.25,269077.17,0.0,91041.12,68280.84,114308.12,917373.499,68280.84,-23267.0,0.0,56105.350000000006,1392757.6700000002,1392757.6700000002,745570.9400000001,PISCINAS BLANES SL_resum
2010-01-01,264454.03,47661.69,538804.21,6010.120000000001,65002.16,712905.8200000001,56065.36,212147.45,30435.0,61321.84,91756.84,258662.0,423147.76,833106.41,683101.12,0.0,15534.48,15534.48,1664605.71,11522.39,1676330.71,0.0,302.19,861250.4400000001,155.23,519380.75,717435.8200000001,22.0,-188566.93,341714.46,67994.76,827096.2899999999,902103.05,0.0,198767.159,264454.03,302494.21,0.0,46089.55,34567.16,61321.84,963424.89,34567.16,-15232.289,0.0,67994.76,1400054.65,1400054.65,775160.15,PISCINAS BLANES SL_resum
2011-01-01,211317.01,33410.05,484168.09,6010.120000000001,66264.76,835687.61,53851.71,235281.36,37442.87,49909.52,87352.39,184905.22,386776.529,861928.3,524041.46,0.0,12563.06,12563.06,1591549.52,9607.3,1602862.02,0.0,1082.73,823906.31,155.23,486930.29,808452.61,19.0,-155780.56,336820.79000000004,63981.51,855918.1799999999,717264.89,0.0,147567.33,211317.01,234829.09,0.0,38429.19,28821.89,49909.52,767174.41,28821.89,-11480.33,0.0,63981.51,1308074.4,1308074.4,612476.58,PISCINAS BLANES SL_resum
2012-01-01,173988.27000000002,57973.91,549599.8500000001,6010.120000000001,52702.97,582218.41,34648.49,236804.02,34356.21,34962.54,69318.75,215815.22,394645.329,880275.06,534685.11,0.0,10463.36,10463.36,1308464.99,6345.46,1321881.55,0.0,193.04,791354.15,155.23,459271.8,582218.41,17.0,-135659.28,331927.12,96980.61,874264.9400000001,704700.6,0.0,194068.27,173988.27000000002,286690.67,0.0,24692.22,18346.76,34962.54,739663.14,18346.76,-10270.32,0.0,96980.61,1340954.0,1340954.0,604196.899,PISCINAS BLANES SL_resum
2013-01-01,166634.19,27556.55,459788.22,6010.120000000001,46468.96,587119.15,11795.69,169213.56,29614.28,32069.94,61684.22,194824.0,336481.01,897129.74,461138.0,0.0,9596.61,9596.61,1195560.26,5619.56,1211105.66,0.0,0.91,769993.2,155.23,442804.52,575469.23,12.0,-101164.29,327033.45,95750.66,891119.62,591916.57,0.0,126665.25,166634.19,166017.49,0.0,22474.24,16854.68,32069.94,623986.51,16854.68,-9595.7,0.0,95750.66,1229781.42,1229781.42,522823.13,PISCINAS BLANES SL_resum
2014-01-01,161923.2,48638.44,495113.21,6010.120000000001,36396.08,728922.8,15491.73,244501.63,25746.9,22304.4,48051.3,143130.0,338993.19,907778.92,449943.41,0.0,7432.23,7432.23,1349291.83,4231.72,1363101.83,0.0,8.729999999999999,756838.66,155.23,434543.65,711802.8,13.0,-136184.31999999998,322139.78,107481.58,901768.8,611874.63,0.0,118119.58,161923.2,182249.75,0.0,14880.9,10649.18,22304.4,634179.03,10649.18,-7423.5,0.0,107481.58,1251951.87,1251951.87,498003.44,PISCINAS BLANES SL_resum
2015-01-01,164145.88999999998,94312.66,635097.37,6010.120000000001,41218.19,561132.22,17799.058999999997,225890.7,26341.53,26486.81,52828.34,206742.0,338320.04,922655.58,433486.12,0.0,6680.68,6680.68,1138803.21,4958.88,1159295.1800000002,0.0,29.41,755942.3500000001,155.23,438541.01,620212.22,15.0,-111848.5,317246.11,202464.67,916645.46,571676.15,0.0,192126.53,164145.88999999998,304238.25,0.0,19835.54,14876.66,26486.81,598162.9600000001,14876.66,-6651.27,0.0,202464.67,1391039.72,1391039.72,486343.869,PISCINAS BLANES SL_resum
2016-01-01,152988.41999999998,93311.69,540815.58,6010.120000000001,31940.88,825170.0,19474.67,174319.56,28326.4,14631.67,42958.07,202840.0,283847.87,926270.06,557559.26,0.0,6319.48,6319.48,1618254.4,4697.71,1638874.299,0.0,0.0,742882.8200000001,1581.65,428398.73,822998.0,20.0,-213186.97,312902.44,163656.02,920259.94,799072.63,0.0,91653.56,152988.41999999998,204439.92,0.0,8312.19,3614.48,14631.67,813704.2989999999,3614.48,-6319.48,0.0,163656.02,1283698.4,1283698.4,600517.3300000001,PISCINAS BLANES SL_resum
2017-01-01,148115.86,81282.59,523152.43000000005,6010.120000000001,39045.06,742124.38,25920.41,174785.0,26050.78,23073.45,49124.22899999999,178637.0,272139.41000000003,939264.34,598408.88,0.0,6035.55,6035.55,1547261.28,4331.42,1570187.94,0.0,287.8,731066.1699999999,4133.49,418923.91,729301.38,20.0,-180530.45,308008.77,169730.43,933254.22,804990.11,0.0,59635.399,148115.86,166838.4,0.0,17325.7,12994.28,23073.45,828063.559,12994.28,-5747.75,0.0,169730.43,1254218.6,1254218.6,647820.91,PISCINAS BLANES SL_resum
2018-01-01,141422.78,120402.99,557616.4500000001,6010.120000000001,54724.009,1011727.4,31074.69,137133.66,33526.36,34598.340000000004,68124.7,115623.0,132353.669,960461.99,643976.8600000001,0.0,6334.81,6334.81,1861349.86,7065.88,1885742.33,0.0,0.0,757301.2699999999,9298.2,747303.07,958517.4,22.0,-161913.37,700.0,304859.79000000004,954451.87,839416.59,0.0,61555.27,141422.78,213032.95,0.0,28263.53,21197.649,34598.340000000004,874014.93,21197.649,-6334.81,0.0,304859.79000000004,1314917.72,1314917.72,712101.56,PISCINAS BLANES SL_resum
2019-01-01,116319.92,160690.19,629222.97,6010.120000000001,62797.41,843604.2899999999,24752.86,74633.98,39762.48,37308.850000000006,77071.33,137701.49,51645.279,983496.92,786216.93,0.0,6595.610000000001,6595.610000000001,1885516.7,7678.31,1912474.01,0.0,0.0,742763.53,8096.620000000001,733966.91,853478.66,24.0,-205581.46,700.0,416887.5,977486.8,1031560.87,0.0,86726.61,116319.92,272169.66,0.0,30713.24,23034.93,37308.850000000006,1068869.72,23034.93,-6595.610000000001,0.0,416887.5,1371986.5,1371986.5,863288.26,PISCINAS BLANES SL_resum
2020-01-01,221158.32,129532.89,828480.69,6010.120000000001,67341.489,826991.64,43676.07,94889.88,44680.92,39764.32,84445.239,212109.24,177466.229,1006157.49,854976.98,0.0,9550.22,9550.22,1895030.3,7553.53,1920469.46,0.0,0.0,729760.13,2530.4300000000003,726529.7,820076.2699999999,26.0,-154055.599,700.0,521481.57,1000147.37,1053713.5,0.0,157716.05,221158.32,330925.01,0.0,30214.1,22660.57,39764.32,1093477.819,22660.57,-9550.22,0.0,521481.57,1558240.82,1558240.82,939422.22,PISCINAS BLANES SL_resum
2021-01-01,167410.63,170069.76,876534.3300000001,6010.120000000001,73933.54,988274.11,53747.69,102646.73,43069.55,48037.04,91106.59,226289.49,158866.45899999997,1037021.48,858816.4500000001,0.0,6893.469999999999,6893.469999999999,2074751.58,10288.0,2101636.359,0.0,8.42,722948.76,630.62,721468.14,952474.93,22.0,-163439.21000000002,850.0,547598.11,1031011.36,1065325.21,0.0,171233.53,167410.63,395050.98,0.0,41151.99,30863.989,48037.04,1113362.25,30863.989,-6885.05,0.0,547598.11,1599483.09,1599483.09,949931.46,PISCINAS BLANES SL_resum
2022-01-01,116975.1,215583.25,1062359.74,6010.120000000001,104757.04,1342316.329,50435.53,213114.18,41317.08,91337.85,132654.93,246577.96,244108.89,1064461.44,1033554.9,0.0,6730.68,6730.68,2695148.4,21167.21,2728843.989,0.0,0.0,727139.4600000001,3177.9500000000003,723111.51,1342812.2,29.0,-220317.83,850.0,602667.6,1058451.32,1295189.81,0.0,342043.88,116975.1,608062.66,0.0,84607.17000000001,63439.96,91337.85,1386527.66,63439.96,-6730.68,0.0,601233.6,1789499.2,1789499.2,1166209.83,PISCINAS BLANES SL_resum
2023-01-01,67172.45,188793.99,950766.51,6010.120000000001,202057.51,1671756.49,50119.350000000006,98681.84,43515.5,223260.54,266776.04,154739.16,64627.01,1187003.45,1166947.99,0.0,12340.72,12340.72,3320067.24,52847.34,3355947.38,0.0,469.53,689450.41,1735.85,685814.56,1672381.64,30.0,-250466.86,1900.0,697345.51,1180993.33,1460930.3490000002,0.0,147127.68,67172.45,386041.02,0.0,211389.35,158542.01,223260.54,1684190.89,158542.01,-11871.189,0.0,684963.93,1640216.92,1640216.92,1434193.56,PISCINAS BLANES SL_resum
