Año,Acreedores a L. P.,Acreedores comerciales,Activo circulante,Capital suscrito,Cash flow,Consumo de mercaderías y de materias,Deudas financieras,Deudores,Dotaciones para amortiz. de inmovil.,EBIT,EBITDA,Existencias,Fondo de maniobra,Fondos propios,Gastos de personal,Gastos extraordinarios,Gastos financieros,Gastos financieros y gastos asimilados,Importe neto Cifra de Ventas,Impuestos sobre sociedades,Ingresos de explotación,Ingresos extraordinarios,Ingresos financieros,Inmovilizado,Inmovilizado inmaterial,Inmovilizado material,Materiales,Número empleados,Otros Conceptos de Explotación,Otros activos fijos,Otros activos líquidos,Otros fondos propios,Otros gastos de explotación,Otros pasivos fijos,Otros pasivos líquidos,Pasivo fijo,Pasivo líquido,Provisiones,Result. ordinarios antes Impuestos,Resultado Actividades Ordinarias,Resultado Explotación,Resultado bruto,Resultado del Ejercicio,Resultado financiero,Resultados actividades extraordinarias,Tesorería,Total activo,Total pasivo y capital propio,Valor agregado,Empresa
1999-01-01,30800.63,24532.41,54837.310000000005,60101.21,21254.809,236848.56,0.0,76.01,18545.57,5565.33,24110.9,40615.28,40615.28,92561.54,145317.16,488.78,1303.41,1303.41,483594.3,1370.58,488167.94,247.019,59.66,106057.96,12020.240000000002,75671.01,256140.63,11.0,-85047.4,18366.71,14222.029,32460.329,247018.229,0.0,37533.09,30800.63,37533.09,0.0,4321.57,2950.99,5565.33,249750.07,2709.24,-1243.76,-241.76,14222.03,160895.27000000002,160895.27000000002,169245.96,PISMIK SA_resum
2000-01-01,18640.22,24532.41,99964.66,60101.21,17719.73,236848.56,0.0,76.01,16069.45,7240.03,23309.480000000003,38966.7,39042.71,94211.83,147875.24000000002,18817.91,1204.45,1204.45,491565.48,940.64,496688.18,15038.740000000002,334.51,65016.67,0.0,47791.880000000005,254915.2,10.0,-85047.4,17224.79,60921.95,34110.619999999995,247018.229,0.0,52129.28,18640.22,52129.28,0.0,6370.09,5429.45,7240.03,249750.07,1650.28,-869.9499999999999,-3779.17,60921.95,164981.33,164981.33,167740.06,PISMIK SA_resum
2001-01-01,2182.5,24532.41,91821.08,60101.21,11108.8,236848.56,0.0,703.4,8566.26,2875.24,11441.5,48222.24,48925.64,96754.37,144257.86,0.06,468.06,468.06,441057.82,1089.66,444953.62,0.0,1225.08,55307.11,0.0,39826.62,236282.01,9.0,-85047.4,15480.489,42895.44,36653.159,247018.229,0.0,48191.32,2182.5,48191.32,0.0,3632.26,2542.6,2875.24,249750.07,2542.54,757.02,-0.06,42895.44,147128.19,147128.19,156924.37999999998,PISMIK SA_resum
2002-01-01,2196.82,24532.41,93737.7,60101.21,10258.38,236848.56,0.0,153.4,7947.0,18005.35,25952.35,31895.22,32048.62,99065.75,141933.91999999998,15763.05,239.45,239.45,467900.26,990.59,469754.72,1081.55,217.57,48812.63,0.0,31879.62,252852.27,7.0,-85047.4,16933.01,61689.079,38964.54,247018.229,0.0,43484.58,2196.82,43484.58,0.0,17983.47,16992.88,18005.35,249750.07,2311.38,-21.88,-14681.5,61689.08,142550.33,142550.33,153422.34,PISMIK SA_resum
2003-01-01,2211.14,24532.41,117686.33,60101.21,11629.869,236848.56,0.0,322.45000000000005,8059.0,-4426.17,3632.83,34030.36,34030.36,102636.62,153836.29,-4936.98,2982.063333333333,2982.063333333333,467598.3,1530.38,473904.459,83.63,4506.81,30189.73,0.0,24480.62,256827.67,7.0,-85047.4,5709.110000000001,83655.97,42535.409,247018.229,0.0,45239.44,2211.14,45239.44,0.0,80.64,-1449.74,-4426.17,249750.07,3570.8700000000003,4506.81,5020.610000000001,83655.97,147876.06,147876.06,166996.54,PISMIK SA_resum
2004-01-01,2225.46,24532.41,137196.16,60101.21,11108.289,236848.56,0.0,491.5,7047.320000000001,5580.150000000001,12627.47,67436.63,67928.13,106697.59,194333.57,0.0,5724.676666666666,5724.676666666666,502984.51,1740.42,505428.29,0.0,221.24,26941.51,0.0,21232.4,254578.64,9.0,-85047.4,5709.109,69268.03,46596.380000000005,247018.229,0.0,57440.08,2225.46,57440.08,0.0,5801.39,4060.97,5580.150000000001,249750.07,4060.97,221.24,0.0,66487.729,164137.67,164137.67,207182.28,PISMIK SA_resum
2005-01-01,2239.78,24532.41,128194.489,60101.21,12050.61,236848.56,0.0,386.5725,6742.969999999999,5193.13,11936.1,64182.63,64182.63,112005.23,176063.18,-10334.5,8467.29,8467.29,576918.3400000001,2274.71,579538.26,0.03,521.98,27350.54,0.0,21641.43,304378.21,8.0,-85047.4,5709.110000000001,64011.859,51904.02,247018.229,0.0,43539.8,2239.78,43539.8,0.0,-2752.18,-5026.889,5193.13,249750.07,5307.64,-7945.31,10334.53,62823.71,155545.03,155545.03,198855.79,PISMIK SA_resum
2006-01-01,2254.1,24532.41,134161.95899999997,60101.21,9500.89,236848.56,0.0,281.645,6781.37,3640.54,10421.91,69022.63,69022.63,114724.75,143160.11000000002,0.0,5644.860000000001,7747.504285714286,464069.7,1165.51,466345.68,1.0,243.49,22724.61,0.0,17015.5,233598.58,8.0,-85047.4,5709.110000000001,65139.329,54623.54,247018.229,0.0,42161.82,2254.1,42161.82,0.0,3884.03,2718.52,3640.54,249750.07,2719.52,243.49,1.0,64188.810000000005,156886.57,156886.57,153826.509,PISMIK SA_resum
2007-01-01,2268.42,24532.41,135843.11000000002,60101.21,7867.98,236848.56,0.0,176.71750000000003,4343.0,5113.56,9456.56,66974.13,66974.13,118249.73,149630.31,418.03,2822.4300000000003,7027.7185714285715,473998.23,1174.99,476196.19,0.01,4.430000000000001,23297.86,0.0,17588.75,230500.88,8.0,-85047.4,5709.110000000001,68868.979,58148.52,247018.229,0.0,40891.24,2268.42,40891.24,0.0,5117.99,3943.0,5113.56,249750.07,3524.98,4.430000000000001,-418.02,67918.459,159140.97,159140.97,158673.28,PISMIK SA_resum
2008-01-01,2282.7400000000002,24532.41,146121.76,60101.21,7357.309,236848.56,0.0,71.79,3294.62,2731.84,6026.46,72011.75,47551.12899999999,121361.9,158676.21000000002,0.0,0.0,6307.932857142858,482351.57,1037.39,486598.63,0.0,2368.24,21083.24,0.0,15374.13,236848.56,8.0,-85047.4,5709.110000000001,74038.22,61260.69,247018.229,0.0,21310.69,2282.7400000000002,45843.1,0.0,5100.08,4062.689,2731.84,249750.07,4062.689,2368.24,0.0,26038.22,167205.0,167205.0,167070.909,PISMIK SA_resum
2009-01-01,2297.06,23743.79,148500.25,60101.21,7425.53,226367.49,0.0,321.79,3968.93,4320.75,8289.68,65889.75,42467.749,124818.5,171302.81,0.0,0.0,5588.147142857143,488756.9,864.15,491174.03,0.0,0.0,23497.76,5315.56,12473.09,226367.49,9.0,-85214.05,5709.110000000001,82288.709,64717.28999999999,260485.789,0.0,23435.72,2297.06,47179.51,0.0,4320.75,3456.6,4320.75,264806.54,3456.6,0.0,0.0,35036.7,171998.01,171998.01,179592.49,PISMIK SA_resum
2010-01-01,2311.38,19062.08,122810.86,60101.21,7044.5,218680.58,1631.76,122.49,4035.25,2747.42,6782.67,51389.75,32450.159,127827.75,165946.11000000002,0.0,0.0,4868.361428571428,480544.22,1003.08,483832.25,0.0,1264.91,55391.96,3832.56,27251.69,218680.58,7.0,-92422.89,24307.71,71298.62000000001,67726.54,262404.25,0.0,27369.85,2311.38,48063.69,0.0,4012.33,3009.25,2747.42,265151.67,3009.25,1264.91,0.0,41298.62,178202.81999999998,178202.81999999998,173993.68899999998,PISMIK SA_resum
2011-01-01,679.62,16471.93,109635.68,60101.21,5480.49,189884.39,1631.76,2918.5,4186.22,971.03,5157.25,59071.0,45517.57,129122.02,168368.08,0.0,0.0,4148.575714285715,457708.02,640.08,460610.31,0.0,963.32,68197.86,31044.52,27244.23,193484.39,7.0,-97200.59,9909.11,47646.18,69020.81,269754.89,0.0,29928.21,679.62,48031.9,0.0,1934.35,1294.27,971.03,270725.92000000004,1294.27,963.32,0.0,44083.91,177833.54,177833.54,174488.65,PISMIK SA_resum
2012-01-01,207024.59,19092.76,113275.42,60101.21,30224.62,315553.94,18625.62,35829.64,24118.89,10897.39,35016.28,58938.64,75675.52,135227.75,237016.21,0.0,3428.79,3428.79,702328.4500000001,2035.24,708145.57,0.0,672.37,317282.56,29164.52,271758.94,315553.94,12.0,-120559.14,16359.1,18507.14,75126.54,381694.24,0.0,50587.26,207024.59,88305.64,0.0,8140.969999999999,6105.73,10897.39,392591.629,6105.73,-2756.42,0.0,18507.14,430557.98,430557.98,272704.86,PISMIK SA_resum
2013-01-01,180242.5,20215.16,128915.24,60101.21,41361.72,344742.95,17946.0,267.4,31850.2,21559.43,53409.63,48638.64,28690.88,144739.27000000002,273132.76,0.0,8806.4,8806.4,803293.12,3261.71,809713.73,0.0,20.2,262548.89,626.63,250013.15,344742.95,12.0,-138428.38899999997,11909.11,80009.2,84638.06,443411.35,0.0,28321.2,180242.5,66482.36,0.0,12773.23,9511.52,21559.43,464970.779,9511.52,-8786.199,0.0,80009.2,391464.13,391464.13,326562.59,PISMIK SA_resum
2014-01-01,153591.27000000002,29342.05,127564.16,60101.21,38324.508,383948.14,17598.7,194.56,32203.1,15970.17,48173.27,56888.64,27741.149,150860.68,270399.35,0.0,7774.95,7774.95,816789.25,2073.8100000000004,821287.6699999999,0.0,0.0,242800.74,229.63,225662.0,383948.14,11.0,-118766.91,16909.109999999997,70480.95999999999,90759.47,421369.36,0.0,18972.2,153591.27000000002,65912.95,0.0,8195.218,6121.407999999999,15970.17,437339.53,6121.407999999999,-7774.95,0.0,70480.95999999999,370364.9,370364.9,318572.617,PISMIK SA_resum
2015-01-01,125209.15,18783.97,91942.67,60101.21,7782.620000000001,392944.72,18273.56,13609.75,32478.63,-18487.82,13990.81,54338.64,49164.42,126164.67,281722.59,0.0,6498.88,6498.88,774510.93,3235.605,780392.04,0.0,290.69,239748.7,0.0,140942.19,392944.72,10.0,-91733.92,98806.51,23994.28,66063.45999999999,405935.14,0.0,43260.02,125209.15,80317.55,0.0,-24696.01,-24696.01,-18487.82,387447.32,-24696.01,-6208.1900000000005,0.0,23994.28,331691.37,331691.37,296004.09,PISMIK SA_resum
2016-01-01,96188.61,33039.73,144050.78,60101.21,61528.2,397432.85,18941.97,1910.02,23740.0,47283.03,71023.03,110004.71,78875.0,163952.87,297832.44,0.0,5337.429999999999,5337.429999999999,850194.7899999999,4397.4,861981.66,0.0,240.0,203759.98,0.0,121830.66,397432.85,10.0,-95693.34,81929.32,32136.05,103851.66,417265.78,0.0,35687.58,96188.61,87669.28,0.0,42185.6,37788.2,47283.03,464548.81,37788.2,-5097.429999999999,0.0,32136.05,347810.76,347810.76,369095.47,PISMIK SA_resum
2017-01-01,66540.84,22683.23,176666.99,60101.21,56204.46,498907.35,19634.87,1286.0,23399.0,47461.12,70860.12000000001,91194.01,69796.78,196758.33,297427.91000000003,0.0,4249.17,4249.17,952582.36,11018.49,963076.47,0.0,612.0,166011.31999999998,0.0,104182.0,498907.35,11.0,-95881.09,61829.32,84186.98,136657.12,416708.0,0.0,37061.04,66540.84,79379.14,0.0,43823.95,32805.46,47461.12,464169.12,32805.46,-3637.17,0.0,84186.98,342678.31,342678.31,368900.029,PISMIK SA_resum
2018-01-01,50000.0,18658.21,182296.34,60101.21,35643.16,516695.84,6641.610000000001,3316.26,23991.0,18804.05,42795.05,96219.17,80877.22,208410.49,309827.79000000004,0.0,3234.51,3234.51,969451.72,3917.38,974006.539,0.0,0.0,145637.63,0.0,83808.31,516695.84,10.0,-104687.86,61829.32,82760.90999999999,148309.28,438506.649,0.0,44223.66,50000.0,69523.48,0.0,15569.54,11652.16,18804.05,457310.699,11652.16,-3234.51,0.0,82760.90999999999,327933.97000000003,327933.97000000003,352622.83900000004,PISMIK SA_resum
2019-01-01,40000.0,10974.76,153624.03,60101.21,33630.03,509606.55,0.0,1150.82,25853.0,12660.8,38513.8,99614.8,89790.86,216187.52,308054.43000000005,0.0,2291.4300000000003,2291.4300000000003,973142.92,2592.34,979323.41,0.0,0.0,150841.79,0.0,89012.47,509606.55,12.0,-123148.63,61829.32,52858.41,156086.31,457056.06,0.0,37303.54,40000.0,48278.3,0.0,10369.37,7777.03,12660.8,469716.86,7777.03,-2291.4300000000003,0.0,52858.41,304465.82,304465.82,346568.23000000004,PISMIK SA_resum
2020-01-01,80000.0,123.65,106986.39,60101.21,-69140.14,283179.14,0.0,323.24,28776.88,-95563.69,-66786.81,74227.3,74426.89,118270.5,207718.77,0.0,2353.3300000000004,2353.3300000000004,523566.48,2592.34,526069.429,0.0,0.0,130888.01,0.0,67453.13,283179.14,9.0,-101958.33,63434.880000000005,32435.85,58169.289,338453.98000000004,0.0,39480.25,80000.0,39603.9,0.0,-97917.02,-97917.02,-95563.69,242890.289,-97917.02,-2353.3300000000004,0.0,32435.85,237874.4,237874.4,140931.95899999997,PISMIK SA_resum
2021-01-01,22068.84,13331.44,89269.57,60101.21,43372.850000000006,353609.86,0.0,23302.99,29019.47,3566.36,32585.83,51778.06,61749.61,132623.87999999998,234500.08,0.0,2532.96,2532.96,700653.08,2592.34,704375.3300000001,0.0,13319.98,109658.86,0.0,46223.98,353609.86,11.0,-83679.56,63434.880000000005,14188.52,72522.67000000001,347199.11,0.0,30904.27,22068.84,44235.71,0.0,14353.38,14353.38,3566.36,350765.47000000003,14353.38,10787.02,0.0,14188.52,198928.43,198928.43,280405.89,PISMIK SA_resum
2022-01-01,10000.0,11749.46,96719.91,60101.21,22169.73,412637.92,78.61,9470.39,11579.99,11097.76,22677.75,63006.27,60727.2,143213.62,311459.31,0.0,1508.02,1508.02,861478.7699999999,2592.34,867592.2,0.0,1000.0,98078.87,0.0,34643.99,412637.92,12.0,-120817.22,63434.880000000005,24243.25,83112.40999999999,443856.519,0.0,29757.09,10000.0,41585.16,0.0,10589.740000000002,10589.740000000002,11097.76,454954.28,10589.740000000002,-508.02,0.0,24243.25,194798.78,194798.78,335137.06,PISMIK SA_resum
2023-01-01,10000.0,38307.14,142644.71000000002,60101.21,16308.18,545465.3300000001,0.0,14569.06,7504.96,9749.96,17254.920000000002,41811.16,18073.08,152016.84,354598.2,0.0,946.74,946.74,1056350.419,2592.34,1061308.219,0.0,0.0,90573.91,0.0,27139.03,545465.3300000001,14.0,-143989.77000000002,63434.880000000005,86264.48999999999,91915.63,506092.93000000005,0.0,42894.64,10000.0,81201.78,0.0,8803.220000000001,8803.220000000001,9749.96,515842.889,8803.220000000001,-946.74,0.0,76264.48999999999,233218.62,233218.62,371853.12,PISMIK SA_resum
