Año,Acreedores a L. P.,Acreedores comerciales,Activo circulante,Capital suscrito,Cash flow,Consumo de mercaderías y de materias,Deudas financieras,Deudores,Dotaciones para amortiz. de inmovil.,EBIT,EBITDA,Existencias,Fondo de maniobra,Fondos propios,Gastos de personal,Gastos extraordinarios,Gastos financieros,Gastos financieros y gastos asimilados,Importe neto Cifra de Ventas,Impuestos sobre sociedades,Ingresos de explotación,Ingresos extraordinarios,Ingresos financieros,Inmovilizado,Inmovilizado inmaterial,Inmovilizado material,Materiales,Número empleados,Otros Conceptos de Explotación,Otros activos fijos,Otros activos líquidos,Otros fondos propios,Otros gastos de explotación,Otros pasivos fijos,Otros pasivos líquidos,Pasivo fijo,Pasivo líquido,Provisiones,Result. ordinarios antes Impuestos,Resultado Actividades Ordinarias,Resultado Explotación,Resultado bruto,Resultado del Ejercicio,Resultado financiero,Resultados actividades extraordinarias,Tesorería,Total activo,Total pasivo y capital propio,Valor agregado,Empresa
1999-01-01,0.0,145964.67,198482.99,72121.45,24465.3,532897.12,0.0,177815.44,3794.68,29223.02,33017.69899999999,2511.3500000000004,180326.79,138263.84,145336.49,0.0,362.09,362.09,443754.73,8858.83,443754.73,0.0,668.53,7556.660000000001,7116.42,440.24,255300.19,8.0,-45201.54,0.0,18156.199,66142.39,378285.47,2483.86,67775.8,15327.41,67775.8,0.0,29529.460000000003,20670.629,29223.02,462179.77,20670.62,306.44,0.0,18109.3,206039.65,206039.65,179022.71000000002,PROCONSTRUC QUINTANAS SL_resum
2000-01-01,0.0,145964.67,337155.78,72121.45,32183.73,532897.12,0.0,332938.12,2968.18,42280.44,45248.62,1739.78,334677.9,167479.4,157922.69,0.0,878.3299999999999,878.3299999999999,603340.2799999999,12520.96,603340.2799999999,0.0,334.4,6011.68,159.03,5852.660000000001,389063.73,9.0,-45201.54,-0.009,2477.88,95357.95,378285.47,2483.86,175688.06,15327.41,175688.06,0.0,41736.51,29215.55,42280.44,462179.77,29215.55,-543.93,0.0,2477.88,343167.46,343167.46,203505.71,PROCONSTRUC QUINTANAS SL_resum
2001-01-01,15327.41,145964.67,347714.49000000005,72120.0,33949.68,532897.12,0.0,292394.85,7680.14,43406.47,51086.61,1771.26,294166.11,193748.94,174331.87,4509.39,1067.61,1067.61,678376.31,12240.56,678857.12,0.0,680.63,19876.31,409.18,19467.13,441522.36,11.0,-45201.54,0.0,53548.380000000005,121628.94,378285.47,2483.86,158514.44999999998,15327.41,158514.44999999998,0.0,43019.49,30778.93,43406.47,462179.77,26269.54,-386.98,-4509.39,53548.380000000005,367590.8,367590.8,221589.72,PROCONSTRUC QUINTANAS SL_resum
2002-01-01,52019.39,145964.67,391635.34,72120.0,45503.979,532897.12,0.0,339972.27,13080.56,47182.76,60263.32,1642.3,341614.57,226172.36,181248.84,0.0,1046.819,1046.819,688173.12,13895.76,688173.12,0.0,183.24,23496.25,57.71,23438.54,432567.18,8.0,-45201.54,0.0,50020.77,154052.36,378285.47,2483.86,136939.84,52019.39,136939.84,0.0,46319.18,32423.42,47182.76,462179.77,32423.42,-863.58,0.0,50020.77,415131.59,415131.59,241695.398,PROCONSTRUC QUINTANAS SL_resum
2003-01-01,63858.57,145964.67,394225.8,72120.0,47483.96,532897.12,0.0,332699.05,23091.12,37006.68,60097.8,3187.94,335886.99000000005,250565.2,198628.98,0.0,2176.2,2176.2,679773.05,10454.06,679773.05,0.0,16.419999999999998,77082.36,0.0,77082.36,406890.75,9.0,-45201.54,0.0,58338.810000000005,178445.2,378285.47,2483.86,156884.38999999998,63858.57,156884.38999999998,0.0,34846.9,24392.84,37006.68,462179.77,24392.84,-2159.78,0.0,58338.810000000005,471308.16,471308.16,258743.2,PROCONSTRUC QUINTANAS SL_resum
2004-01-01,68866.57,145964.67,429235.94,72120.0,53591.27,532897.12,0.0,386247.2,29769.33,36147.22,65916.55,5252.18,391499.38,274387.14,203173.69,0.0,2117.71,2117.71,682580.14,10209.41,682580.14,0.0,1.84,73913.03,0.0,73913.03,397833.23,8.0,-45201.54,0.0,37736.56,202267.14,378285.47,2483.86,159895.26,68866.57,159895.26,0.0,34031.350000000006,23821.94,36147.22,462179.77,23821.94,-2115.8700000000003,0.0,37736.56,503148.97,503148.97,269092.08,PROCONSTRUC QUINTANAS SL_resum
2005-01-01,39289.53,145964.67,460273.07,72120.0,55463.53,532897.12,0.0,385601.5,25518.42,45454.58,70973.0,5133.0,390734.5,304332.25,240623.6,0.0,2824.9300000000003,2824.9300000000003,781638.91,12689.33,781638.91,0.0,4.79,49753.61,349.0,49404.61,449770.9,9.0,-45201.54,0.0,69538.57,232212.25,378285.47,2483.86,166404.9,39289.53,166404.9,0.0,42634.44,29945.11,45454.58,462179.77,29945.11,-2820.14,0.0,69538.57,510026.68,510026.68,311601.39,PROCONSTRUC QUINTANAS SL_resum
2006-01-01,24747.43,145964.67,886568.4,72120.0,92543.62,532897.12,0.0,857007.31,24871.71,99049.06,123920.769,3763.0,860770.31,372004.16,253658.51,0.0,2379.73,2379.73,1196447.0,29002.25,1196447.0,0.0,4.83,27664.45,119.06,24762.84,789508.75,9.0,-45201.54,2782.549,25798.089,299884.16,378285.47,2483.86,517481.26,24747.43,517481.26,0.0,96674.16,67671.90999999999,99049.06,462179.77,67671.90999999999,-2374.9,0.0,25798.09,914232.85,914232.85,377584.11,PROCONSTRUC QUINTANAS SL_resum
2007-01-01,7811.85,145964.67,759842.39,72120.0,69320.42,532897.12,0.0,675975.63,23224.21,64119.72,87343.93,15634.0,691609.63,418100.37,295399.55,0.0,2666.15,2666.15,1112321.11,15365.41,1112321.11,0.0,8.05,41399.73,23595.3,15021.88,674977.66,10.0,-45201.54,2782.55,68232.76,345980.37,378285.47,2483.86,375329.9,7811.85,375329.9,0.0,61461.62,46096.21,64119.72,462179.77,46096.21,-2658.1,0.0,67497.20999999999,801242.12,801242.12,382751.53,PROCONSTRUC QUINTANAS SL_resum
2008-01-01,0.0,145964.67,659980.9600000001,72120.0,90062.13,532897.12,7698.769999999999,132388.72,17666.1,83894.3,101560.4,1130.0,-12445.95,491640.02,315417.83,0.0,917.41,917.41,995076.89,24132.01,995076.89,0.0,13551.15,23733.63,0.0,20951.08,520297.12,9.0,-45201.54,2782.55,526462.24,419520.02,378285.47,2483.86,35927.27,2483.86,189590.71,0.0,96528.04,72396.03,83894.3,462179.77,72396.03,12633.740000000002,0.0,20030.55,683714.59,683714.59,430529.379,PROCONSTRUC QUINTANAS SL_resum
2009-01-01,0.0,140158.37999999998,721072.3400000001,72120.0,60789.06,372931.5,0.0,163684.93,5488.2,52207.99,57696.189,1080.0,24606.549,546940.88,302255.61,0.0,119.26,119.26,755382.39,18433.62,755382.39,0.0,21645.75,15462.88,0.0,15462.88,372931.5,9.0,-22499.09,2751.1555555555556,556307.41,474820.88,330242.9,3865.72,45570.24,3865.72,185728.62,0.0,73734.48,55300.86,52207.99,382450.89,55300.86,21526.49,0.0,32126.76,736535.22,736535.22,381597.55,PROCONSTRUC QUINTANAS SL_resum
2010-01-01,0.0,191801.27,792543.4,72120.0,52407.350000000006,366988.1,0.0,153167.18,6387.81,41268.4,47656.21,18502.09,-20132.0,592960.42,256888.82,0.0,219.49,219.49,693652.7699999999,14843.18,694152.7699999999,0.0,19813.81,26328.99,0.0,26328.99,381558.79,7.0,-22619.64,2719.7611111111114,620874.13,520840.42,285896.27,2849.17,31261.53,2849.17,223062.8,0.0,60862.72,46019.54,41268.4,327164.67,46019.54,19594.32,0.0,80644.90999999999,818872.39,818872.39,324358.84,PROCONSTRUC QUINTANAS SL_resum
2011-01-01,0.0,134400.37999999998,759005.55,72120.0,37493.22899999999,294129.29000000004,0.0,148361.74000000002,8921.41,18488.02,27409.43,17369.53,31330.889,621532.24,254288.83,0.0,206.47,206.47,602739.14,9523.95,602739.14,0.0,19814.22,32700.8,0.0,32700.8,294184.9,7.0,-26911.59,2688.366666666667,593274.2799999999,549412.24,290121.829,1832.62,33941.11,1832.62,168341.49,0.0,38095.77,28571.819,18488.02,308609.85,28571.819,19607.75,0.0,36996.49,791706.3500000001,791706.3500000001,301512.47900000005,PROCONSTRUC QUINTANAS SL_resum
2012-01-01,0.0,108798.61,752897.03,72120.0,15880.16,156647.22,0.0,66763.61,9129.75,-13354.22,-4224.469,11283.38,-30751.618999999995,628282.65,197912.33,0.0,1.57,1.57,369630.97,2250.14,369630.97,0.0,22356.34,23571.05,0.0,23571.05,151161.12,5.0,-19295.89,2656.972222222222,674850.04,556162.65,226337.97,816.07,38570.75,816.07,147369.36,0.0,9000.55,6750.41,-13354.22,212983.75,6750.41,22354.77,0.0,17487.8,776468.08,776468.08,216044.199,PROCONSTRUC QUINTANAS SL_resum
2013-01-01,0.0,118536.38,764353.16,72120.0,21413.23,203510.1,0.0,54525.25,8327.79,-5701.5,2626.29,8808.4,-55202.73,641368.09,137939.06,0.0,1.2,1.2,362129.2,4361.8,362129.2,0.0,23149.94,15243.26,0.0,15243.26,201209.9,3.0,-18053.75,2625.577777777778,701019.51,569248.09,164320.6,0.0,19691.95,795.7666666666667,138228.33,0.0,17447.24,13085.44,-5701.5,158619.1,13085.44,23148.739,0.0,25368.81,779596.42,779596.42,163715.29,PROCONSTRUC QUINTANAS SL_resum
2014-01-01,0.0,137428.97999999998,818048.14,72120.0,28209.21,178380.14,0.0,65116.76,5063.54,7719.78,12783.32,6450.2,-65862.02,664513.76,144059.87,0.0,8.82,8.82,353169.9,7715.23,353169.9,0.0,23149.94,10179.72,0.0,10179.72,176377.14,3.0,-17946.57,2594.1833333333334,746481.1799999999,592393.76,167069.97999999998,0.0,26285.12,775.4633333333334,163714.1,0.0,30860.9,23145.67,7719.78,174789.76,23145.67,23141.12,0.0,52542.02,828227.8600000001,828227.8600000001,179993.13,PROCONSTRUC QUINTANAS SL_resum
2015-01-01,0.0,163694.84999999998,866045.43,72120.0,27892.51,154290.55,0.0,70070.38,5237.68,9950.240000000002,15187.92,33102.36,-60522.11,687168.59,162107.93,0.0,0.0,272.0516666666667,346073.02,7551.610000000001,346073.02,0.0,20256.2,6744.1900000000005,1008.66,5735.53,174213.55,4.0,-14486.619,2562.788888888889,762872.69,615048.59,181832.229,755.16,21171.02,755.16,184865.87,0.0,30206.44,22654.829,9950.240000000002,191782.47,22654.829,20256.2,0.0,52677.53,872789.62,872789.62,197552.05,PROCONSTRUC QUINTANAS SL_resum
2016-01-01,0.0,168190.9,918949.74,72120.0,31828.8,235163.58,0.0,132174.59,3968.32,19784.84,23753.16,8195.2,-27821.109,715029.07,173381.41999999998,0.0,0.0,535.2833333333334,449540.89,9286.82,449540.89,0.0,17362.460000000003,2775.8700000000003,655.39,2120.48,210403.58,4.0,-17242.73,2531.3944444444446,778579.9500000001,642909.07,194592.47,1683.84,36821.8,1683.84,205012.7,0.0,37147.3,27860.480000000003,19784.84,214377.31,27860.480000000003,17362.460000000003,0.0,54321.19,921725.61,921725.61,214497.04,PROCONSTRUC QUINTANAS SL_resum
2017-01-01,0.0,186700.99,1000137.02,72120.0,43865.12,351935.52,0.0,198330.49,1555.42,38245.63,39801.049,8785.09,20414.589,757338.7699999999,211791.36,0.0,0.0,798.5150000000001,621603.64,13298.38,621603.64,0.0,17362.45,5475.95,302.12,2673.8300000000004,351935.52,6.0,-18075.71,2500.0,793021.4400000001,685218.769,231422.49,3013.68,58559.53,3013.68,245260.52,0.0,55608.08,42309.7,38245.63,269668.12,42309.7,17362.45,0.0,54699.11,1005612.97,1005612.97,268954.86,PROCONSTRUC QUINTANAS SL_resum
2018-01-01,0.0,162726.34,1008817.21,72120.0,49812.359,405244.9,0.0,160897.18,3420.9500000000003,43356.9,46777.850000000006,35585.09,33755.929,803730.1799999999,231257.59,0.0,0.0,1061.7466666666667,705480.51,14327.94,705908.55,0.0,17362.45,32506.56,4.019,31353.79,432504.9,7.0,-22628.21,1148.75,812334.9400000001,731610.1799999999,257306.75,3013.68,71853.57,3013.68,234579.91,0.0,60719.350000000006,46391.409,43356.9,300663.65,46391.409,17362.45,0.0,59736.82,1041323.77,1041323.77,295397.89,PROCONSTRUC QUINTANAS SL_resum
2019-01-01,0.0,177320.94999999998,1094169.23,72120.0,62996.26,439975.1,8505.68,172898.83,10156.07,51529.73,61685.8,152837.15,148415.02899999998,856570.37,216921.12,0.0,0.0,1324.9783333333332,740082.6799999999,16182.27,742984.8300000001,0.0,17492.73,48833.96,0.0,47685.21,557040.1,6.0,-24402.81,1148.75,768433.25,784450.37,251480.0,3013.68,97592.51,3013.68,283419.14,0.0,69022.45999999999,52840.19,51529.73,303009.73000000004,52840.19,17492.73,0.0,1983.77,1143003.1900000002,1143003.1900000002,296099.65,PROCONSTRUC QUINTANAS SL_resum
2020-01-01,0.0,143856.34,1065391.409,72120.0,39017.34,304393.96,0.0,41359.9,9980.29,21142.47,31122.76,194510.2,92013.76,885607.42,217150.04,0.0,1588.21,1588.21,567608.8300000001,8060.79,570574.539,0.0,17543.58,39139.9,0.0,37704.92,345068.96,6.0,-17907.780000000002,1434.98,829521.309,813487.42,245038.11,2258.52,72809.03,2258.52,216665.37,0.0,37097.84,29037.049,21142.47,266180.579,29037.049,15955.37,0.0,48969.73,1104531.31,1104531.31,265816.38,PROCONSTRUC QUINTANAS SL_resum
2021-01-01,0.0,228255.14,1176281.64,72120.0,64126.39,506982.24,0.0,114396.12,12016.09,51648.6,63664.69,225408.13,111549.109,937717.72,275273.64,0.0,445.97,445.97,862120.4600000001,16407.21,865857.4400000001,0.0,17314.88,78919.97,0.0,77591.04,536982.24,6.0,-19936.87,1328.93,836477.39,865597.72,307226.6,1329.84,87898.90999999999,1329.84,316154.05,0.0,68517.51,52110.29899999999,51648.6,358875.199,52110.29899999999,16868.91,0.0,2530.98,1255201.61,1255201.61,356253.21,PROCONSTRUC QUINTANAS SL_resum
2022-01-01,0.0,211396.17,1235049.94,72120.0,83510.14,528554.06,0.0,218842.84,17395.2,70748.13,88143.33,190240.1,197686.77,955832.66,276968.25,0.0,0.0,445.97,912727.59,21995.64,919537.23,0.0,17362.45,61674.77,0.0,60195.84,493554.06,7.0,-25871.59,1478.93,825967.0,883712.659,320235.04,0.0,129495.88,1329.84,340892.05,0.0,88110.58,66114.93999999999,70748.13,390983.17,66114.93999999999,17362.45,0.0,4072.43,1296724.71,1296724.71,382474.03,PROCONSTRUC QUINTANAS SL_resum
2023-01-01,0.0,211417.92,1286910.23,72120.0,73960.65000000001,488048.11,0.0,244532.66,17312.629999999997,54169.94,71482.57,164893.04,198007.78,964480.68,277274.21,0.0,0.0,445.97,858745.98,16394.68,864815.549,0.0,18872.76,45269.34,0.0,42883.21,463048.11,7.0,-28010.66,2386.13,877484.529,892360.6799999999,322597.5,0.0,156280.97,1329.84,367698.89,0.0,73042.7,56648.02,54169.94,376767.4390000001,56648.02,18872.76,0.0,1594.6,1332179.57,1332179.57,367629.54,PROCONSTRUC QUINTANAS SL_resum
