Año,Acreedores a L. P.,Acreedores comerciales,Activo circulante,Capital suscrito,Cash flow,Consumo de mercaderías y de materias,Deudas financieras,Deudores,Dotaciones para amortiz. de inmovil.,EBIT,EBITDA,Existencias,Fondo de maniobra,Fondos propios,Gastos de personal,Gastos extraordinarios,Gastos financieros,Gastos financieros y gastos asimilados,Importe neto Cifra de Ventas,Impuestos sobre sociedades,Ingresos de explotación,Ingresos extraordinarios,Ingresos financieros,Inmovilizado,Inmovilizado inmaterial,Inmovilizado material,Materiales,Número empleados,Otros Conceptos de Explotación,Otros activos fijos,Otros activos líquidos,Otros fondos propios,Otros gastos de explotación,Otros pasivos fijos,Otros pasivos líquidos,Pasivo fijo,Pasivo líquido,Provisiones,Result. ordinarios antes Impuestos,Resultado Actividades Ordinarias,Resultado Explotación,Resultado bruto,Resultado del Ejercicio,Resultado financiero,Resultados actividades extraordinarias,Tesorería,Total activo,Total pasivo y capital propio,Valor agregado,Empresa
1999-01-01,33890.78999999999,19658.68,42720.08,18030.36,6360.3,10659.05,0.0,37548.51,5072.85,3599.34,8672.19,5071.51,42620.02,21396.13,169365.24000000002,2558.17,4034.71,4034.71,305915.98000000004,0.0,305915.98000000004,231.51,14.78,45774.69,8339.99,35177.450000000004,21570.94,11.0,-91961.59,2257.25,100.059,3365.77,267878.61,0.0,33207.850000000006,33890.78999999999,33207.850000000006,0.0,3614.11,3614.11,3599.34,249314.69,1287.45,14.78,-2326.66,8729.949999999999,88494.77,88494.77,175725.54,"RADIO RIPOLL, SL_resum"
2000-01-01,21558.960000000003,19658.68,72314.45999999999,18030.36,7734.59,10659.05,0.0,58512.47,7031.26,5255.79,12287.05,5071.51,63583.98,22099.460000000003,123527.36,0.0,4034.71,4034.71,233279.43,853.2,233279.43,334.76,0.6900000000000001,52549.98,2203.0,48089.74,24947.14,8.0,-91961.59,2257.24,8730.48,4069.099,267878.61,0.0,81206.02,21558.960000000003,81206.02,0.0,1221.77,368.569,5255.79,249314.69,703.3299999999999,-4034.02,334.76,8729.949999999999,124864.44,124864.44,136149.86,"RADIO RIPOLL, SL_resum"
2001-01-01,11445.18,19658.68,92605.66,18030.36,8535.01,10659.05,0.0,56746.46,7212.150000000001,7688.429999999999,14900.58,5071.51,61817.97,23422.32,151371.6,0.0,5798.63,5798.63,241404.17,566.9399999999999,241404.17,0.0,6.166666666666667,46438.14,2203.0,41977.89,28323.34,8.0,-91961.59,2257.25,30787.69,5391.959,267878.61,0.0,104176.3,11445.18,104176.3,0.0,1889.8,1322.86,7688.429999999999,249314.69,1322.86,-5798.63,0.0,30787.69,139043.8,139043.8,166272.18,"RADIO RIPOLL, SL_resum"
2002-01-01,12755.16,19658.68,85316.05,18030.36,13151.65,10659.05,0.0,69117.19,11870.19,3083.3100000000004,14953.5,5071.51,74188.7,24703.78,148324.53,0.0,2978.0,2978.0,259046.15,604.3199999999999,259046.15,1780.47,11.643333333333333,39761.69,788.9599999999999,36655.380000000005,30244.78,8.0,-91961.59,2317.3500000000004,11127.35,6673.419,267878.61,0.0,87618.8,12755.16,87618.8,0.0,105.31,-499.01,3083.3100000000004,249314.69,1281.46,-2978.0,1780.47,11127.35,125077.74,125077.74,165058.5,"RADIO RIPOLL, SL_resum"
2003-01-01,76148.48,19658.68,89103.11,18030.36,16141.13,10659.05,0.0,79584.98,14189.45,2294.12,16483.57,0.0,79584.98,26655.460000000003,143382.64,0.0,4451.99,4451.99,239045.18,836.4399999999999,239045.18,4928.87,17.12,116129.76,0.0,114353.32,15779.14,7.0,-91961.59,1776.439,9518.13,8625.099,267878.61,0.0,102428.93,76148.48,102428.93,0.0,-2140.75,-2977.19,2294.12,249314.69,1951.68,-4434.87,4928.87,9518.13,205232.87,205232.87,164812.2,"RADIO RIPOLL, SL_resum"
2004-01-01,43047.42,19658.68,87067.82,18030.36,15145.62,10659.05,0.0,70476.87000000001,16476.59,-10255.98,6220.610000000001,0.0,70476.87000000001,25324.49,140255.55,0.0,6881.64,6881.64,236683.94,-248.13,236683.94,15558.52,17.853333333333335,101754.9,0.0,99978.46,15136.19,6.0,-91961.59,1776.439,16590.95,7294.13,267878.61,0.0,120450.81,43047.42,120450.81,0.0,-17137.62,-16889.489,-10255.98,249314.69,-1330.97,-6881.64,15558.52,16590.95,188822.72,188822.72,162034.68,"RADIO RIPOLL, SL_resum"
2005-01-01,33803.840000000004,19658.68,75829.73,18030.36,18762.16,10659.05,0.0,52546.05,15863.32,-2560.13,13303.189,0.0,52546.05,28223.33,156710.31999999998,0.0,4596.98,4596.98,276476.61,565.61,276476.61,10621.56,18.586666666666666,91180.56,0.0,88581.5,18930.09,5.0,-91961.59,2599.059,23283.679,10192.97,267878.61,0.0,104983.12,33803.840000000004,104983.12,0.0,-7157.110000000001,-7722.719,-2560.13,249314.69,2898.84,-4596.98,10621.56,23283.68,167010.29,167010.29,180635.07,"RADIO RIPOLL, SL_resum"
2006-01-01,24325.42,19658.68,76783.62000000001,18030.36,13136.59,10659.05,0.0,76783.62000000001,16181.53,-1508.05,14673.48,0.0,76783.62000000001,25178.39,164192.81999999998,0.0,4380.17,4380.17,218510.03,0.0,276639.03,2823.96,19.32,88594.37000000001,118.83,85876.48,5536.3,5.0,-91961.59,2599.059,0.0,7148.029,267878.61,0.0,115874.18,24325.42,115874.18,0.0,-5868.9,-5868.9,-1508.05,249314.69,-3044.94,-4360.85,2823.96,42505.75,165377.99,165377.99,181709.58,"RADIO RIPOLL, SL_resum"
2007-01-01,14279.81,19658.68,139332.16,18030.36,15870.7,10659.05,0.0,77604.34,14683.52,4877.150000000001,19560.67,0.0,77604.34,26365.57,132939.43,0.0,3769.31,3769.31,191847.4,0.0,259079.4,79.22,0.12,74381.37000000001,81.08,71701.23,6381.6,4.0,-91961.59,2599.059,61727.82,8335.209,267878.61,0.0,173068.15,14279.81,173068.15,0.0,1107.96,1107.96,4877.150000000001,249314.69,1187.1799999999998,-3769.19,79.22,61727.82,213713.53,213713.53,152579.43899999998,"RADIO RIPOLL, SL_resum"
2008-01-01,35588.119999999995,19658.68,92833.74,18030.36,-11376.43,10659.05,70079.03,89739.42,12251.38,-18563.92,-6312.539,0.0,70080.739,2737.76,163665.64,0.0,5072.14,5072.14,204939.04,0.0,259973.74,0.0,8.25,62809.41,43.23,60227.22,10659.05,6.0,-91961.59,2538.96,3094.32,-15292.6,267878.61,0.0,27579.56,35588.119999999995,117317.27,0.0,-23627.81,-23627.81,-18563.92,249314.69,-23627.81,-5063.89,0.0,3094.32,155643.15,155643.15,157361.34999999998,"RADIO RIPOLL, SL_resum"
2009-01-01,60000.0,16315.81,89083.76,18030.0,10776.619,197.0,38144.15,56579.52,9810.23,6739.160000000001,16549.39,0.0,40263.71,3704.15,120469.66,0.0,5772.99,5772.99,178932.84999999998,0.0,213488.88,0.0,0.22,53365.04,5.48,50820.6,197.0,5.0,-76272.83,2538.96,32504.24,-14325.85,206552.72,0.0,24284.69,60000.0,78744.65000000001,0.0,966.39,966.39,6739.160000000001,213291.88,966.39,-5772.769,0.0,32504.24,142448.8,142448.8,137019.27000000002,"RADIO RIPOLL, SL_resum"
2010-01-01,60000.0,46758.65,86796.39,18030.0,8117.98,416.38,1087.53,79231.56,7867.610000000001,7821.35,15688.96,0.0,32472.909,3954.52,107427.75,0.0,7571.5,7571.5,180372.48,0.0,213439.81,0.0,0.52,58354.87,0.0,56638.53,416.38,5.0,-89906.719,1716.34,7564.83,-14075.48,205202.079,0.0,33350.559,60000.0,81196.73999999999,0.0,250.37,250.37,7821.35,213023.43,250.37,-7570.98,0.0,564.8299999999999,145151.26,145151.26,123117.23,"RADIO RIPOLL, SL_resum"
2011-01-01,60000.0,56683.96,133629.269,18000.0,8379.91,-22150.789,0.0,80938.98,8082.92,3022.73,11105.65,22624.92,46879.939,18261.51,125153.83,0.0,2746.9,2746.9,182417.17,0.0,195308.74,0.0,21.16,50271.95,0.0,48555.61,474.13,5.0,-81200.05,1716.34,30065.37,261.51,214436.8,0.0,48955.75,60000.0,105639.71,0.0,296.98999999999995,296.98999999999995,3022.73,217459.53,296.98999999999995,-2725.74,0.0,22970.37,183901.22,183901.22,136280.64,"RADIO RIPOLL, SL_resum"
2012-01-01,60000.0,57576.43,117325.9,18000.0,9324.929,9610.0,1070.5,94684.32,9061.55,1595.53,10657.08,22624.92,59732.810000000005,18524.88,89477.56,0.0,1332.15,1332.15,158915.56,0.0,198500.18,0.0,0.0,78555.4,0.0,76839.06,9610.0,5.0,-88755.54,1716.34,16.66,524.88,187294.649,0.0,58709.49,60000.0,117356.42,0.0,263.38,263.38,1595.53,188890.18,263.38,-1332.15,0.0,16.66,195881.3,195881.3,100134.64,"RADIO RIPOLL, SL_resum"
2013-01-01,67616.27,23022.05,71185.45999999999,18000.0,10171.73,10780.0,0.0,48312.84,9349.82,1624.54,10974.36,22624.92,47915.709,19346.79,80496.93,0.0,802.63,802.63,159684.21000000002,0.0,192917.51,0.0,0.0,74687.92,0.0,72971.58,10780.0,5.0,-90666.22,1716.34,247.7,1346.79,180512.97,0.0,35888.27,67616.27,58910.32,0.0,821.91,821.91,1624.54,182137.51,821.91,-802.63,0.0,247.7,145873.37999999998,145873.37999999998,91471.29,"RADIO RIPOLL, SL_resum"
2014-01-01,78061.39,21085.68,74782.43,18000.0,9405.97,10955.25,0.0,51561.69,9160.22,1083.1699999999998,10243.39,22624.92,53100.93,19592.54,83262.9,0.0,837.42,837.42,160708.83,0.0,194902.99,0.0,0.0,68620.7,0.0,66904.36,10955.25,5.0,-90441.45,1716.34,595.8199999999999,1592.54,182864.569,0.0,24663.52,78061.39,45749.2,0.0,245.75,245.75,1083.1699999999998,183947.74,245.75,-837.42,0.0,595.8199999999999,143403.13,143403.13,93506.29,"RADIO RIPOLL, SL_resum"
2015-01-01,60910.83,13462.14,64306.07,18000.0,16104.92,11560.44,0.0,49051.78,14044.35,2060.57,16104.92,11311.48,46901.119,21653.11,91213.8,0.0,0.0,599.1999999999999,159956.7,0.0,196990.86,0.0,0.0,57669.350000000006,0.0,55953.01,247.0,6.0,-78111.7,1716.34,3942.81,3653.11,183369.85,0.0,25949.34,60910.83,39411.48,0.0,2060.57,2060.57,2060.57,185430.42,2060.57,0.0,0.0,3942.81,121975.42,121975.42,107318.72,"RADIO RIPOLL, SL_resum"
2016-01-01,58206.43,12611.82,67795.67000000001,18000.0,12770.039,11435.96,0.0,55529.16,11322.4,1447.64,12770.039,11311.48,54228.82,23100.75,107931.69,0.0,0.0,360.97999999999996,170743.15,0.0,200301.18,0.0,0.0,49288.2,0.0,47571.86,409.6,7.0,-79599.45,1716.34,955.03,5100.75,198853.54,0.0,23164.87,58206.43,35776.689999999995,0.0,1447.64,1447.64,1447.64,200301.18,1447.64,0.0,0.0,955.03,117083.87,117083.87,120701.73,"RADIO RIPOLL, SL_resum"
2017-01-01,76385.56,15498.48,61586.1,18000.0,14689.46,11311.48,0.0,56593.57,13707.95,1104.27,14812.22,0.0,41095.09,24082.26,104458.42,0.0,122.76,122.76,173294.94999999998,0.0,210330.27,0.0,0.0,67835.42,0.0,66119.08,572.2,6.0,-79748.15000000001,1716.34,4992.53,6082.26,197914.52,0.0,13455.22,76385.56,28953.7,0.0,981.51,981.51,1104.27,199018.79,981.51,-122.76,0.0,4992.53,129421.52,129421.52,119270.639,"RADIO RIPOLL, SL_resum"
2018-01-01,60825.45,13522.29,69067.90999999999,18000.0,15596.79,7894.32,0.0,66508.3,13249.28,4460.33,17709.609999999997,0.0,52986.01,26429.77,105443.83,0.0,2112.82,2112.82,167145.38999999998,0.0,205223.62,0.0,0.0,57953.04,0.0,56236.7,734.8,6.0,-82070.18000000001,1716.34,2559.61,8429.77,200763.29,0.0,26243.44,60825.45,39765.73,0.0,2347.51,2347.51,4460.33,205223.62,2347.51,-2112.82,0.0,2559.61,127020.95,127020.95,123153.44,"RADIO RIPOLL, SL_resum"
2019-01-01,53152.4,9681.75,66889.59,18000.0,22177.21,4477.16,0.0,25152.76,12025.1,11878.53,23903.63,0.0,15471.009,36581.880000000005,106748.98,0.0,1726.42,1726.42,171385.75,0.0,213507.75,0.0,0.0,50288.44,0.0,48572.1,897.4,6.0,-82855.14,1716.34,41736.83,18581.88,201629.22,0.0,17762.0,53152.4,27443.75,0.0,10152.11,10152.11,11878.53,213507.75,10152.11,-1726.42,0.0,41736.83,117178.03,117178.03,130652.61,"RADIO RIPOLL, SL_resum"
2020-01-01,75893.59,8872.39,98984.52,18000.0,12761.189,1060.0,0.0,32480.93,11854.98,2240.67,14095.65,0.0,23608.54,37488.09,96913.51,0.0,1334.46,1334.46,139886.73,0.0,182552.06,0.0,0.0,42434.94,0.0,40681.86,1060.0,6.0,-70482.9,1753.08,66503.59,19488.09,179251.38899999997,0.0,19165.39,75893.59,28037.78,0.0,906.21,906.21,2240.67,181492.06,906.21,-1334.46,0.0,66503.59,141419.46,141419.46,111009.16,"RADIO RIPOLL, SL_resum"
2021-01-01,64631.55,12177.58,100007.38,18000.0,12492.96,774.0,0.0,86635.88,11007.88,3114.3100000000004,14122.189,0.0,74458.3,38973.17,97735.05,0.0,1629.23,1629.23,145509.19,0.0,185842.69,0.0,0.0,35916.340000000004,0.0,34163.259999999995,774.0,5.0,-73211.45,1753.08,13371.5,20973.17,181954.38,0.0,20141.42,64631.55,32319.0,0.0,1485.08,1485.08,3114.3100000000004,185068.69,1485.08,-1629.23,0.0,13371.5,135923.72,135923.72,111857.24,"RADIO RIPOLL, SL_resum"
2022-01-01,98468.51,11006.71,119527.45,18000.0,11938.37,796.0,0.0,70012.04,11584.75,1670.89,13255.64,0.0,59005.329,39326.78999999999,109244.7,0.0,1318.0,1318.0,148627.34999999998,0.0,208285.43,0.0,0.7300000000000001,73759.57,0.0,72006.48999999999,796.0,5.0,-84989.09,1753.08,49515.41,21326.789,205818.54,0.0,44485.01,98468.51,55491.72,0.0,353.62,353.62,1670.89,207489.43,353.62,-1317.27,0.0,10672.18,193287.02,193287.02,122501.069,"RADIO RIPOLL, SL_resum"
2023-01-01,106018.89,11909.1,129606.71,18000.0,8941.52,3825.71,0.0,7204.28,8886.53,1005.78,9892.31,0.0,-4704.820000000001,39381.78,111450.77,0.0,950.79,950.79,154320.47999999998,0.0,192779.87,0.0,0.0,70670.2,0.0,68917.12000000001,3825.71,5.0,-67611.08,1753.08,122402.43,21381.78,187948.38,0.0,42967.14,106018.89,54876.24,0.0,54.99,54.99,1005.78,188954.16,54.99,-950.79,0.0,35932.850000000006,200276.91,200276.91,121343.08,"RADIO RIPOLL, SL_resum"
