Año,Acreedores a L. P.,Acreedores comerciales,Activo circulante,Capital suscrito,Cash flow,Consumo de mercaderías y de materias,Deudas financieras,Deudores,Dotaciones para amortiz. de inmovil.,EBIT,EBITDA,Existencias,Fondo de maniobra,Fondos propios,Gastos de personal,Gastos extraordinarios,Gastos financieros,Gastos financieros y gastos asimilados,Importe neto Cifra de Ventas,Impuestos sobre sociedades,Ingresos de explotación,Ingresos extraordinarios,Ingresos financieros,Inmovilizado,Inmovilizado inmaterial,Inmovilizado material,Materiales,Número empleados,Otros Conceptos de Explotación,Otros activos fijos,Otros activos líquidos,Otros fondos propios,Otros gastos de explotación,Otros pasivos fijos,Otros pasivos líquidos,Pasivo fijo,Pasivo líquido,Provisiones,Result. ordinarios antes Impuestos,Resultado Actividades Ordinarias,Resultado Explotación,Resultado bruto,Resultado del Ejercicio,Resultado financiero,Resultados actividades extraordinarias,Tesorería,Total activo,Total pasivo y capital propio,Valor agregado,Empresa
1999-01-01,118764.67,859152.57,661473.89,96222.04,-22699.78,2332678.7800000003,1960.85,138737.17,8814.58,40422.21,49236.78999999999,242568.66,381305.83,170792.79,98804.69,87366.5,2268.23,2268.23,1208852.1900000002,-13506.15,1208852.95,0.0,4192.0,301356.29000000004,10929.94,258152.0,984791.62,14.0,-156383.81,32274.349,280168.059,74570.75,579497.1,0.0,673272.71,118764.67,673272.71,0.0,42345.98,55852.13,40422.21,724232.7,-31514.36,1923.77,-87366.5,279890.45,962830.17,962830.17,64866.99,RADIO PEPE SA_resum
2000-01-01,106969.47,859152.57,729931.3500000001,96222.04,40341.65,2332678.7800000003,1960.85,132507.87,19431.9,29714.05,49145.95,333463.63,465971.5,191702.54,98681.79,0.0,5783.08,5783.08,1499827.77,8961.32,1499955.999,0.0,5940.1,296053.74,9303.71,241493.82,1209406.08,14.0,-156383.81,45256.21,263959.849,95480.5,579497.1,0.0,727313.08,106969.47,727313.08,0.0,29871.06,20909.74,29714.05,724232.7,20909.75,157.01,0.0,263938.968,1025985.09,1025985.09,153767.83899999998,RADIO PEPE SA_resum
2001-01-01,29781.59,859152.57,693432.65,96222.04,36487.33,2332678.7800000003,1960.85,113069.88,21232.41,11425.07,32657.480000000003,276217.23000000004,389287.11,206957.47,143861.05,0.0,4576.4,4576.4,1628502.54,6537.820000000001,1628922.21,3405.88,11538.19,298431.56,1751.36,251423.99,1312120.03,14.0,-156383.81,45256.209,304145.54,110735.43,579497.1,0.0,755125.15,29781.59,755125.15,0.0,18386.86,11849.04,11425.07,724232.7,15254.92,6961.79,3405.88,304124.65,991864.21,991864.21,191462.599,RADIO PEPE SA_resum
2002-01-01,112479.265,859152.57,699427.64,96222.04,38960.6,2332678.7800000003,1960.85,103851.75,22673.54,17288.920000000002,39962.46,278217.22000000003,382068.97,223244.53,167741.64,0.0,3118.12,3118.12,1801093.87,6980.17,1811940.49,0.0,9096.43,301938.45,1082.37,231574.58,1467451.59,14.0,-156383.81,69281.5,317358.67,127022.49,579497.1,0.0,778121.56,112479.265,778121.56,0.0,23267.23,16287.06,17288.920000000002,724232.7,16287.06,5978.31,0.0,317337.78,1001366.09,1001366.09,216800.53,RADIO PEPE SA_resum
2003-01-01,195176.94,859152.57,699583.64,96222.04,35407.3,2332678.7800000003,1960.85,234571.72,26768.66,14422.0,41190.66,338217.22000000003,572788.9400000001,231883.17,187689.82,0.0,6245.150000000001,6245.150000000001,1949314.81,3702.27,1966345.33,0.0,4164.06,534613.7899999999,413.38,469918.91,1587258.39,14.0,-156383.81,64281.5,126794.7,135661.13,579497.1,0.0,807137.3200000001,195176.94,807137.3200000001,0.0,12340.91,8638.640000000001,14422.0,724232.7,8638.640000000001,-2081.09,0.0,126773.81,1234197.43,1234197.43,233044.54,RADIO PEPE SA_resum
2004-01-01,221278.65,859152.57,785944.75,96222.04,39280.17,2332678.7800000003,1960.85,223785.4,28875.31,14818.4,43693.71,322875.42000000004,546660.8200000001,242288.03,241348.13,0.0,8092.820000000001,8092.820000000001,2202097.98,4459.23,2210671.21,3800.0,4338.51,533745.41,0.01,470689.15,1795689.33,15.0,-156383.81,63056.25,239283.93,146065.99,579497.1,0.0,856123.48,221278.65,856123.48,0.0,11064.09,6604.860000000001,14818.4,724232.7,10404.86,-3754.31,3800.0,239283.93,1319690.16,1319690.16,293180.35,RADIO PEPE SA_resum
2005-01-01,503071.47,859152.57,780883.03,96222.04,37146.22899999999,2332678.7800000003,1960.85,139700.43,22971.52,27107.24,50078.76,386875.42,526575.8500000001,256462.74,261984.69,0.0,9284.15,9284.15,2027327.64,6074.87,2065689.51,0.0,2426.49,803016.81,2352.49,739213.3600000001,1550885.7,15.0,-156383.81,61450.96,254307.18,160240.7,579497.1,0.0,824365.63,503071.47,824365.63,0.0,20249.58,14174.71,27107.24,724232.7,14174.71,-6857.660000000001,0.0,254307.18,1583899.84,1583899.84,314489.94,RADIO PEPE SA_resum
2006-01-01,839304.69,859152.57,906154.28,96222.04,35161.92,2332678.7800000003,1960.85,218652.04,20386.76,32122.22,52508.979,431875.42,650527.4600000001,271237.9,305102.86,0.0,23392.12,23392.12,2457639.84,4790.27,2543865.679,417.14,10418.19,1470337.63,4466.6,1403100.07,2051198.66,16.0,-156383.81,62770.959,255626.82,175015.86,579497.1,0.0,1265949.32,839304.69,1265949.32,0.0,19148.29,14358.02,32122.22,724232.7,14775.16,-12973.93,417.14,255626.82,2376491.91,2376491.91,368447.17,RADIO PEPE SA_resum
2007-01-01,1027418.89,859152.57,955532.61,96222.04,53178.380000000005,2332678.7800000003,1960.85,190903.76,47587.34,32028.02,79615.36,546875.42,737779.1799999999,276828.94,347212.65,0.0,38146.16,38146.16,2729228.52,2323.57,2845646.58,6847.660000000001,7185.09,1690129.99,5595.34,1552348.62,2260511.9,17.0,-156383.81,132186.02899999998,217753.429,180606.9,579497.1,0.0,1341414.77,1027418.89,1341414.77,0.0,1066.95,-1256.62,32028.02,724232.7,5591.04,-30961.07,6847.660000000001,217753.43,2645662.6,2645662.6,440860.76,RADIO PEPE SA_resum
2008-01-01,1243414.35,859152.57,1514459.96,96222.04,118062.66,2332678.7800000003,1960.85,643154.3500000001,50592.53,144735.6,195328.13,625795.3600000001,409797.14,344299.07,372520.76,0.0,65070.41,65070.41,3047761.48,22490.04,3056911.48,0.0,10294.98,1040614.29,3584.3700000000003,904547.85,2332678.7800000003,15.0,-156383.81,132482.07,245510.25,248077.03,579497.1,0.0,106247.41,1243414.35,967360.83,0.0,89960.17000000001,67470.13,144735.6,724232.7,67470.13,-54775.43,0.0,153024.19,2555074.25,2555074.25,578143.87,RADIO PEPE SA_resum
2009-01-01,563715.97,1016285.53,918229.91,96222.04,55849.11,1890176.79,1136.125,160046.11000000002,48717.3,37047.810000000005,85765.11,537870.9500000001,-318368.47000000003,351430.88,353490.47000000003,0.0,32564.62,32564.62,2461946.95,2377.27,2461946.95,0.0,5025.89,1074814.34,1875.81,909445.07,1890176.79,16.0,-132514.579,163493.46,220312.849,255208.84,534722.349,0.0,61611.87,563715.97,1077897.4,0.0,9509.08,7131.809,37047.810000000005,571770.16,7131.809,-27538.73,0.0,215467.8,1993044.25,1993044.25,444281.47,RADIO PEPE SA_resum
2010-01-01,553071.09,729312.98,675466.6,96222.04,57485.17,1764962.27,311.4,144841.55,38364.850000000006,44955.59,83320.43999999999,523303.03,-61168.399,370551.2,366365.62,0.0,22765.85,22765.85,2336994.16,6373.44,2336994.16,0.0,3304.02,1032910.79,589.71,896634.62,1764962.27,15.0,-122345.829,135686.46,7322.02,274329.16,527076.3,0.0,55130.72,553071.09,784755.1,0.0,25493.76,19120.32,44955.59,572031.89,19120.32,-19461.829,0.0,161881.22749999998,1708377.39,1708377.39,452990.079,RADIO PEPE SA_resum
2011-01-01,514227.51,475071.38,549554.05,96222.04,44483.59,1162960.95,63933.435000000005,111880.67,43388.03,23646.53,67034.56,428505.11,65314.4,371646.76,351277.13,0.0,24674.9,24674.9,1705261.35,365.19,1707953.51,0.0,2489.12,1003235.56,0.04,854173.41,1162960.95,14.0,-126680.87,149062.11000000002,9168.27,275424.72000000003,521346.03,0.0,191843.96,514227.51,666915.3400000001,0.0,1460.75,1095.56,23646.53,544992.56,1095.56,-22185.78,0.0,108294.655,1552789.61,1552789.61,420800.81,RADIO PEPE SA_resum
2012-01-01,474094.53,309390.76,429762.34,96222.04,40803.049,1259294.35,127555.47,71972.89,39424.380000000005,27550.2,66974.58,345790.0,108372.13,373025.43000000005,297286.07,0.0,29428.8,29428.8,1760147.11,459.55,1760610.82,0.0,3716.82,999438.18,1595.04,814749.03,1259294.35,11.0,-137055.81999999998,183094.11,11999.45,276803.389,473766.27,0.0,145134.33,474094.53,582080.56,0.0,1838.22,1378.6699999999998,27550.2,501316.47,1378.6699999999998,-25711.980000000003,0.0,54708.08250000002,1429200.52,1429200.52,367977.47,RADIO PEPE SA_resum
2013-01-01,541753.56,347364.78,413796.63,96222.04,5643.869000000001,1124990.37,121273.16,75191.84,6985.1900000000005,21521.06,28506.25,337483.28,65310.339,371684.11,249231.31,0.0,27345.08,27345.08,1508967.38,-447.11,1508967.38,0.0,4035.59,1052309.47,1554.8581818181817,809358.8400000001,1124990.37,9.0,-106239.45,242950.629,1121.51,275462.07,362455.95,0.0,84030.489,541753.56,552668.43,0.0,-1788.43,-1341.32,21521.06,383977.009,-1341.32,-23309.49,0.0,1121.51,1466106.1,1466106.1,281773.15,RADIO PEPE SA_resum
2014-01-01,541753.56,444219.0,488313.66,96222.04,8373.629,1186601.23,40336.39,69911.45,7400.73,17330.68,24731.41,397421.28,23113.73,372657.01,237266.2,0.0,23607.45,23607.45,1539071.9,324.3,1539071.9,0.0,7573.969999999999,1044584.44,1514.6763636363637,801958.11,1186601.23,10.0,-90473.06,242626.33,20980.93,276434.97000000003,335139.99000000005,0.0,133932.14,541753.56,618487.53,0.0,1297.2,972.9,17330.68,352470.669,972.9,-16033.48,0.0,15042.71,1532898.1,1532898.1,269571.58,RADIO PEPE SA_resum
2015-01-01,518574.78,352725.86,426887.74,96222.04,10343.979,1232871.45,94615.86,107833.2,7214.120000000001,19554.54,26768.66,315101.0,70208.34,375786.87,243337.82,0.0,22307.960000000003,22307.960000000003,1617675.08,1043.29,1617675.08,0.0,6926.57,1048690.1790000002,1474.4945454545455,794743.99,1232871.45,10.0,-114697.15,253946.19,3953.54,279564.83,365249.089,0.0,133874.549,518574.78,581216.2699999999,0.0,4173.149,3129.8590000000004,19554.54,384803.63,3129.8590000000004,-15381.39,0.0,3953.54,1475577.92,1475577.92,277033.049,RADIO PEPE SA_resum
2016-01-01,467569.01,538084.38,455062.51,96222.04,10565.46,1253101.95,134130.865,168017.72,6470.31,11666.01,18136.32,286663.29000000004,-83403.37000000001,379882.02,261128.39,0.0,13173.67,13173.67,1666241.1,1365.05,1666241.1,0.0,6967.860000000001,1042240.68,1434.3127272727272,788294.49,1253101.95,10.0,-133874.44,253946.19,381.5,283659.98000000004,401473.14,0.0,111767.78,467569.01,649852.16,0.0,5460.2,4095.149,11666.01,413139.15,4095.149,-6205.81,0.0,381.5,1497303.1900000002,1497303.1900000002,286232.57,RADIO PEPE SA_resum
2017-01-01,413323.57,325065.94,367985.79,96222.04,28353.37,1384275.07,173645.87,38790.18,15681.240000000002,25796.91,41478.15,328283.91000000003,42008.149,392554.15,257834.41,0.0,15514.1,15514.1,1828890.41,4224.05,1828890.41,0.0,6613.37,1082657.9,1394.130909090909,788073.63,1384275.07,11.0,-145302.78,294584.27,911.7,296332.11,418818.43000000005,0.0,146054.16,413323.57,644765.97,0.0,16896.18,12672.13,25796.91,444615.339,12672.13,-8900.730000000001,0.0,911.7,1450643.6900000002,1450643.6900000002,305925.93000000005,RADIO PEPE SA_resum
2018-01-01,401445.94,335903.64,375410.72,96222.04,21348.79,1443845.1,161568.1,14923.64,8136.51,26939.18,35075.689999999995,359914.91000000003,38934.909,405766.43000000005,262195.18,0.0,16128.1,16128.1,1867111.69,4404.09,1867111.69,0.0,6805.29,1085940.1,1353.949090909091,783403.22,1443845.1,10.0,-125995.72,302536.88,572.1700000000001,309544.39,396327.41,0.0,156666.71000000002,401445.94,654138.4500000001,0.0,17616.37,13212.279,26939.18,423266.589,13212.279,-9322.81,0.0,572.1700000000001,1461350.82,1461350.82,304076.16,RADIO PEPE SA_resum
2019-01-01,354490.85,368688.41,428685.02,96222.04,34078.36,1546880.64,178033.86,67995.19,14860.48,30202.34,45062.82,359914.91000000003,59221.69,424984.31,275914.44,0.0,11573.12,11573.12,2006335.11,6405.96,2006335.11,0.0,6994.620000000001,1102728.75,1313.7672727272727,793341.08,1546880.64,13.0,-138477.21000000002,309387.67,774.92,328762.27,429252.13,0.0,205216.34,354490.85,751938.61,0.0,25623.84,19217.88,30202.34,459454.47,19217.88,-4578.5,0.0,774.92,1531413.77,1531413.77,327971.88,RADIO PEPE SA_resum
2020-01-01,604408.74,319314.47000000003,546199.39,96222.04,34618.02,1571717.14,85385.43,117285.32,16080.78,32403.65,48484.43,359914.91000000003,157885.76,443521.55,242508.27,0.0,14857.92,14857.92,2006626.04,6179.08,2007626.04,0.0,7170.59,1086711.64,1273.5854545454545,777795.3,1571717.14,13.0,-144916.2,308916.34,68999.16,347299.51,403505.25,0.0,180280.84,604408.74,584980.74,0.0,24716.32,18537.239,32403.65,435908.9,18537.239,-7687.33,0.0,68999.16,1632911.03,1632911.03,298163.29000000004,RADIO PEPE SA_resum
2021-01-01,499448.18,278165.87,388584.85,96222.04,39362.21,1767507.88,91719.77,45711.87,15565.55,45534.76,61100.310000000005,340412.7,107958.7,467318.21,275529.93000000005,0.0,13798.94,13798.94,2236860.58,7965.56,2236860.58,0.0,26.4,1096146.09,1233.4036363636365,762229.75,1767507.88,13.0,-132722.45899999997,333916.34,2460.28,371096.17,423817.938,0.0,148078.91,499448.18,517964.55,0.0,31762.22,23796.66,45534.76,469352.7,23796.66,-13772.54,0.0,2460.28,1484730.94,1484730.94,336656.64,RADIO PEPE SA_resum
2022-01-01,414023.0,310028.97000000003,489795.28,96222.04,38980.7,1902166.27,191494.41,72209.54,18371.4,40476.52,58847.92,414755.7,176936.27000000002,487927.51,316744.74,0.0,12824.9,12824.9,2426536.67,7186.429999999999,2426536.67,0.0,144.11,1077292.22,1193.2218181818182,768375.88,1902166.27,13.0,-148777.74000000002,308916.34,2830.04,391705.47,483893.88,0.0,163613.61000000002,414023.0,665136.99,0.0,27795.73,20609.3,40476.52,524370.399,20609.3,-12680.789,0.0,2830.04,1567087.5,1567087.5,375736.77,RADIO PEPE SA_resum
2023-01-01,312022.69,378851.83,443936.97,96222.04,49865.810000000005,1992834.77,152718.91,92889.7,19677.93,54173.11,73851.04,346455.7,60493.57,518115.39,345055.33,0.0,14136.41,14136.41,2581739.19,10075.96,2581739.19,0.0,227.14,1071863.51,1153.04,761794.13,1992834.77,14.0,-169998.05,308916.34,4591.57,421893.35,534731.31,0.0,154091.66,312022.69,685662.4,0.0,40263.84,30187.879,54173.11,588904.419,30187.879,-13909.27,0.0,4591.57,1515800.48,1515800.48,419133.51,RADIO PEPE SA_resum
