Año,Acreedores a L. P.,Acreedores comerciales,Activo circulante,Capital suscrito,Cash flow,Consumo de mercaderías y de materias,Deudas financieras,Deudores,Dotaciones para amortiz. de inmovil.,EBIT,EBITDA,Existencias,Fondo de maniobra,Fondos propios,Gastos de personal,Gastos extraordinarios,Gastos financieros,Gastos financieros y gastos asimilados,Importe neto Cifra de Ventas,Impuestos sobre sociedades,Ingresos de explotación,Ingresos extraordinarios,Ingresos financieros,Inmovilizado,Inmovilizado inmaterial,Inmovilizado material,Materiales,Número empleados,Otros Conceptos de Explotación,Otros activos fijos,Otros activos líquidos,Otros fondos propios,Otros gastos de explotación,Otros pasivos fijos,Otros pasivos líquidos,Pasivo fijo,Pasivo líquido,Provisiones,Result. ordinarios antes Impuestos,Resultado Actividades Ordinarias,Resultado Explotación,Resultado bruto,Resultado del Ejercicio,Resultado financiero,Resultados actividades extraordinarias,Tesorería,Total activo,Total pasivo y capital propio,Valor agregado,Empresa
1999-01-01,0.0,103907.96,107981.27,3005.06,1476.23,1183171.61,0.0,22410.460000000003,240.4,3052.15,3292.55,70909.51,93319.97,3738.15,26408.39,0.0,1769.7,1769.7,638537.74,314.18,638537.74,0.0,267.55,60822.42,721.21,9321.64,602633.02,2.0,-29564.97,60101.21,14661.3,733.09,32400.99,0.0,165065.54,0.0,165065.54,0.0,1550.0,1235.82,3052.15,49319.5,1235.83,-1502.15,0.0,14661.3,168803.69,168803.69,3560.11,RECRIES GIRONINES SL_resum
2000-01-01,11084.53,103907.96,175740.93,3005.06,9731.44,1183171.61,0.0,49985.32,2045.05,14177.7,16222.75,115877.06,165862.37999999998,11424.54,26408.39,0.0,4728.05,4728.05,936426.15,3294.17,936426.15,0.0,1530.9,115002.88,13229.740000000002,9321.64,821589.8600000001,2.0,-29564.97,101773.14,9878.55,8419.48,32400.99,0.0,268234.74,11084.53,268234.74,0.0,10980.56,7686.389,14177.7,49319.5,7686.39,-3197.14,0.0,7829.53,290743.81,290743.81,44162.05,RECRIES GIRONINES SL_resum
2001-01-01,7673.9,103907.96,267988.28900000005,3005.06,8056.469,1183171.61,0.0,108169.78,2568.9700000000003,11725.92,14294.89,75141.06,183310.84,16912.05,36614.94,0.0,5842.29,5842.29,952771.57,2351.78,952771.57,0.0,1955.66,112433.91,10660.76,9321.64,809267.4500000001,2.0,-29564.97,101773.15,84677.449,13906.99,32400.99,0.0,355836.25,7673.9,355836.25,0.0,7839.29,5487.51,11725.92,49319.5,5487.5,-3886.63,0.0,84179.23,380422.2,380422.2,52865.48,RECRIES GIRONINES SL_resum
2002-01-01,4263.26,103907.96,306403.33,3005.06,7339.69,1183171.61,0.0,104423.17,2568.9700000000003,12855.03,15424.0,176646.02,281069.19,21682.77,14283.32,2837.73,4801.72,4801.72,675106.25,2044.59,682573.14,459.22,1140.51,82276.73999999999,8091.79,9321.64,579737.25,1.0,-29564.97,74184.95,25334.14,18677.71,32400.99,0.0,362734.04,4263.26,362734.04,0.0,9193.82,7149.23,12855.03,49319.5,4770.72,-3661.21,-2378.51,25334.14,388680.07,388680.07,28469.32,RECRIES GIRONINES SL_resum
2003-01-01,852.62,103907.96,290705.42000000004,3005.06,6540.07,1183171.61,0.0,619.3199999999999,2328.57,5710.610000000001,8039.18,202673.69,203293.01,25894.27,16608.827777777777,0.0,2437.09,2437.09,712230.5,1804.93,712230.5,2120.27,622.64,7194.41,5763.22,9321.64,619737.1,1.0,-29564.97,1431.189,87412.409,22889.21,32400.99,0.0,271152.94,852.62,271152.94,0.0,3896.16,2091.229,5710.610000000001,49319.5,4211.5,-1814.45,2120.27,87412.40999999999,297899.83,297899.83,10782.09,RECRIES GIRONINES SL_resum
2004-01-01,0.0,103907.96,183181.71,3005.06,8945.97,1183171.61,0.0,8588.723333333333,2328.57,9406.03,11734.6,98784.37,98784.37,32511.67,18934.335555555554,0.0,779.71,779.71,784900.89,2836.03,784900.89,0.0,827.11,4865.84,3434.65,9321.64,702142.0,1.0,-29564.97,1431.1899999999998,84397.34,29506.609,32400.99,0.0,155535.87999999998,0.0,155535.87999999998,0.0,9453.43,6617.4,9406.03,49319.5,6617.4,47.4,0.0,84397.34,188047.55,188047.55,12561.71,RECRIES GIRONINES SL_resum
2005-01-01,14796.09,103907.96,225912.29,3005.06,10139.21,1183171.61,0.0,16558.126666666667,2357.25,11791.63,14148.88,90680.58,90680.58,40293.63,21259.843333333334,1300.1,156.56,156.56,608722.01,3335.12,608722.01,0.0,782.11,17910.93,16479.74,9321.64,573647.9400000001,1.0,-29564.97,1431.189,135231.71000000002,37288.57,32400.99,0.0,188733.5,14796.09,188733.5,0.0,12417.18,9082.06,11791.63,49319.5,7781.96,625.55,-1300.1,133282.32899999997,243823.22,243823.22,13630.89,RECRIES GIRONINES SL_resum
2006-01-01,10417.32,103907.96,282366.55,3005.06,10935.25,1183171.61,0.0,24527.53,2672.3900000000003,11058.12,13730.51,88701.17000000001,113228.7,48556.49,23585.35111111111,0.0,887.93,887.93,1697190.04,3541.23,1697190.04,0.0,1633.9,15238.54,13807.35,9321.64,1644623.51,1.0,-29564.97,1431.1899999999998,169137.84999999998,45551.43,32400.99,0.0,238631.28,10417.32,238631.28,0.0,11804.09,8262.859999999999,11058.12,49319.5,8262.859999999999,745.97,0.0,167940.15,297605.09,297605.09,15364.41,RECRIES GIRONINES SL_resum
2007-01-01,6872.34,103907.96,318295.54,3005.06,13787.369,1183171.61,0.0,19401.95,2672.3900000000003,12681.96,15354.349,136176.24000000002,155578.19,59671.47,25910.858888888888,0.0,488.56,488.56,2699290.33,3705.0,2699290.33,0.0,2626.58,12566.15,11134.96,9321.64,2651944.41,1.0,-29564.97,1431.1899999999998,162717.34999999998,56666.41,32400.99,0.0,264317.88,6872.34,264317.88,0.0,14819.98,11114.98,12681.96,49319.5,11114.98,2138.02,0.0,161694.65,330861.69,330861.69,17980.93,RECRIES GIRONINES SL_resum
2008-01-01,3040.77,103907.96,335208.98000000004,3005.06,12086.75,1183171.61,53156.45,4842.89,2836.02,16918.51,19754.53,191836.18,92771.11,68922.2,28236.36666666667,0.0,6537.55,6537.55,1232491.11,3083.58,1232491.11,0.0,1953.35,10752.83,0.0,9321.64,1183171.61,1.0,-29564.97,1431.1899999999998,138529.91,65917.14,32400.99,0.0,116934.43,3040.77,273998.84,0.0,12334.31,9250.73,16918.51,49319.5,9250.73,-4584.2,0.0,138529.91,345961.81,345961.81,21707.88,RECRIES GIRONINES SL_resum
2009-01-01,0.0,351732.71,738201.6799999999,3005.06,9773.52,643958.21,0.0,134389.34999999998,2836.02,6023.4,8859.42,397400.72,180057.35899999997,75859.7,30561.874444444446,0.0,2166.25,2166.25,683561.71,2312.5,683561.71,0.0,5392.85,7916.81,0.0,6485.620000000001,643958.21,1.0,-30744.08,1431.1899999999998,206411.61,72854.64,33580.1,0.0,318526.08,0.0,670258.7899999999,0.0,9250.0,6937.5,6023.4,39603.5,6937.5,3226.6,0.0,156465.5,746118.49,746118.49,14252.27,RECRIES GIRONINES SL_resum
2010-01-01,0.0,551097.64,870758.02,3005.06,12994.869,1648863.31,0.0,558967.52,2836.02,14968.93,17804.95,242850.72,250720.599,86018.55,32887.38222222222,0.0,1423.8,1423.8,1695289.61,3386.28,1695289.61,0.0,0.0,5080.79,0.0,3649.6,1648863.31,1.0,-28621.35,1431.1899999999998,68939.78,83013.48999999999,31457.37,0.0,238722.62,0.0,789820.26,0.0,13545.13,10158.849,14968.93,46426.3,10158.849,-1423.8,0.0,68939.78,875838.81,875838.81,17804.95,RECRIES GIRONINES SL_resum
2011-01-01,6611.3,389939.3,728618.9600000001,3005.06,8093.360000000001,955645.67,0.0,327691.42000000004,2836.02,13142.06,15978.08,278211.02,215963.139,91275.89,35212.89,0.0,6132.28,6132.28,1040622.73,1752.44,1040622.73,0.0,0.0,9133.75,0.0,7702.56,955645.67,1.0,-33786.09,1431.1899999999998,122716.52,88270.83,71835.0,0.0,249926.22,6611.3,639865.52,0.0,7009.78,5257.34,13142.06,84977.05900000001,5257.34,-6132.28,0.0,122716.52,737752.71,737752.71,51190.969,RECRIES GIRONINES SL_resum
2012-01-01,0.0,167726.88999999998,640156.11,3005.06,7131.809,748355.03,0.0,273376.47000000003,1915.81,7048.78,8964.59,333034.27,438683.85,96491.89,53659.65,0.0,528.7800000000001,528.7800000000001,833317.3200000001,1304.0,833317.3200000001,0.0,0.0,7217.94,0.0,5786.75,748355.03,2.0,-22338.05,1431.1899999999998,33745.37,93486.83,77913.51,0.0,383155.27,0.0,550882.16,0.0,6520.0,5216.0,7048.78,84962.289,5216.0,-528.7800000000001,0.0,33745.37,647374.05,647374.05,62624.24,RECRIES GIRONINES SL_resum
2013-01-01,0.0,112118.35,335705.55,3005.06,6627.539,641873.49,0.0,20127.97,1102.23,7651.58,8753.81,283698.12,191707.739,197029.02,37651.44,0.0,284.5,284.5,712804.58,1841.77,712804.58,0.0,0.0,6115.71,0.0,4684.52,641873.49,1.0,-24525.84,1431.1899999999998,31879.460000000003,194023.96,63279.51,0.0,32673.89,0.0,144792.24000000002,0.0,7367.08,5525.309,7651.58,70931.089,5525.309,-284.5,0.0,31879.460000000003,341821.26,341821.26,46405.25,RECRIES GIRONINES SL_resum
2014-01-01,0.0,112293.06,323125.44,3005.06,6930.04,533042.9,0.0,69334.26,1102.24,8036.94,9139.18,223618.54,180659.74,202856.82,43176.22,0.0,266.55,266.55,612928.41,1942.59,612928.41,0.0,0.0,5013.469999999999,0.0,3582.28,533042.9,2.0,-27570.11,1431.1899999999998,30172.64,199851.76,71848.57,0.0,12989.03,0.0,125282.09,0.0,7770.39,5827.8,8036.94,79885.51,5827.8,-266.55,0.0,30172.64,328138.91000000003,328138.91000000003,52315.4,RECRIES GIRONINES SL_resum
2015-01-01,0.0,171071.78,387111.25,3005.06,9326.81,583471.87,0.0,126420.03,2884.46,8883.12,11767.58,184482.94,139831.18899999998,209299.17,40192.78999999999,0.0,293.32,293.32,666195.98,2147.4500000000003,666195.98,0.0,0.0,5129.01,0.0,3697.82,583471.87,1.0,-30763.74,1431.1899999999998,76208.28,206294.11,73840.98999999999,0.0,11869.31,0.0,182941.09,0.0,8589.8,6442.349,8883.12,82724.10900000001,6442.349,-293.32,0.0,76208.28,392240.26,392240.26,51960.369,RECRIES GIRONINES SL_resum
2016-01-01,0.0,157569.7,443787.38,3005.06,10360.089,678302.08,0.0,159394.6,1622.23,12027.95,13650.18,168158.94,169983.84,218037.03,37790.86,0.0,377.48,377.48,767856.93,2912.61,767856.93,0.0,0.0,5506.78,0.0,4075.59,678302.08,1.0,-38113.810000000005,1431.1899999999998,116233.84,215031.969,77526.9,0.0,73687.43,0.0,231257.13,0.0,11650.47,8737.858999999999,12027.95,89554.85,8737.858999999999,-377.48,0.0,116233.84,449294.16,449294.16,51441.04,RECRIES GIRONINES SL_resum
2017-01-01,0.0,191796.56,417965.58,3005.06,10657.059,735117.7899999999,0.0,130918.32,1035.589,12828.63,13864.219,187578.94,126700.7,227658.5,37750.56,0.0,0.0,284.8525,839553.48,3207.16,839553.48,0.0,0.0,42759.08,0.0,40927.89,735117.7899999999,1.0,-52820.91,1831.19,99468.32,224653.44,91607.059,0.0,41269.6,0.0,233066.16,0.0,12828.63,9621.47,12828.63,104435.689,9621.47,0.0,0.0,96498.32,460724.66,460724.66,51614.778,RECRIES GIRONINES SL_resum
2018-01-01,0.0,137015.62,445702.64,3005.06,15926.849,729147.98,0.0,125500.97,951.63,19966.960000000003,20918.59,157368.94,145854.29,242633.72,37753.04,0.0,0.0,192.22500000000002,849065.3200000001,4991.74,849065.3200000001,0.0,0.0,48416.09,0.0,46584.9,729147.98,1.0,-61245.71,1831.19,162832.73,239628.66,99950.38,0.0,114469.39,0.0,251485.01,0.0,19966.960000000003,14975.22,19966.960000000003,119917.339,14975.22,0.0,0.0,162832.73,494118.73,494118.73,58671.63,RECRIES GIRONINES SL_resum
2019-01-01,0.0,156930.27000000002,512359.95,3005.06,22161.239,903914.75,0.0,312945.16,1782.64,27171.460000000003,28954.1,115248.94,271263.829,263012.32,37750.47,0.0,0.0,99.59750000000003,1034907.18,6792.860000000001,1034907.18,0.0,0.0,45531.95,0.0,44802.26,903914.75,1.0,-64287.86,729.69,84165.85,260007.26,103820.97,0.0,137949.31,0.0,294879.58,0.0,27171.460000000003,20378.6,27171.460000000003,130992.43,20378.6,0.0,0.0,84165.85,557891.9,557891.9,66704.57,RECRIES GIRONINES SL_resum
2020-01-01,0.0,162852.2,414328.88,3005.06,18066.01,805684.16,0.0,255653.59,1702.64,21824.79,23527.43,114248.94,207050.33,279375.69,52418.66,0.0,6.970000000000001,6.970000000000001,938064.25,5454.45,938064.25,0.0,0.0,43829.310000000005,0.0,43099.62,805684.16,2.0,-56434.0,729.69,44426.350000000006,276370.63,110555.3,0.0,15930.3,0.0,178782.5,0.0,21817.82,16363.369,21824.79,132380.08899999998,16363.369,-6.970000000000001,0.0,44426.350000000006,458158.19,458158.19,75946.09,RECRIES GIRONINES SL_resum
2021-01-01,0.0,200342.67,476889.4,3005.06,12788.56,684087.12,0.0,213477.28,1302.65,15520.0,16822.649999999998,215169.98,228304.59,290861.6,52479.59,0.0,205.46,205.46,796513.66,3828.63,796513.66,0.0,0.0,42526.66,0.0,41796.97,684087.12,2.0,-43124.3,729.69,48242.14,287856.54,96906.54,0.0,28211.79,0.0,228554.46,0.0,15314.54,11485.91,15520.0,112426.54,11485.91,-205.46,0.0,48242.14,519416.06,519416.06,69302.23999999999,RECRIES GIRONINES SL_resum
2022-01-01,0.0,118937.36,475495.15,3005.06,13455.999,879665.06,0.0,226841.55,1312.65,16276.77,17589.420000000002,198939.98,306844.17,303004.95,47040.86,0.0,85.64,85.64,996564.18,4047.78,996564.18,0.0,0.0,41214.01,0.0,40484.32,879665.06,2.0,-52268.84,729.69,49713.62,299999.89,100622.349,0.0,94766.85,0.0,213704.21,0.0,16191.13,12143.349,16276.77,116899.12,12143.349,-85.64,0.0,49713.62,516709.16,516709.16,64630.28,RECRIES GIRONINES SL_resum
2023-01-01,0.0,174863.21000000002,541157.89,3005.06,16155.059,988854.41,0.0,222137.3,1062.64,20123.23,21185.87,201315.98,248590.07,318097.67,47879.13,0.0,0.0,85.64,1105526.06,5030.81,1105526.06,0.0,0.0,39421.68,0.0,39421.68,988854.41,2.0,-47606.65,729.69,117704.61,315092.61,96548.42,0.0,87618.69,0.0,262481.9,0.0,20123.23,15092.419,20123.23,116671.65,15092.419,0.0,0.0,117704.61,580579.57,580579.57,69065.0,RECRIES GIRONINES SL_resum
