Año,Acreedores a L. P.,Acreedores comerciales,Activo circulante,Capital suscrito,Cash flow,Consumo de mercaderías y de materias,Deudas financieras,Deudores,Dotaciones para amortiz. de inmovil.,EBIT,EBITDA,Existencias,Fondo de maniobra,Fondos propios,Gastos de personal,Gastos extraordinarios,Gastos financieros,Gastos financieros y gastos asimilados,Importe neto Cifra de Ventas,Impuestos sobre sociedades,Ingresos de explotación,Ingresos extraordinarios,Ingresos financieros,Inmovilizado,Inmovilizado inmaterial,Inmovilizado material,Materiales,Número empleados,Otros Conceptos de Explotación,Otros activos fijos,Otros activos líquidos,Otros fondos propios,Otros gastos de explotación,Otros pasivos fijos,Otros pasivos líquidos,Pasivo fijo,Pasivo líquido,Provisiones,Result. ordinarios antes Impuestos,Resultado Actividades Ordinarias,Resultado Explotación,Resultado bruto,Resultado del Ejercicio,Resultado financiero,Resultados actividades extraordinarias,Tesorería,Total activo,Total pasivo y capital propio,Valor agregado,Empresa
1999-01-01,62918.810000000005,0.0,56008.24,7512.650000000001,36166.310000000005,168492.37999999998,13756.09,3155.4300000000003,17115.51,30492.19,47607.7,39562.73,42718.16,82146.19,158821.84,0.0,4850.77,4850.77,426235.4900000001,7338.57,426235.4900000001,0.0,59.33,133065.37,0.0,104151.09,128970.39,12.0,-96405.25,0.0,13290.079,74633.54,320661.7,0.0,44008.61,62918.810000000005,44008.61,0.0,25700.75,18362.18,30492.19,331663.58900000004,19050.8,-4791.44,0.0,11241.98,189073.61,189073.61,207177.49,RESTAURANT BELL PORT SL_resum
2000-01-01,62918.810000000005,0.0,56008.24,7512.650000000001,36166.310000000005,168492.37999999998,13756.09,3155.4300000000003,17115.51,30492.19,47607.7,39562.73,42718.16,82146.19,158821.84,0.0,4850.77,4850.77,426235.4900000001,7338.57,426235.4900000001,688.62,59.33,133065.37,28914.28,104151.09,128970.39,12.0,-96405.25,0.0,13290.079,74633.54,320661.7,0.0,44008.61,62918.810000000005,44008.61,0.0,25700.75,18362.18,30492.19,331663.58900000004,19050.8,-4791.44,688.62,11241.98,189073.61,189073.61,207177.49,RESTAURANT BELL PORT SL_resum
2001-01-01,67706.69,0.0,54669.87,7512.650000000001,36087.73,168492.37999999998,13756.09,1289.01,21617.83,25044.42,46662.25,35942.32,37231.33,96616.08,187401.71,220.85,5332.31,5332.31,442546.71,6981.929999999999,442546.71,1944.94,15.63,162627.26,25022.19,137446.58,126744.59,13.0,-96405.25,158.49,17438.54,89103.43,320661.7,0.0,52974.36,67706.69,52974.36,0.0,19727.74,12745.81,25044.42,331663.58900000004,14469.9,-5316.68,1724.09,16303.07,217297.13,217297.13,235803.68,RESTAURANT BELL PORT SL_resum
2002-01-01,39771.4,0.0,45194.82,7512.650000000001,34670.28,168492.37999999998,13756.09,526.8599999999999,23712.33,18820.19,42532.52,24616.62,25143.480000000003,107574.05,237069.79,0.0,3820.56,3820.56,504245.62,4700.59,504245.62,597.1800000000001,61.73,158146.53,34886.01,123102.03,139727.93,14.0,-96405.25,158.489,20051.34,100061.4,320661.7,0.0,55995.9,39771.4,55995.9,0.0,15061.36,10360.77,18820.19,331663.58900000004,10957.95,-3758.83,597.1800000000001,18884.53,203341.35,203341.35,280261.22000000003,RESTAURANT BELL PORT SL_resum
2003-01-01,14085.62,0.0,36678.18,7512.650000000001,43525.05,168492.37999999998,13756.09,340.35,30144.23,20354.24,50498.47,27880.22,28220.57,120954.87,248264.95,0.0,1778.82,1778.82,528836.26,5235.5,528836.26,0.0,40.9,140543.97999999998,22710.08,110675.41,149544.96,14.0,-96405.25,7158.49,8457.609,113442.22,320661.7,0.0,42181.67,14085.62,42181.67,0.0,18616.32,13380.82,20354.24,331663.58900000004,13380.82,-1737.92,0.0,8189.51,177222.16,177222.16,298804.32,RESTAURANT BELL PORT SL_resum
2004-01-01,3235.3300000000004,0.0,47804.1,7512.650000000001,51717.33,168492.37999999998,13756.09,532.11,41109.0,15121.54,56230.54,26044.57,26576.68,131563.2,206347.53,0.0,733.69,733.69,496972.01,4260.73,496972.01,409.26,71.95,106987.16,16990.09,82838.58,144822.22,14.0,-96405.25,7158.49,21227.42,124050.55,320661.7,0.0,19992.73,3235.3300000000004,19992.73,0.0,14459.8,10199.07,15121.54,331663.58900000004,10608.33,-661.74,409.26,21162.52,154791.26,154791.26,263059.27900000004,RESTAURANT BELL PORT SL_resum
2005-01-01,2881.68,0.0,71040.15900000001,7512.650000000001,41697.55,168492.37999999998,13756.09,465.71,29611.05,17383.21,46994.259,24748.87,25214.579,143649.7,182202.53,0.0,259.54,259.54,464275.07,5544.92,464275.07,489.67,18.08,94678.64,4225.9,83294.25,145020.31,6.0,-96405.25,7158.49,45825.579,136137.05,320661.7,0.0,19187.42,2881.68,19187.42,0.0,17141.75,11596.83,17383.21,331663.58900000004,12086.5,-241.46,489.67,45656.82,165718.8,165718.8,229704.54,RESTAURANT BELL PORT SL_resum
2006-01-01,25184.78,0.0,95546.359,7512.650000000001,46060.8,168492.37999999998,13756.09,2369.49,32967.18,16153.69,49120.87,32851.97,35221.46,156743.31999999998,185886.68,0.0,963.21,963.21,497677.88,5611.55,497677.88,2781.3300000000004,733.3599999999999,108610.95,28593.52,64734.93,155059.04,8.0,-96405.25,15282.499,60324.899,149230.67,320661.7,0.0,22229.21,25184.78,22229.21,0.0,15923.84,10312.29,16153.69,331663.58900000004,13093.62,-229.85,2781.3300000000004,56196.04,204157.31,204157.31,238522.24,RESTAURANT BELL PORT SL_resum
2007-01-01,26067.480000000003,0.0,123188.81,7512.650000000001,51715.149,168492.37999999998,13756.09,32043.55,36448.67,19921.24,56369.91,33648.57,65692.119,172009.8,196063.18,0.0,1461.73,1461.73,519615.0,5088.820000000001,519615.0,854.9499999999999,1040.839,95808.44,30841.32,49684.62,164490.96,6.0,-96405.25,15282.5,57496.689,164497.15,320661.7,0.0,20919.97,26067.480000000003,20919.97,0.0,19500.35,14411.529,19921.24,331663.58900000004,15266.48,-420.89,854.9499999999999,53755.91,218997.25,218997.25,254328.879,RESTAURANT BELL PORT SL_resum
2008-01-01,63410.47,1207.06,129103.21,7512.650000000001,37658.8,168492.37999999998,13756.09,2416.9,32192.68,11001.89,43194.57,46921.17,48131.01,177475.91999999998,192063.77,0.0,4230.42,4230.42,500155.97,1822.04,500155.97,0.0,516.69,127386.4,0.0,112103.9,168492.37999999998,9.0,-96405.25,15282.5,79765.14,169963.27000000002,320661.7,0.0,640.07,63410.47,15603.22,0.0,7288.160000000001,5466.120000000001,11001.89,331663.58900000004,5466.120000000001,-3713.73,0.0,79765.14,256489.61,256489.61,235775.03,RESTAURANT BELL PORT SL_resum
2009-01-01,52203.28999999999,0.0,132363.18,7512.650000000001,24354.68,144985.37,16717.0,1222.57,22941.0,5144.54,28085.54,37275.77,38498.34,178889.6,178422.66,0.0,3333.42,3333.42,438212.0,471.23,438212.0,0.0,73.79,122395.56,0.0,107113.06,144985.37,9.0,-86718.43,15282.5,93864.84,171376.949,288082.09,0.0,6948.85,52203.28999999999,23665.85,0.0,1884.91,1413.6799999999998,5144.54,293226.63,1413.6799999999998,-3259.63,0.0,93864.84,254758.74,254758.74,206581.99,RESTAURANT BELL PORT SL_resum
2010-01-01,35460.33,0.0,112622.82,7512.650000000001,27188.82,163130.41,16691.329999999998,17.41,21611.47,10023.42,31634.89,40266.14,40283.55,184466.95,181177.75,0.0,2591.22,2591.22,468034.92,1859.12,468034.92,0.0,4.2700000000000005,133877.14,0.0,95362.82,163130.41,8.0,-92091.87,38514.32,72339.27,176954.3,294881.08900000004,0.0,9881.35,35460.33,26572.68,0.0,7436.469999999999,5577.35,10023.42,304904.51,5577.35,-2586.9500000000003,0.0,72339.27,246499.96,246499.96,212816.91,RESTAURANT BELL PORT SL_resum
2011-01-01,32487.03,20.49,76468.69,7512.650000000001,17424.1,159318.97999999998,28351.18,205.91,15779.86,4753.5,20533.36,32556.42,32741.839,186111.19,195932.16,0.0,2562.2,2562.2,476254.02,548.08,477034.02,0.0,1.02,176118.87999999998,0.0,111697.64,159318.97999999998,8.0,-101249.52,64421.24,43706.36,178598.539,312961.54,0.0,5617.68,32487.03,33989.350000000006,0.0,2192.32,1644.24,4753.5,317715.04,1644.24,-2561.18,0.0,43706.36,252587.57,252587.57,216466.54,RESTAURANT BELL PORT SL_resum
2012-01-01,16711.687,0.0,83699.36,7512.650000000001,6513.519,166767.4,70248.36,771.71,13848.65,-5600.37,8248.279,39223.77,39995.479,178776.06,205013.81,0.0,4184.31,4184.31,485396.02,-2445.04,485396.02,0.0,4.51,190491.02,0.0,110954.0,166767.4,7.0,-105366.53,79537.019,43703.880000000005,171263.41,324228.99000000005,0.0,8454.27,16711.687,78702.63,0.0,-9780.17,-7335.13,-5600.37,318628.62,-7335.13,-4179.8,0.0,43703.880000000005,274190.38,274190.38,213266.599,RESTAURANT BELL PORT SL_resum
2013-01-01,81145.56,7.77,73761.92,7512.650000000001,25932.62,207319.38,33648.149,749.618,14533.4,20057.83,34591.23,29928.47,29920.7,190175.28,192680.58,0.0,4858.87,4858.87,547275.7799999999,3799.74,547275.7799999999,0.0,0.0,240165.17,0.0,99598.67,207319.38,8.0,-112684.59,140566.5,43833.45,182662.63,319898.57,0.0,8950.33,81145.56,42606.25,0.0,15198.96,11399.22,20057.83,339956.4,11399.22,-4858.87,0.0,43833.45,313927.09,313927.09,227271.809,RESTAURANT BELL PORT SL_resum
2014-01-01,150000.0,2405.67,97986.53,7512.650000000001,19849.29,196809.01,13700.029,727.5260000000001,13770.68,14270.81,28041.489,34000.619999999995,31594.95,196253.89,189155.1,0.0,6165.99,6165.99,522024.74,2026.21,522024.74,0.0,0.0,271838.38,0.0,87375.98999999999,196809.01,7.0,-108019.14,184462.39,63985.91,188741.24,310944.92000000004,0.0,7465.320000000001,150000.0,23571.02,0.0,8104.820000000001,6078.610000000001,14270.81,325215.73000000004,6078.610000000001,-6165.99,0.0,63985.91,369824.91,369824.91,217196.59,RESTAURANT BELL PORT SL_resum
2015-01-01,342288.38,0.0,121812.32,7512.650000000001,21009.03,233898.58,47731.1,705.434,12738.43,20282.45,33020.880000000005,39622.15,39622.15,204524.49,189634.06,0.0,9254.98,9254.98,571092.53,2756.8700000000003,571092.53,0.0,0.0,480634.46,0.0,76692.19,233898.58,7.0,-114539.01,403942.27,82190.17000000001,197011.84,316911.5,0.0,7902.81,342288.38,55633.91,0.0,11027.47,8270.599,20282.45,337193.95,8270.599,-9254.98,0.0,82190.17000000001,602446.7799999999,602446.7799999999,222654.94,RESTAURANT BELL PORT SL_resum
2016-01-01,333876.79000000004,1017.55,84281.8,7512.650000000001,15266.55,259628.59,53774.18,683.342,9127.46,24898.57,34026.03,45818.67,44801.119,210663.58,183110.96,0.0,16988.8,16988.8,570865.16,1770.6799999999998,570865.16,0.0,0.0,520166.46,0.0,76420.70999999999,259628.59,8.0,-94099.58,443745.75,38463.13,203150.93,286338.0,248.12,4868.04,334124.91000000003,59659.77,0.0,7909.769999999999,6139.09,24898.57,311236.57,6139.09,-16988.8,0.0,38463.13,604448.26,604448.26,217136.989,RESTAURANT BELL PORT SL_resum
2017-01-01,345632.69,32948.059,87235.61,7512.650000000001,12701.56,266227.27,51616.84,661.25,8208.51,21965.23,30173.739,52059.87,19773.061,215156.63,196654.67,0.0,15974.49,15974.49,582656.2699999999,1497.6899999999998,582656.2699999999,0.0,0.0,564228.43,0.0,69524.7,266227.27,7.0,-89600.59,494703.73,34514.49,207643.979,294463.77,248.12,5861.7,345880.81,90426.6,0.0,5990.74,4493.049,21965.23,316429.0,4493.049,-15974.49,0.0,34514.49,651464.04,651464.04,226828.41,RESTAURANT BELL PORT SL_resum
2018-01-01,277987.67,31374.69,60463.61,7512.650000000001,16719.418999999998,255203.84,62124.8,1193.6333333333332,9738.2,16662.89,26401.09,51220.42,19845.73,222137.85,198352.05,0.0,7374.59,7374.59,578857.41,2327.08,578857.41,0.0,20.0,535046.0,0.0,64186.5,255203.84,7.0,-98900.43,470859.5,9243.19,214625.2,306990.68,248.12,1636.48,278235.79000000004,95135.97,0.0,9308.3,6981.219,16662.89,323653.57,6981.219,-7354.59,0.0,9243.19,595509.61,595509.61,224773.139,RESTAURANT BELL PORT SL_resum
2019-01-01,284969.3,59693.08,85507.52,7512.650000000001,14389.4,265059.75,52546.02,1726.0166666666667,6545.75,34270.380000000005,40816.13,60335.77,642.6890000000001,229981.5,215529.86,0.0,23812.18,23812.18,648931.14,2614.55,648931.14,0.0,0.0,561713.64,0.0,67733.6,265059.75,8.0,-127525.4,493980.04,25171.75,222468.85,349601.01,248.12,19783.14,285217.42000000004,132022.239,0.0,10458.2,7843.650000000001,34270.380000000005,383871.39,7843.650000000001,-23812.18,0.0,15337.2,647221.16,647221.16,256345.99,RESTAURANT BELL PORT SL_resum
2020-01-01,483728.15,2354.86,86378.9,7512.650000000001,-26513.719,175715.01,86452.86,2258.4,7633.45,-36346.68,-28713.23,49525.310000000005,49428.850000000006,195834.33,154974.31,0.0,9182.88,9182.88,378631.02,-11382.39,378631.02,0.0,0.0,683106.66,0.0,71565.78,175715.01,9.0,-76654.93,611540.88,34595.189999999995,188321.68,239262.69,248.12,867.24,483976.27,89674.95999999999,0.0,-45529.56,-34147.17,-36346.68,202916.01,-34147.17,-9182.88,0.0,34595.189999999995,769485.56,769485.56,126261.08,RESTAURANT BELL PORT SL_resum
2021-01-01,490279.26,444.49,131613.43,7512.650000000001,19503.32,297264.28,96814.22,7170.95,8653.6,49360.14,58013.74,91540.36,98266.819,206684.05,218857.09,0.0,34896.840000000004,34896.840000000004,628013.56,3616.58,659137.71,0.0,3.0,672568.15,0.0,64643.850000000006,297264.28,9.0,-85002.6,607924.3,32902.119999999995,199171.4,312513.29000000004,248.12,9711.44,490527.38,106970.15,0.0,14466.3,10849.72,49360.14,361873.43000000005,10849.72,-34893.840000000004,0.0,32902.119999999995,804181.58,804181.58,276873.829,RESTAURANT BELL PORT SL_resum
2022-01-01,387755.35,43867.42,141013.28,7512.650000000001,16283.0,317778.0,91765.74,470.62,9838.53,29558.77,39397.3,96412.14,53015.34,213128.52,247663.79,0.0,20966.14,20966.14,722253.03,2148.16,722253.03,0.0,0.0,639832.42,0.0,66908.119,317778.0,9.0,-117413.94,572924.3,44130.52,205615.87,374916.26,248.12,44080.55,388003.47,179713.71000000002,0.0,8592.630000000001,6444.469,29558.77,404475.03,6444.469,-20966.14,0.0,2150.9700000000003,780845.7,780845.7,287061.09,RESTAURANT BELL PORT SL_resum
2023-01-01,344678.86,46301.25,87325.79,7512.650000000001,30530.159,340484.53,90819.69,773.3399999999999,9574.51,42856.350000000006,52430.86,59873.39,14345.479,234084.17,215692.88,0.0,14915.48,14915.48,718373.65,6985.22,718373.65,0.0,0.0,669280.2799999999,0.0,99313.16,340484.53,8.0,-109765.38,569967.12,26679.06,226571.52,335032.77,248.12,40473.98,344926.98000000004,177594.91999999998,0.0,27940.87,20955.649,42856.350000000006,377889.12,20955.649,-14915.48,0.0,26679.06,756606.07,756606.07,268123.74,RESTAURANT BELL PORT SL_resum
