Año,Acreedores a L. P.,Acreedores comerciales,Activo circulante,Capital suscrito,Cash flow,Consumo de mercaderías y de materias,Deudas financieras,Deudores,Dotaciones para amortiz. de inmovil.,EBIT,EBITDA,Existencias,Fondo de maniobra,Fondos propios,Gastos de personal,Gastos extraordinarios,Gastos financieros,Gastos financieros y gastos asimilados,Importe neto Cifra de Ventas,Impuestos sobre sociedades,Ingresos de explotación,Ingresos extraordinarios,Ingresos financieros,Inmovilizado,Inmovilizado inmaterial,Inmovilizado material,Materiales,Número empleados,Otros Conceptos de Explotación,Otros activos fijos,Otros activos líquidos,Otros fondos propios,Otros gastos de explotación,Otros pasivos fijos,Otros pasivos líquidos,Pasivo fijo,Pasivo líquido,Provisiones,Result. ordinarios antes Impuestos,Resultado Actividades Ordinarias,Resultado Explotación,Resultado bruto,Resultado del Ejercicio,Resultado financiero,Resultados actividades extraordinarias,Tesorería,Total activo,Total pasivo y capital propio,Valor agregado,Empresa
1999-01-01,195001.29,4000.23,156234.37,66111.33,19920.18,0.0,79621.22,44690.61,15718.11,16304.92,32023.03,89080.17000000001,133770.78,97790.62,156852.99,1245.27,15287.2,15287.2,492055.08,2262.65,569337.89,6663.929999999999,28.34,210010.4,3301.79,139527.97999999998,336848.02,8.0,-46477.310000000005,67180.62900000002,22463.59,31679.289,111423.43,1254.59,73452.86,195001.29,73452.86,0.0,1046.06,-1216.59,16304.92,126449.419,4202.07,-15258.86,5418.660000000001,22451.6,366244.77,366244.77,194323.02,RIAUTO SA_resum
2000-01-01,183693.39,4000.23,210469.11,66111.33,12754.31,0.0,79621.22,83198.45,15267.08,5502.81,20769.89,93118.54,176316.99,95277.85,166084.03,348.97,16366.93,16366.93,522579.9,-1138.5,578446.2899999999,7527.969999999999,33.86,209785.88,2301.3900000000003,140303.84999999998,344730.52,8.0,-46477.310000000005,67180.63900000001,34152.119,29166.52,111423.43,1254.59,141283.75,183693.39,141283.75,0.0,-10830.27,-9691.77,5502.81,126449.419,-2512.77,-16333.07,7179.0,34152.119999999995,420254.9900000001,420254.9900000001,194066.77,RIAUTO SA_resum
2001-01-01,173384.8,4000.23,197838.52,66110.0,12522.2,0.0,79621.22,81655.63,16113.15,9629.13,25742.28,96662.35,178317.97999999998,91686.9,163571.72,591.5,21136.3,21136.3,562534.1699999999,-1600.58,627155.7,6871.63,35.51,174249.4,1300.99,129808.25,394280.79,6.0,-46477.310000000005,43140.16,19520.539,25576.899,111423.43,1254.59,107016.22,173384.8,107016.22,0.0,-11471.66,-9871.08,9629.13,126449.419,-3590.9500000000003,-21100.8,6280.13,19520.54,372087.92,372087.92,195629.639,RIAUTO SA_resum
2002-01-01,162364.71000000002,4000.23,259400.27,66110.0,17568.460000000003,0.0,79621.22,114132.96,14327.68,15718.62,30046.3,122223.75,236356.71,94927.68,146095.13,16.959999999999997,17437.71,17437.68,525908.9,1783.56,584193.06,6281.51,478.88,181041.65,300.55,137600.94,361384.71,7.0,-46477.310000000005,43140.16,23043.559,28817.679,111423.43,1254.59,183149.53,162364.71000000002,183149.53,0.0,-1240.21,-3023.77,15718.62,126449.419,3240.78,-16958.829999999998,6264.55,23043.56,440441.92,440441.92,182884.83,RIAUTO SA_resum
2003-01-01,163224.44,4000.23,278398.64,66110.0,13905.82,0.0,79621.22,73704.18000000001,13311.26,12781.32,26092.58,183343.94,257048.12,95522.24,175273.72,193.56,18615.37,18615.37,681341.06,334.16,743407.66,6942.219,14.11,161496.02,15246.01,103109.85,489857.51,6.0,-46477.310000000005,43140.159,21350.52,29412.24,111423.43,1254.59,181147.98,163224.44,181147.98,0.0,-5819.94,-6154.099,12781.32,126449.419,594.56,-18601.26,6748.659000000001,19477.76,439894.66,439894.66,208129.07,RIAUTO SA_resum
2004-01-01,159370.5,4000.23,321578.67,66110.0,12356.26,0.0,79621.22,108345.56,13291.89,15519.75,28811.64,182344.99,290690.55,94586.61,193519.92,267.07,16641.93,16641.93,919024.42,-400.99,971031.84,41.42,11.21,150405.66,13682.29,93583.21,683645.1799999999,7.0,-46477.310000000005,43140.159,30888.12,28476.61,111423.43,1254.59,218027.22,159370.5,218027.22,0.0,-1110.97,-709.98,15519.75,126449.419,-935.63,-16630.72,-225.649,29598.59,471984.33,471984.33,222117.12,RIAUTO SA_resum
2005-01-01,142105.69,4000.23,379480.03,66110.0,23582.879,0.0,79621.22,167454.72,14449.38,30486.88,44936.26,184292.31,351747.03,103720.11,205823.52,139.17,16328.92,16328.92,630088.4600000001,4973.29,698777.8600000001,84.92,3.08,150528.61000000002,18815.5,88572.95,386639.18,8.0,-46477.310000000005,43140.159,27733.0,37610.11,111423.43,1254.59,284182.84,142105.69,284182.84,0.0,14161.04,9187.75,30486.88,126449.419,9133.5,-16325.84,-54.249,26746.55,530008.64,530008.64,250708.61,RIAUTO SA_resum
2006-01-01,118656.08,4000.23,284477.39900000003,66110.0,16203.93,0.0,79621.22,93792.26,12417.48,21434.63,33852.11,166029.99,259822.25,107506.56,203175.18,60.08,16223.75,16215.19,743361.8300000001,1895.13,826012.6,482.16,48.620000000000005,160150.02,16527.82,100482.04,520659.07,7.0,-46477.310000000005,43140.159,24655.149,41396.56,111423.43,1254.59,218464.78,118656.08,218464.78,0.0,5259.5,3364.3700000000003,21434.63,126449.419,3786.45,-16175.13,422.08,24216.04,444627.42,444627.42,237489.43,RIAUTO SA_resum
2007-01-01,102486.04,4000.23,220578.6,66110.0,40673.2,0.0,79621.22,92162.93,13121.34,13690.17,26811.51,105645.23,197808.159,135058.41999999998,61779.42,27.23,16625.668999999998,16625.668999999998,355101.42000000004,9551.52,479472.67,35170.840000000004,4895.27,150074.05,14240.14,89093.75,326746.45,1.0,-46477.310000000005,46740.159,22770.44,68948.42,111423.43,1254.59,133108.19,102486.04,133108.19,0.0,1959.77,-7591.75,13690.17,126449.419,27551.86,-11730.4,35143.61,22604.79,370652.65,370652.65,128629.809,RIAUTO SA_resum
2008-01-01,83990.25,4000.23,209828.9,66110.0,15918.28,203223.68,79621.22,70513.03,12969.02,15025.99,27995.01,119659.01,186171.809,138007.68,51977.1,0.0,14048.68,14048.68,229993.98,115.7,329673.1,0.0,2087.65,140816.09,19449.962,97168.17,203223.68,1.0,-46477.310000000005,43647.92,19656.86,71897.68000000001,111423.43,1254.59,43771.02,85244.84,127392.47,0.0,3064.96,2949.26,15025.99,126449.419,2949.26,-11961.03,0.0,19656.86,350644.99000000005,350644.99000000005,82059.76,RIAUTO SA_resum
2009-01-01,65163.17,7600.21,197501.7,66110.0,10967.68,189546.22,76644.52,72128.1,12290.72,8612.06,20902.78,92768.03,157295.91999999998,136684.64,67187.98999999999,0.0,11959.13,11959.13,224627.49,-441.01,316508.75,0.0,1583.02,129907.15,24659.784,85807.78,189546.22,1.0,-38871.759,44099.37,32605.57,70574.64,118350.47,1254.59,40061.72,66417.759,124306.45,0.0,-1764.05,-1323.04,8612.06,126962.53,-1323.04,-10376.109,0.0,32605.57,327408.85,327408.85,89673.79,RIAUTO SA_resum
2010-01-01,47062.06,31122.38,182412.13,66110.0,8394.8,328614.13,79435.72,62430.49,12276.12,1045.47,13321.59,101709.67,133017.78,132803.31999999998,89240.75,0.0,7156.13,7156.13,381915.95,-1293.77,472504.91,0.0,935.57,119995.11,29869.606,74591.43999999999,328614.13,2.0,-41328.44,45403.67,18271.97,66693.319,142845.31,1254.59,10729.17,48316.65,121287.27,0.0,-5175.09,-3881.32,1045.47,143890.78,-3881.32,-6220.56,0.0,18271.97,302407.24,302407.24,103497.91,RIAUTO SA_resum
2011-01-01,171769.04,5472.35,227925.33,66110.0,-6390.57,378777.85,45605.54,45225.380000000005,12328.91,-12973.88,-644.9689999999999,87966.64,127719.669,114083.84,79542.07,0.0,12342.54,12342.54,427314.86,-6239.83,496923.949,0.0,357.11,114411.23,35079.428,62777.23,378777.85,2.0,-39249.0,51634.0,94733.31,47973.84,131119.97999999998,1239.78,49771.55,173008.81999999998,55243.9,0.0,-24959.31,-18719.480000000003,-12973.88,118146.099,-18719.480000000003,-11985.43,0.0,61787.6,342336.56,342336.56,79254.209,RIAUTO SA_resum
2012-01-01,180776.01,12461.51,220749.16,66110.0,4062.54,210406.68,11775.36,31595.44,8805.31,8702.97,17508.280000000002,133087.87,152221.8,109341.07,65077.33,0.0,15028.13,15028.13,261078.46,-1580.92,334215.6,0.0,1.47,151321.6,40289.25,58340.7,210406.68,2.0,-41223.310000000005,52691.649,56065.850000000006,43231.069,115105.95,700.4399999999999,57016.37,181476.45,81253.23999999999,0.0,-6323.6900000000005,-4742.769,8702.97,123808.919,-4742.769,-15026.66,0.0,56065.850000000006,372070.76,372070.76,82587.08,RIAUTO SA_resum
2013-01-01,175102.71000000002,2354.1,171577.44999999998,66110.0,1156.09,199188.43,15757.39,43922.71,8549.66,394.31,8943.97,103482.29,145050.9,101947.5,52362.24,0.0,10253.67,10253.67,230777.7,-2464.52,298929.97000000003,0.0,1.27,149474.44,40289.25,50991.14,199188.43,2.0,-38435.33,58194.05,24172.45,35837.499,99347.23,226.26,25663.93,175328.97,43775.42,0.0,-9858.09,-7393.57,394.31,99741.54,-7393.57,-10252.4,0.0,24172.45,321051.89,321051.89,61307.479,RIAUTO SA_resum
2014-01-01,165772.87999999998,1550.65,163109.28,66110.0,260.809,84840.06,24057.09,68320.76,7072.34,1223.33,8295.67,64478.71,131248.81999999998,95135.97,40270.89,0.0,10315.17,10315.17,113010.87,-2270.51,163600.639,0.0,9.8,140671.61000000002,40289.25,43918.8,84840.06,1.0,-30194.02,56463.56,30309.81,29025.969,77537.249,45.260000000000005,17219.04,165818.14,42826.78,0.0,-9082.04,-6811.53,1223.33,78760.57900000001,-6811.53,-10305.37,0.0,30309.81,303780.89,303780.89,48576.36,RIAUTO SA_resum
2015-01-01,147825.21000000002,2168.12,118783.91,66110.0,-6931.409,45928.25,19037.85,66702.20999999999,6314.51,-9295.86,-2981.3500000000004,48801.39,113335.48,81890.05,18888.87,0.0,8366.84,8366.84,35454.7,-4415.31,81277.489,0.0,1.47,145859.77000000002,40289.25,44730.87,45928.25,1.0,-19441.72,60839.65,3280.3100000000004,15780.049,44645.1,0.0,13722.45,147825.21000000002,34928.42,0.0,-17661.23,-13245.919,-9295.86,35349.238999999994,-13245.919,-8365.369999999999,0.0,3280.3100000000004,264643.68,264643.68,15908.99,RIAUTO SA_resum
2016-01-01,126870.55,460.19,120472.11,66110.0,9310.72,3802.79,19876.51,70491.18000000001,5844.1900000000005,10118.07,15962.259,47735.78999999999,117766.78,85356.58,9600.06,0.0,5496.03,5496.03,4717.150000000001,1155.51,39709.49,0.0,0.0,140938.02,40289.25,41613.56,3802.79,1.0,-10344.38,59035.21,2245.14,19246.579,25788.629,0.0,28846.3,126870.55,49183.0,0.0,4622.04,3466.529,10118.07,35906.7,3466.529,-5496.03,0.0,2245.14,261410.13,261410.13,25562.319,RIAUTO SA_resum
2017-01-01,106554.42,706.05,107055.87,66110.0,5738.320000000001,19729.11,20476.99,75223.43,3281.98,7728.26,11010.240000000002,28006.68,102524.059,87812.92,9600.06,0.0,4461.08,4461.08,5500.0,818.7800000000001,37391.08,0.0,7.94,131524.18,40289.25,41827.5,19729.11,1.0,-6651.73,49407.43,3825.76,21702.919,9933.71,0.0,23029.67,106554.42,44212.71,0.0,3275.12,2456.34,7728.26,17661.97,2456.34,-4453.14,0.0,3825.76,238580.05,238580.05,11018.18,RIAUTO SA_resum
2018-01-01,83774.83,580.4,105851.14,66110.0,13070.49,0.0,21823.29,69238.43,2490.74,20779.59,23270.33,28006.68,96664.709,98392.67,9600.06,0.0,6676.33,6676.33,4266.666666666667,3526.58,30952.57,0.0,3.07,125231.64,40289.25,39336.76,15288.3,1.0,-7682.24,45605.63,8606.03,32282.669,10172.98,0.0,26511.59,83774.83,48915.28,0.0,14106.33,10579.75,20779.59,30952.57,10579.75,-6673.26,0.0,8606.03,231082.78,231082.78,23273.4,RIAUTO SA_resum
2019-01-01,61212.1,476.24,106674.38,66110.0,16287.43,0.0,22545.460000000003,69238.43,1978.63,21739.89,23718.52,28006.68,96768.869,112701.47,9600.06,0.0,3015.7,3015.7,3033.3333333333335,4416.94,31180.18,0.0,1.55,118836.07,40289.25,37358.13,10847.49,1.0,-7461.660000000001,41188.69,9429.27,46591.469,9440.29,0.0,28575.18,61212.1,51596.880000000005,0.0,18725.74,14308.8,21739.89,31180.18,14308.8,-3014.149,0.0,9429.27,225510.45,225510.45,23720.07,RIAUTO SA_resum
2020-01-01,46156.66,357.11,92903.59,66110.0,8952.8,6406.68,20347.21,69066.7,2693.32,10969.61,13662.93,21600.0,90309.59,118960.95,9600.06,0.0,2623.63,2623.63,1800.0,2086.5,27652.94,0.0,0.0,122556.25,40289.25,46164.810000000005,6406.68,1.0,-7583.33,36102.19,2236.8900000000003,52850.95,10276.65,0.0,29637.91,46156.66,50342.23,0.0,8345.98,6259.48,10969.61,21246.26,6259.48,-2623.63,0.0,2236.8900000000003,215459.84,215459.84,13662.93,RIAUTO SA_resum
2021-01-01,26844.74,272.41,103001.03,66110.0,15636.33,0.0,19309.58,62822.28,3641.58,17694.34,21335.92,21600.0,84149.87000000001,130955.7,9600.06,0.0,1909.99,1909.99,3200.0,3789.6,26900.0,0.0,0.0,115125.07,40289.25,42523.23,11471.119999999999,1.0,-5564.08,32312.59,18578.75,64845.7,9205.66,0.0,40743.67,26844.74,60325.66,0.0,15784.35,11994.75,17694.34,26900.0,11994.75,-1909.99,0.0,18578.75,218126.1,218126.1,21335.92,RIAUTO SA_resum
2022-01-01,8504.44,1616.86,90144.2,66110.0,13440.19,0.0,16893.5,60800.26,3418.3100000000004,14230.92,17649.23,21600.0,80783.4,140977.58,9600.06,0.0,1268.25,1268.25,4600.0,2940.79,26400.0,0.0,0.0,108547.71,40289.25,39104.92,16535.559999999998,1.0,-8750.77,29153.54,7743.94,74867.58,12169.079,0.0,30699.53,8504.44,49209.89,0.0,12962.67,10021.88,14230.92,26400.0,10021.88,-1268.25,0.0,7743.94,198691.91,198691.91,17649.23,RIAUTO SA_resum
2023-01-01,25846.38,1616.86,67184.31,66110.0,4008.959,21600.0,3118.5,62256.33,3956.47,1046.77,5003.24,21600.0,62256.33,141030.07,9600.06,0.0,979.04,979.04,6000.0,15.239999999999998,32400.0,0.0,0.0,134814.84,40289.25,65447.44,21600.0,1.0,-5796.76,29078.15,4927.98,74920.07,9753.23,0.0,32004.199,25846.38,35122.7,0.0,67.73,52.49,1046.77,10800.0,52.49,-979.04,0.0,4927.98,201999.15,201999.15,5003.24,RIAUTO SA_resum
