Año,Acreedores a L. P.,Acreedores comerciales,Activo circulante,Capital suscrito,Cash flow,Consumo de mercaderías y de materias,Deudas financieras,Deudores,Dotaciones para amortiz. de inmovil.,EBIT,EBITDA,Existencias,Fondo de maniobra,Fondos propios,Gastos de personal,Gastos extraordinarios,Gastos financieros,Gastos financieros y gastos asimilados,Importe neto Cifra de Ventas,Impuestos sobre sociedades,Ingresos de explotación,Ingresos extraordinarios,Ingresos financieros,Inmovilizado,Inmovilizado inmaterial,Inmovilizado material,Materiales,Número empleados,Otros Conceptos de Explotación,Otros activos fijos,Otros activos líquidos,Otros fondos propios,Otros gastos de explotación,Otros pasivos fijos,Otros pasivos líquidos,Pasivo fijo,Pasivo líquido,Provisiones,Result. ordinarios antes Impuestos,Resultado Actividades Ordinarias,Resultado Explotación,Resultado bruto,Resultado del Ejercicio,Resultado financiero,Resultados actividades extraordinarias,Tesorería,Total activo,Total pasivo y capital propio,Valor agregado,Empresa
1999-01-01,29820.56,83519.01,452633.91,198333.99,68324.69,320871.12,138035.84999999998,168249.38999999998,43888.99,29504.14,73393.13,216359.61,384609.0,425507.48,139313.88999999998,0.0,16017.69,15614.5,897897.9400000001,9275.52,907648.149,19091.34,1133.42,278559.67,24376.86,254182.81,602647.21,8.0,-70327.89,0.0,68024.909,227173.49,233642.85,4760.29,275865.55,29820.56,275865.55,0.0,14619.87,5344.35,29504.14,259096.1,24435.7,-14884.27,19091.34,66213.67900000002,731193.59,731193.59,232528.6,SANTAMARIA TORNERIA SL_resum
2000-01-01,31997.84,83519.01,531661.7899999999,198333.99,78922.86,320871.12,138035.84999999998,177085.51,50987.69,55520.06,106507.75,311299.33,488384.84,453442.66,144718.53,0.0,16535.71,16487.829999999998,969635.46,11972.22,979371.86,0.0,923.05,290643.65,44907.68,245735.97,639100.11,8.0,-70327.89,0.0,43276.95,255108.669,233642.85,4760.29,336864.95,31997.84,336864.95,0.0,39907.39,27935.17,55520.06,259096.1,27935.17,-15612.67,0.0,39292.8,822305.4500000001,822305.4500000001,252101.44,SANTAMARIA TORNERIA SL_resum
2001-01-01,88953.33,83519.01,634811.03,198330.0,72980.18000000001,320871.12,138035.84999999998,166083.72,50889.17,50580.53,101469.7,415119.74,581203.4600000001,475533.67,156263.14,0.0,20635.03,20635.03,935168.76,9467.58,945057.16,976.34,636.75,319224.5,101342.74,217881.76,551561.9600000001,9.0,-70327.89,0.0,53607.57,277203.67,233642.85,4760.29,389548.53,88953.33,389548.53,0.0,30582.25,21114.67,50580.53,259096.1,22091.01,-19998.28,976.34,40774.53,954035.53,954035.53,259345.93,SANTAMARIA TORNERIA SL_resum
2002-01-01,72434.15000000001,83519.01,722390.7799999999,198330.0,62901.11,320871.12,138035.84999999998,209774.77,44525.06,39412.3,83937.36,491540.83,701315.6,493909.72,178251.84,212.42,20239.76,20239.76,893763.7699999999,6724.59,894575.14,5975.31,165.20999999999998,292784.9,82596.7,210188.2,511438.17,8.0,-70327.89,0.0,21075.18,295579.72000000003,233642.85,4760.29,448831.81,72434.15000000001,448831.81,0.0,19337.75,12613.16,39412.3,259096.1,18376.05,-20074.55,5762.89,13521.07,1015175.68,1015175.68,268117.3,SANTAMARIA TORNERIA SL_resum
2003-01-01,39081.92,83519.01,618554.669,198330.0,56588.82,320871.12,138035.84999999998,161980.6,42643.7,41200.27,83843.97,444970.82,606951.42,507854.84,157440.87999999998,4696.72,16707.77,16707.77,841210.6,5996.2,841269.88,134.44,11.1,260243.01,69674.75,190568.26,490545.88,8.0,-70327.89,0.0,11603.249000000002,309524.84,233642.85,4760.29,331860.92000000004,39081.92,331860.92000000004,0.0,24503.6,18507.399,41200.27,259096.1,13945.12,-16696.668999999998,-4562.28,7943.06,878797.6799999999,878797.6799999999,236733.67,SANTAMARIA TORNERIA SL_resum
2004-01-01,10223.16,83519.01,630122.76,198330.0,52845.57,320871.12,138035.84999999998,151294.79,37528.62,31773.97,69302.59,477589.84,628884.63,523171.79,142606.27000000002,23.5,10636.23,10636.23,730013.7,6564.41,730013.7,764.31,2.81,223761.0,56752.8,167008.2,417008.13,8.0,-70327.89,0.0,1238.129,324841.79000000004,233642.85,4760.29,320488.81,10223.16,320488.81,0.0,21140.55,14576.14,31773.97,259096.1,15316.95,-10633.42,740.81,6613.835000000001,853883.76,853883.76,212652.48,SANTAMARIA TORNERIA SL_resum
2005-01-01,5772.58,83519.01,639496.909,198330.0,45688.61,320871.12,138035.84999999998,127159.87,30656.36,28264.97,58921.33,506929.1,634088.97,538204.04,145382.74000000002,87.75,7342.57,7342.57,718553.09,6374.84,719249.3200000001,555.38,17.06,195744.47,33880.77,161863.7,434860.47,7.0,-70327.89,0.0,5407.938999999999,339874.04,233642.85,4760.29,297037.34,5772.58,297037.34,0.0,20939.460000000003,14564.619,28264.97,259096.1,15032.25,-7325.51,467.63,5284.610000000001,835241.38,835241.38,204788.76,SANTAMARIA TORNERIA SL_resum
2006-01-01,1322.0,83519.01,662558.25,198330.0,42940.9,320871.12,138035.84999999998,135569.56,30018.03,21990.52,52008.55,498298.1,633867.659,551126.91,149481.96,0.0,5888.53,5888.53,640521.66,3330.58,647964.08,150.58,0.88,166919.31999999998,124.39,166794.93,370342.03,7.0,-70327.89,0.0,28690.59,352796.91000000003,233642.85,4760.29,277028.66,1322.0,277028.66,0.0,16102.87,12772.29,21990.52,259096.1,12922.87,-5887.650000000001,150.58,28690.59,829477.57,829477.57,201641.97,SANTAMARIA TORNERIA SL_resum
2007-01-01,411733.7,83519.01,749227.06,198330.0,34254.479,320871.12,138035.84999999998,135033.31,24537.39,26714.8,51252.19,514131.0,649164.31,560844.0,130832.26,409.18,14679.41,14679.41,656017.7,2806.27,661804.4400000001,350.1,547.05,482343.55,330912.15,151431.4,398556.89,6.0,-70327.89,0.0,100062.75,362514.0,233642.85,4760.29,258992.91,411733.7,258992.91,0.0,12582.44,9776.17,26714.8,259096.1,9717.09,-14132.36,-59.079,8174.360000000001,1231570.61,1231570.61,182572.42,SANTAMARIA TORNERIA SL_resum
2008-01-01,266670.93000000005,83519.01,570061.1799999999,198330.0,43814.55,320871.12,138035.84999999998,95410.97,23111.32,25453.25,48564.57,461392.8,473284.76,581547.23,140203.64,0.0,25050.09,25050.09,558676.49,-19517.73,579967.22,0.0,782.3399999999999,522883.37,2130.8300000000004,486468.92,290914.92000000004,6.0,-70327.89,34283.619999999995,13257.41,383217.23,233642.85,4760.29,18411.24,271431.22000000003,239966.1,0.0,1185.5,20703.23,25453.25,259096.1,20703.23,-24267.75,0.0,13257.41,1092944.55,1092944.55,189550.55,SANTAMARIA TORNERIA SL_resum
2009-01-01,236446.86,28367.52,550253.99,198330.0,31027.6,94045.17,171871.37999999998,88698.52,25687.78,39337.61,65025.39,456168.65,516499.65,586887.05,145168.72,0.0,32165.0,32165.0,328771.22000000003,1833.07,362697.769,0.0,0.28,502158.37,1769.6899999999998,466136.92,90181.41,6.0,-58458.49,34251.759999999995,5386.820000000001,388557.05,229314.99,6515.08,22324.47,242961.94,222563.37,0.0,7172.89,5339.820000000001,39337.61,268652.6,5339.820000000001,-32164.72,0.0,5386.820000000001,1052412.36,1052412.36,210194.39,SANTAMARIA TORNERIA SL_resum
2010-01-01,205886.17,12239.8,517326.52,198330.0,31890.21,106950.14,157844.22,110966.09,18681.29,30969.52,49650.810000000005,404164.09,502890.38,600095.97,136220.08,0.0,13549.06,13549.06,292794.28,4211.54,329748.51,0.0,0.0,500396.84,1403.08,464786.84,88540.58,6.0,-36927.479,34206.92,2196.34,401765.97,191828.849,10430.93,31226.267000000003,216317.1,201310.29,0.0,17420.460000000003,13208.919,30969.52,222798.37,13208.919,-13549.06,0.0,2196.34,1017723.36,1017723.36,185870.889,SANTAMARIA TORNERIA SL_resum
2011-01-01,173569.49,19680.08,429748.98,198330.0,20682.93,62144.27,99773.75,33581.67,19923.44,11639.84,31563.28,391686.09,405587.68,600855.4600000001,135840.93,0.0,10627.36,10487.85,247036.63,253.16,279495.79000000004,0.0,0.17,493695.07,997.97,454412.29,60144.27,6.0,-49947.310000000005,38284.810000000005,4481.22,402525.459,205711.68,14761.98,14803.289,188331.47,134257.12,0.0,1012.65,759.49,11639.84,217351.52,759.49,-10627.19,0.0,4481.22,923444.05,923444.05,167264.87,SANTAMARIA TORNERIA SL_resum
2012-01-01,139395.87999999998,24740.26,469011.97,198330.0,21762.26,84778.38,143607.88999999998,93271.46,20441.87,13045.79,33487.66,372520.11,441051.31,602175.8500000001,124370.72,0.0,11285.27,10994.73,259954.91,440.13,292416.78,0.0,0.0,478277.4900000001,592.8599999999999,435069.9,76797.83,5.0,-49780.02,42614.73,3220.4,403845.85,194592.61,19532.03,17837.55,158927.91,186185.7,0.0,1760.52,1320.389,13045.79,207638.4,1320.389,-11285.27,0.0,3220.4,947289.46,947289.46,157567.84,SANTAMARIA TORNERIA SL_resum
2013-01-01,103258.67,16552.309999999998,475716.33,198330.0,26619.28,82696.73,155350.56,122369.55,20880.21,15647.26,36527.47,349705.11,455522.35,607914.92,139160.52,0.0,7995.17,7951.17,281354.64,1913.02,311652.15,0.0,0.0,466130.57,2455.57,415268.64,70864.77,5.0,-53267.43,48406.36,3641.67,409584.92,213308.16,24766.36,34004.08,128025.03,205906.95,0.0,7652.09,5739.07,15647.26,228955.419,5739.07,-7995.17,0.0,3641.67,941846.9,941846.9,175643.99,SANTAMARIA TORNERIA SL_resum
2014-01-01,65045.03,15231.740000000002,362710.59,198330.0,27026.16,128179.77,67435.59,51594.66,20936.2,14124.12,35060.32,306155.83,342518.75,614004.88,141081.06,0.0,6004.18,5986.18,336142.81,2029.98,362392.75,0.0,0.0,466518.51,1834.72,407316.72,103025.02,6.0,-58071.6,57367.07,4960.1,415674.88,220088.86,30491.54,37020.32,95536.57,119687.65,0.0,8119.94,6089.959,14124.12,234212.979,6089.959,-6004.18,0.0,4960.1,829229.1,829229.1,176123.37999999998,SANTAMARIA TORNERIA SL_resum
2015-01-01,24635.64,29213.26,388062.89,198330.0,36968.76,134764.919,97863.66,126143.5,31827.73,10117.39,41945.119,258012.2,354942.44,619145.91,145873.83,0.0,3262.68,3174.4300000000003,342114.14,1713.6799999999998,379440.13,0.0,0.0,443823.45,1381.74,383052.67,112221.31,6.0,-56856.26,59389.04,3907.19,420815.91,234557.82,34227.189999999995,26800.68,58862.83,153877.6,0.0,6854.71,5141.03,10117.39,244675.21,5141.03,-3262.68,0.0,3907.19,831886.3400000001,831886.3400000001,187730.699,SANTAMARIA TORNERIA SL_resum
2016-01-01,44009.098,40871.54,343098.69,198330.0,56425.13,199733.59,64069.33,150800.17,40606.65,22035.4,62642.05,141820.55,251749.179,634964.39,169692.05,0.0,921.42,914.34,406428.38,5295.5,436943.77,0.0,0.0,465464.84,498.76,406762.93000000005,140093.83,6.0,-4876.08,58203.15,50477.97,436634.389,215174.78,38336.8,30321.47,38336.8,135262.34,0.0,21113.980000000003,15818.48,22035.4,237210.18,15818.48,-921.42,0.0,50477.97,808563.53,808563.53,232327.02,SANTAMARIA TORNERIA SL_resum
2017-01-01,63382.556,17382.55,340289.48000000004,198330.0,70741.32,145800.0,6666.24,176956.06,52143.86,25400.75,77544.61,84943.55,244517.06,653561.8500000001,176885.87,0.0,616.13,529.75,441155.52,6214.160000000001,474546.98,0.0,27.0,417416.43000000005,498.76,361317.83,118257.05,7.0,-74316.5,56098.6,78389.87000000001,455231.85,303346.23000000004,42446.41,37648.86,42446.41,61697.65,0.0,24811.62,18597.460000000003,25400.75,328746.98000000004,18597.460000000003,-589.13,0.0,78389.87000000001,757705.91,757705.91,254371.099,SANTAMARIA TORNERIA SL_resum
2018-01-01,82756.014,19097.2,320079.54,198330.0,1341.1989999999998,83371.489,39785.61,182271.18,54733.810000000005,-37579.87,17153.939,90004.23999999999,253178.219,505938.93000000005,198915.81,0.0,11162.36,11162.36,408689.24,4672.25,439260.3,0.0,21.87,344443.4,498.76,322248.79000000004,85018.68000000001,6.0,-139819.06,22194.61,47804.119,307608.93000000005,393468.68,38106.33,61594.87,38106.33,120477.68,0.0,-48720.36,-53392.61,-37579.87,355888.81,-53392.61,-11140.49,0.0,13015.3,664522.9400000001,664522.9400000001,216091.62,SANTAMARIA TORNERIA SL_resum
2019-01-01,102129.472,13324.24,356438.32,198330.0,84515.45,89246.67000000001,31775.92,224937.74,56097.83,41903.98,98001.81,70263.82,295201.56,534356.55,200930.62,0.0,1182.12,1081.7,475027.47,12304.240000000002,475027.47,0.0,0.0,292022.33,498.76,269827.72000000003,78172.42,5.0,-86848.37000000001,22194.61,61236.759,336026.55,343876.82,34100.77,48227.41,34100.77,80003.33,0.0,40721.86,28417.62,41903.98,385780.8,28417.62,-1182.12,0.0,26447.94,648460.65,648460.65,298832.01,SANTAMARIA TORNERIA SL_resum
2020-01-01,121502.93,7551.28,482598.48,198330.0,53946.41,69554.3,14646.09,276380.7,48431.4,10155.45,58586.850000000006,94809.14,363638.56,539871.56,198827.9,0.0,2802.1,2802.1,390864.92,1838.34,390864.92,0.0,0.0,266878.12,498.76,244683.51,86898.48999999999,5.0,-63895.869,22194.61,111408.639,341541.56,311155.17,28283.01,37621.73,149785.94,59819.1,0.0,7353.35,5515.01,10155.45,321310.62,5515.01,-2802.1,0.0,78003.68000000001,749476.6,749476.6,257414.75,SANTAMARIA TORNERIA SL_resum
2021-01-01,172788.55,12591.78,620316.51,198330.0,56816.24,106943.77,31159.54,300753.82,47635.15,15649.88,63285.03,101650.79,389812.829,549052.65,209759.49,0.0,3362.49,3362.49,409377.23,3106.3,446442.56,0.0,0.0,219547.1,498.76,197352.49,102719.57,3.0,-66454.27,22194.61,217911.9,350722.65,323848.91000000003,22465.25,51805.84,195253.8,95557.16,0.0,12287.39,9181.09,15649.88,339498.79000000004,9181.09,-3362.49,0.0,183123.08,839863.61,839863.61,273044.52,SANTAMARIA TORNERIA SL_resum
2022-01-01,115837.55,8474.05,668703.1,198330.0,58978.12,97656.03,107524.07,477862.44,47148.48,20191.76,67340.23999999999,88316.26,557704.649,560882.2899999999,220703.12,0.0,3352.3700000000003,3352.3700000000003,421730.08,5009.88,461474.98,0.0,0.13,179285.6,498.76,157090.99,89088.20999999999,4.0,-75775.59,22194.61,102524.4,362552.29,343627.19,16647.49,38623.25,132485.04,154621.37,0.0,16839.52,11829.64,20191.76,363818.95,11829.64,-3352.24,0.0,67735.58,847988.7,847988.7,288043.49000000005,SANTAMARIA TORNERIA SL_resum
2023-01-01,61403.63,17436.780000000002,631910.38,198330.0,53405.649,65252.44,79489.79,487459.17,44687.850000000006,12924.14,57611.99,92835.44,562857.8300000001,569600.09,200704.22,0.0,3302.08,3302.08,397359.66,904.26,426634.25,0.0,0.0,134687.13,498.76,112492.52,65979.8,3.0,-103065.599,22194.61,51615.77,371270.09,348457.67,9963.33,28703.89,71366.95999999999,125630.46,0.0,9622.06,8717.8,12924.14,361381.81,8717.8,-3302.08,0.0,16260.53,766597.51,766597.51,258316.21,SANTAMARIA TORNERIA SL_resum
