Año,Acreedores a L. P.,Acreedores comerciales,Activo circulante,Capital suscrito,Cash flow,Consumo de mercaderías y de materias,Deudas financieras,Deudores,Dotaciones para amortiz. de inmovil.,EBIT,EBITDA,Existencias,Fondo de maniobra,Fondos propios,Gastos de personal,Gastos extraordinarios,Gastos financieros,Gastos financieros y gastos asimilados,Importe neto Cifra de Ventas,Impuestos sobre sociedades,Ingresos de explotación,Ingresos extraordinarios,Ingresos financieros,Inmovilizado,Inmovilizado inmaterial,Inmovilizado material,Materiales,Número empleados,Otros Conceptos de Explotación,Otros activos fijos,Otros activos líquidos,Otros fondos propios,Otros gastos de explotación,Otros pasivos fijos,Otros pasivos líquidos,Pasivo fijo,Pasivo líquido,Provisiones,Result. ordinarios antes Impuestos,Resultado Actividades Ordinarias,Resultado Explotación,Resultado bruto,Resultado del Ejercicio,Resultado financiero,Resultados actividades extraordinarias,Tesorería,Total activo,Total pasivo y capital propio,Valor agregado,Empresa
1999-01-01,0.0,1010372.07,2053737.98,30050.61,216200.11,8064602.6,201375.03,518742.14,76371.69,240331.74,316703.43000000005,1327495.95,1846238.089,534679.1699999999,300229.0,33723.07,2064.949,2064.949,6565289.64,75292.22,6609366.470000001,5170.44,5406.48,234854.13,0.0,233321.55,5706459.24,18.0,-651442.4400000001,1532.58,207499.89,504628.56,1444178.079,0.0,1753912.94,0.0,1753912.94,0.0,243673.27,168381.05,240331.74,1675520.42,139828.41999999998,3341.53,-28552.63,207499.87,2288592.11,2288592.11,593786.2789999999,TEXAUTO SPORT SL_resum
2000-01-01,0.0,1010372.07,1822443.28,30050.61,249454.06,8064602.6,201375.03,305144.16,53551.84,249133.43,302685.27,1210232.35,1515376.51,730581.39,319464.93000000005,25431.78,12652.71,12652.71,6889074.76,93162.72,6929511.0,18451.44,59564.55,278372.83,0.0,276840.25,5932485.03,7.0,-651442.4400000001,1532.58,307066.76900000003,700530.7799999999,1444178.079,0.0,1370234.72,0.0,1370234.72,0.0,296045.27,202882.55,249133.43,1675520.42,195902.22,46911.84,-6980.339,307066.77,2100816.109,2100816.109,674734.419,TEXAUTO SPORT SL_resum
2001-01-01,0.0,1010372.07,1822311.04,30050.61,212456.16,8064602.6,201375.03,477032.55,40804.32,247773.43,288577.75,952506.85,419167.329,902233.23,354806.63,18199.87,24545.47,24545.47,6341272.58,92427.91,6362384.49,25078.2,33973.46,353904.85,0.0,352372.27,5392378.44,8.0,-651442.4400000001,1532.579,392771.64,872182.62,1444178.079,0.0,62235.559,0.0,1273982.66,0.0,257201.42,164773.51,247773.43,1675520.42,171651.84,9427.99,6878.329000000001,392771.64,2176215.89,2176215.89,684236.169,TEXAUTO SPORT SL_resum
2002-01-01,0.0,1642949.1700000002,2178804.49,30050.61,209093.18,8064602.6,136792.61000000002,472365.0,73229.34,203745.16,276974.5,1333152.1800000002,162568.01,1038097.06,494558.96,19414.85,32067.81,32067.81,7664596.42,73157.45999999999,7692802.01,31440.19,25318.61,678058.48,0.0,676525.9,6549931.51,23.0,-651442.4400000001,1532.579,373287.31,1008046.45,1444178.079,0.0,39024.12899999999,0.0,1818765.91,0.0,196995.96,123838.499,203745.16,1675520.42,135863.84,-6749.2,12025.34,373287.31,2856862.97,2856862.97,808877.41,TEXAUTO SPORT SL_resum
2003-01-01,0.0,1325452.0675000001,1971821.69,93000.0,272899.3,8064602.6,659778.0875,484154.47,86891.83,307660.59,394552.42,1132647.57,1616802.04,1224104.53,476793.72,24405.53,25911.39,25911.39,7475080.49,100157.87,7725908.14,16208.3,12613.37,537598.4,0.0,536065.819,6421592.84,22.0,-651442.4400000001,1532.581,355019.649,1131104.53,1444178.079,0.0,1285315.56,0.0,1285315.56,0.0,294362.57,194204.7,307660.59,1675520.42,186007.47,-13298.02,-8197.230000000001,355019.65,2509420.09,2509420.09,875762.2789999999,TEXAUTO SPORT SL_resum
2004-01-01,0.0,1007954.9650000001,2014387.14,93000.0,393608.68,8064602.6,1182763.565,563692.93,76306.93999999999,479296.16,555603.1,988734.33,1552427.26,1541406.27,475653.93000000005,13861.21,9109.43,9109.43,8280871.359999999,170854.78,8456910.239999998,20415.87,11415.13,547845.19,0.0,546312.61,6979871.109999999,21.0,-651442.4400000001,1532.579,461959.879,1448406.27,1444178.079,0.0,1020826.06,0.0,1020826.06,0.0,481601.86,310747.079,479296.16,1675520.42,317301.74,2305.7,6554.660000000001,461959.88,2562232.33,2562232.33,1049226.819,TEXAUTO SPORT SL_resum
2005-01-01,0.0,690457.8625,3853032.87,93000.0,467376.08,8064602.6,1705749.0425,627930.4500000001,109589.19,530867.6799999999,640456.87,2624595.51,3252525.96,1899193.16,546978.65,20956.6,23119.97,23119.97,9605013.75,192654.48,9806876.53,45846.92,17803.34,812468.3200000001,0.0,810935.74,8116762.76,23.0,-651442.4400000001,1532.579,600506.91,1806193.16,1444178.079,0.0,2766308.03,0.0,2766308.03,0.0,525551.05,332896.57,530867.6799999999,1675520.42,357786.89,-5316.63,24890.32,600506.91,4665501.19,4665501.19,1230129.1800000002,TEXAUTO SPORT SL_resum
2006-01-01,0.0,372960.76,4312955.1,93000.0,400938.829,8064602.6,2228734.52,870569.8600000001,48226.48,569596.3,617822.7799999999,2775563.12,3273172.219,1555905.51,651555.06,33988.89,42880.12,42880.12,11972614.66,189922.04,12192664.05,14365.86,35541.24,275694.72000000003,0.0,265742.64,10211074.1,28.0,-651442.4400000001,9952.079,666822.119,1462905.51,1444178.079,0.0,431049.03,0.0,3032744.31,0.0,562257.42,372335.38,569596.3,1675520.42,352712.35,-7338.88,-19623.03,646453.57,4588649.819999999,4588649.819999999,1285296.05,TEXAUTO SPORT SL_resum
2007-01-01,0.0,117506.52,5531004.98,93000.0,699533.2989999999,8064602.6,3002172.55,627074.93,58162.61,881026.38,939188.99,4061829.74,4571398.149999999,2197276.2,782363.7699999999,3388.3900000000003,57352.78,57352.78,15834380.21,308808.11,16198193.08,102995.18,26898.41,293833.37,0.0,283881.29000000004,13580613.42,31.0,-651442.4400000001,9952.08,842100.31,2104276.2,1444178.079,0.0,507883.08,0.0,3627562.15,0.0,850572.01,541763.9,881026.38,1675520.42,641370.69,-30454.37,99606.79,831191.8200000001,5824838.35,5824838.35,1848057.96,TEXAUTO SPORT SL_resum
2008-01-01,0.0,244982.74,4612474.22,93000.0,135845.36,8064602.6,2275335.64,630316.1799999999,60177.22,231342.34,291519.56,3774774.09,4160107.529,2051944.34,732558.42,0.0,127672.75,127672.75,9550546.32,32429.2,9740123.02,0.0,4427.75,251798.2,2148.0,239698.12,8064602.6,31.0,-651442.4400000001,9952.08,207383.95,1958944.339,1444178.079,0.0,292009.7,0.0,2812328.08,0.0,108097.34,75668.14,231342.34,1675520.42,75668.14,-123245.0,0.0,187828.81,4864272.42,4864272.42,1028505.73,TEXAUTO SPORT SL_resum
2009-01-01,822000.0,121295.08,3395119.86,93000.0,154850.38999999998,6906856.649999999,1403232.1900000002,854735.58,58454.52,182308.2,240762.72,2048592.86,2782033.36,2148340.21,681356.88,0.0,65535.96,65535.96,8344355.88,41312.52,8449444.959,0.0,20936.15,1320316.45,1432.0,188902.81,6906856.649999999,27.0,-620468.71,1129981.64,491791.41900000005,2055340.21,1360280.11,0.0,220568.828,822000.0,1745096.1,0.0,137708.38999999998,96395.87,182308.2,1542588.309,96395.87,-44599.810000000005,0.0,202093.96,4715436.31,4715436.31,943055.75,TEXAUTO SPORT SL_resum
2010-01-01,290000.0,110912.33,3580431.81,93000.0,586327.66,6883048.649999999,1616054.81,719729.12,57474.15,170231.14,227705.29,1977229.49,2586046.2800000003,2677193.72,732583.01,0.0,23505.12,23505.12,8395390.18,55647.58,8506762.77,0.0,437775.07,1488153.79,716.0,358988.73000000004,6883048.649999999,28.0,-663425.8200000001,1128449.06,883473.2,2584193.719,1453482.98,0.0,374424.74,290000.0,2101391.88,0.0,584501.09,528853.51,170231.14,1623714.1190000002,528853.51,414269.95,0.0,396476.9900000001,5068585.6,5068585.6,1398063.37,TEXAUTO SPORT SL_resum
2011-01-01,30000.0,84806.53666666667,3275328.57,93000.0,137784.5,6161745.119999999,1427348.92,415080.06,70709.23,89331.28,160040.51,2213216.3,2628296.36,2744268.99,677667.62,0.0,33342.33,33342.33,7483951.22,28746.55,7572716.779,0.0,39832.87,1463018.71,0.0,340279.26,6161745.119999999,26.0,-573263.529,1122739.45,647032.21,2651268.99,1321640.38,0.0,536729.37,30000.0,1964078.29,0.0,95821.82,67075.27,89331.28,1410971.6590000002,67075.27,6490.54,0.0,167928.05,4738347.28,4738347.28,877540.999,TEXAUTO SPORT SL_resum
2012-01-01,20000.0,58700.74333333333,3157773.81,93000.0,143153.88899999997,7403523.159999999,1764291.95,641471.3500000001,66163.399,105935.74,172099.139,2155172.3,2796643.65,2821259.48,679586.69,0.0,38670.64,38670.64,8787444.59,33830.78,8932684.18,0.0,43556.17,1676263.16,0.0,373269.18,7403523.159999999,25.0,-677475.19,1302993.98,361130.16,2728259.48,1423225.279,0.0,228485.54,20000.0,1992777.49,0.0,110821.27,76990.48999999999,105935.74,1529161.019,76990.48999999999,4885.529,0.0,332077.86,4834036.970000001,4834036.970000001,895241.999,TEXAUTO SPORT SL_resum
2013-01-01,0.0,32594.95,3094032.79,93000.0,144080.531,6699517.39,1524704.02,450592.59,67130.55,44954.96,112085.51,2214930.33,2632927.969,2898209.46,675128.97,0.0,11103.64,11103.64,8005309.77,32978.559,8160040.939,0.0,76077.22,1605311.87,0.0,326550.23000000004,6699517.39,25.0,-673309.07,1278761.64,428509.87,2805209.46,1415568.5890000002,0.0,243836.23,0.0,1801135.2,0.0,109928.54,76949.981,44954.96,1460523.549,76949.981,64973.58,0.0,391348.37,4699344.659999999,4699344.659999999,863291.7,TEXAUTO SPORT SL_resum
2014-01-01,0.0,84788.42,3294696.84,93000.0,288820.3,7841788.57,1496680.98,680059.6699999999,61105.75,254594.5,315700.25,2184755.54,2864815.21,3125924.01,669634.41,0.0,8213.19,8213.19,9343886.4,101511.51,9512005.63,0.0,82844.75,1678671.6900000002,0.0,257933.35,7841788.57,22.0,-684882.399,1420738.3390000002,429881.63,3032924.01,1415622.56,0.0,350763.54,0.0,1847444.52,0.0,329226.06,227714.55,254594.5,1670217.06,227714.55,74631.56,0.0,244210.58,4973368.53,4973368.53,1068179.409,TEXAUTO SPORT SL_resum
2015-01-01,0.0,136981.88999999998,4950002.44,93000.0,236151.979,9279409.03,2876602.7800000003,845597.76,64637.64,184496.04,249133.68,3562572.59,4271188.46,3297438.35,779415.38,0.0,16181.87,16181.87,10855590.23,56703.04,11076630.62,0.0,59903.21,1671278.79,25115.63,227151.49,9279409.03,26.0,-768672.529,1419011.6700000002,541832.09,3204438.349,1612725.549,0.0,310258.21,0.0,3323842.88,0.0,228217.38,171514.34,184496.04,1797221.59,171514.34,43721.34,0.0,482772.06,6621281.23,6621281.23,1088452.27,TEXAUTO SPORT SL_resum
2016-01-01,0.0,33935.78,6619664.92,93000.0,271151.13,11031563.8,4492617.07,897487.59,65531.34,254534.75,320066.08900000004,5416647.88,6280199.688999999,3503058.14,923005.9,0.0,56952.64,56952.64,12928935.73,63476.77,13243081.43,0.0,71514.45,1628242.21,18703.13,194329.89,11031563.8,26.0,-968445.64,1415209.1890000002,305529.45,3410058.14,1956982.88,0.0,218296.14,0.0,4744848.99,0.0,269096.56,205619.79,254534.75,2211517.629,205619.79,14561.809,0.0,243872.36,8247907.13,8247907.13,1314586.44,TEXAUTO SPORT SL_resum
2017-01-01,0.0,110088.41,6545508.29,93000.0,305492.74,11325699.11,3898682.64,549416.9500000001,58873.32,194159.96,253033.28,4794165.649999999,5233494.19,3749677.56,992339.66,0.0,990.6,990.6,13283781.02,76623.64,13516559.209,0.0,130073.7,1643734.83,12290.63,217461.45,11325699.11,30.0,-945487.159,1413982.75,1201925.6900000002,3656677.56,1996700.14,0.0,430794.51,0.0,4439565.56,0.0,323243.06,246619.419,194159.96,2190860.099,246619.419,129083.099,0.0,1160825.34,8189243.119999999,8189243.119999999,1375446.64,TEXAUTO SPORT SL_resum
2018-01-01,0.0,256600.59,5628811.13,93000.0,240704.79,10583765.35,3210027.85,629803.5,62121.01,124283.07,186404.08,4874804.37,5248007.28,3928261.34,1095510.87,0.0,20602.88,20602.88,12639851.53,51365.61,12816027.5,0.0,126269.2,2104213.089,5878.13,684818.0,10583765.35,32.0,-950347.2,1413516.96,124203.26,3835261.34,2107979.079,0.0,338134.44,0.0,3804762.88,0.0,229949.39,178583.78,124283.07,2232262.15,178583.78,105666.319,0.0,65442.61,7733024.22,7733024.22,1408184.15,TEXAUTO SPORT SL_resum
2019-01-01,0.0,220622.93,4888989.159999999,93000.0,101842.42,8614008.69,2840316.84,516827.06,71638.63,25115.34,96753.97,4194645.21,4490849.34,3958465.13,1104800.44,0.0,31753.36,31753.36,10515117.67,5252.06,10862183.9,0.0,42093.87,2431398.09,0.0,1214207.65,8614008.69,31.0,-1046620.799,1217190.44,177516.88999999998,3865465.13,2223059.87,0.0,300982.35,0.0,3361922.12,0.0,35455.850000000006,30203.789,25115.34,2248175.21,30203.789,10340.51,0.0,118634.74,7320387.25,7320387.25,1243648.28,TEXAUTO SPORT SL_resum
2020-01-01,0.0,122984.16,2841186.19,93000.0,70118.51,7209130.109999999,909826.34,320077.84,86221.59,4940.25,91161.84,2071224.84,2268318.52,3942362.05,835377.87,0.0,31603.76,31603.76,8591761.29,-4052.86,9002433.350000001,0.0,6507.57,2380945.04,0.0,1159701.74,7209130.109999999,29.0,-866763.53,1221243.3,449883.509,3849362.05,1788362.99,0.0,246958.68,0.0,1279769.1800000002,0.0,-20155.94,-16103.079,4940.25,1793303.239,-16103.079,-25096.19,0.0,385183.89,5222131.23,5222131.23,933047.28,TEXAUTO SPORT SL_resum
2021-01-01,0.0,162749.24000000002,2672582.15,93000.0,2770.349,5545191.28,827604.87,327891.49000000005,84655.45,-95496.33,-10840.88,1690731.53,1855873.78,3860476.95,907395.67,0.0,14305.03,14305.03,6982427.21,-21744.59,7361623.619999999,0.0,6171.67,2291357.87,0.0,1092785.1900000002,5545191.28,26.0,-919877.55,1198572.6800000002,653959.13,3767476.949,1911928.67,0.0,113108.96,0.0,1103463.07,0.0,-103629.69,-81885.1,-95496.33,1816432.339,-81885.1,-8133.360000000001,0.0,600107.8600000001,4963940.02,4963940.02,902726.46,TEXAUTO SPORT SL_resum
2022-01-01,0.0,175502.88999999998,4823381.49,93000.0,90166.579,6026467.59,2178917.69,698261.4400000001,77504.29,37348.07,114852.359,3782932.25,4305690.8,3873139.24,788151.09,0.0,24440.73,24440.73,7585935.159999999,6165.59,7831136.0,0.0,5920.54,2084143.58,0.0,1047201.28,6026467.59,20.0,-901664.96,1036942.3,342187.8,3780139.239,1767320.3390000002,0.0,679965.25,0.0,3034385.83,0.0,18827.88,12662.29,37348.07,1804668.41,12662.29,-18520.19,0.0,317977.97000000003,6907525.07,6907525.07,908923.99,TEXAUTO SPORT SL_resum
2023-01-01,0.0,64789.45,5222204.74,93000.0,129066.26,6938224.92,2288296.63,431701.4,72707.83,133644.59,206352.419,4111860.92,4478772.87,3929497.67,829589.72,0.0,57999.75,57999.75,8685420.33,19286.41,8904389.12,0.0,0.0,2135319.69,4914.0,1112749.8,6994772.96,20.0,-930222.06,1017655.89,678642.419,3836497.67,1832519.61,0.0,1074940.6800000002,0.0,3428026.76,0.0,75644.84,56358.429,133644.59,1966164.1990000005,56358.429,-57999.75,0.0,653729.8200000001,7357524.430000001,7357524.430000001,1035942.139,TEXAUTO SPORT SL_resum
