Año,Acreedores a L. P.,Acreedores comerciales,Activo circulante,Capital suscrito,Cash flow,Consumo de mercaderías y de materias,Deudas financieras,Deudores,Dotaciones para amortiz. de inmovil.,EBIT,EBITDA,Existencias,Fondo de maniobra,Fondos propios,Gastos de personal,Gastos extraordinarios,Gastos financieros,Gastos financieros y gastos asimilados,Importe neto Cifra de Ventas,Impuestos sobre sociedades,Ingresos de explotación,Ingresos extraordinarios,Ingresos financieros,Inmovilizado,Inmovilizado inmaterial,Inmovilizado material,Materiales,Número empleados,Otros Conceptos de Explotación,Otros activos fijos,Otros activos líquidos,Otros fondos propios,Otros gastos de explotación,Otros pasivos fijos,Otros pasivos líquidos,Pasivo fijo,Pasivo líquido,Provisiones,Result. ordinarios antes Impuestos,Resultado Actividades Ordinarias,Resultado Explotación,Resultado bruto,Resultado del Ejercicio,Resultado financiero,Resultados actividades extraordinarias,Tesorería,Total activo,Total pasivo y capital propio,Valor agregado,Empresa
1999-01-01,0.0,190772.4,89073.36,3005.06,19209.42,116012.54,142999.69,19042.35,17397.309999999998,-4115.68,13281.63,43550.07,62592.42,24629.960000000003,21496.02,6192.08,134.72,134.72,522017.95,975.75,569909.73,13208.689,21.64,236093.87,0.0,236093.87,485169.75,1.0,-22470.579,0.0,26480.94,21624.899,84262.98,0.0,300537.27,0.0,300537.27,0.0,-4228.75,-5204.5,-4115.68,89910.27,1812.11,-113.07,7016.609,26480.94,325167.23000000004,325167.23000000004,41815.91,TEXAUTO MOTOR SOCIEDAD LIMITADA_resum
2000-01-01,41301.7,190772.4,25373.91,3005.06,30602.4,116012.54,142999.69,24319.29,28689.9,8538.77,37228.67,79380.315,24319.29,26542.460000000003,25636.56,14166.23,248.92,248.92,111085.58,1029.81,189651.13,7534.360000000001,1284.33,104627.88,0.0,104627.88,88568.39,2.0,-22470.579,0.0,1054.619,23537.399,84262.98,0.0,62157.64,41301.7,62157.64,0.0,9574.18,8544.369999999999,8538.77,89910.27,1912.5,1035.41,-6631.87,1054.63,130001.8,130001.8,57517.69,TEXAUTO MOTOR SOCIEDAD LIMITADA_resum
2001-01-01,32696.62,190772.4,153812.46,3005.06,6222.429999999999,116012.54,142999.69,34120.01,5229.76,-15704.62,-10474.86,115210.56,149330.57,27535.12,30582.17,6312.57,467.85,467.85,227723.34,534.5,229923.87,24006.49,5.72,159231.34,0.0,159231.34,193377.78,2.0,-22470.579,0.0,4481.889,24530.059,84262.98,0.0,252812.06,32696.62,252812.06,0.0,-16166.75,-16701.25,-15704.62,89910.27,992.67,-462.13,17693.920000000002,4481.89,313043.8,313043.8,37806.95,TEXAUTO MOTOR SOCIEDAD LIMITADA_resum
2002-01-01,24091.53,190772.4,889648.24,3005.06,120987.15,116012.54,142999.69,353721.53,29092.87,130600.35,159693.22,502875.32,856596.8500000001,119429.4,50482.94,8760.56,1861.18,1861.18,2453795.7800000003,49481.53,2512141.739,21372.73,24.47,257644.67,0.0,257644.67,2134032.69,2.0,-22470.579,0.0,33051.389,116424.34,84262.98,0.0,1003771.98,24091.53,1003771.98,0.0,128763.64,79282.11,130600.35,89910.27,91894.28,-1836.71,12612.17,33051.39,1147292.91,1147292.91,222812.8,TEXAUTO MOTOR SOCIEDAD LIMITADA_resum
2003-01-01,0.0,190772.4,976859.54,3005.06,128149.299,116012.54,142999.69,195868.29,35374.850000000006,122361.68,157736.53,741720.3400000001,937588.63,212203.85,78536.20999999999,9712.14,1894.28,1894.28,3041852.95,49955.48,3150224.63,31027.960000000003,946.71,145692.49,0.0,145692.49,2669281.93,5.0,-22470.579,0.0,39270.91,209198.79,84262.98,0.0,910348.18,0.0,910348.18,0.0,121414.11,71458.63,122361.68,89910.27,92774.45,-947.57,21315.82,39270.91,1122552.03,1122552.03,258535.27,TEXAUTO MOTOR SOCIEDAD LIMITADA_resum
2004-01-01,0.0,190772.4,845165.2799999999,3005.06,99695.5,116012.54,142999.69,121503.02,47179.32,63858.32,111037.64,537142.62,658645.64,264720.03,135879.36,7274.79,2413.9700000000003,2413.9700000000003,2771416.84,28579.69,2868642.15,25585.5,1340.81,287717.11,0.0,287717.11,2409872.91,7.0,-22470.579,0.0,186519.64,261714.97,84262.98,0.0,868162.3600000001,0.0,868162.3600000001,0.0,62785.16,34205.47,63858.32,89910.27,52516.18,-1073.16,18310.71,186519.639,1132882.39,1132882.39,266568.51900000003,TEXAUTO MOTOR SOCIEDAD LIMITADA_resum
2005-01-01,0.0,190772.4,524719.06,3005.06,75356.04,116012.54,142999.69,257774.82,29375.81,70022.47,99398.28,182356.78,440131.6,310700.26,140807.7,10010.86,3845.45,3845.45,1747064.42,24758.58,1834745.78,12934.48,1638.1699999999998,90198.93,0.0,90198.93,1417929.89,7.0,-22470.579,0.0,84587.45999999999,307695.2,84262.98,0.0,304217.73000000004,0.0,304217.73000000004,0.0,67815.19,43056.61,70022.47,89910.27,45980.23,-2207.28,2923.619,84587.45999999999,614917.99,614917.99,244767.77,TEXAUTO MOTOR SOCIEDAD LIMITADA_resum
2006-01-01,0.0,190772.4,555402.87,3005.06,66505.61,116012.54,142999.69,366414.02,16650.04,26216.09,42866.13,61169.14,427583.16,360555.83,114064.35,130.08,40.86,40.86,1071239.82,26845.31,1072587.82,48854.97,1800.76,20223.07,0.0,20223.07,798768.47,6.0,-22470.579,0.0,127819.709,357550.77,84262.98,0.0,215070.11,0.0,215070.11,0.0,27975.99,1130.6799999999998,26216.09,89910.27,49855.57,1759.9,48724.89,127819.709,575625.9400000001,575625.9400000001,207456.13,TEXAUTO MOTOR SOCIEDAD LIMITADA_resum
2007-01-01,0.0,190772.4,393416.5,3005.06,15849.689,116012.54,142999.69,265257.33,6847.87,13009.71,19857.579,50298.76,315556.09,369557.65,114910.98,0.0,104.75,104.75,462019.41,4334.21,465622.86,0.04,431.03,13375.2,0.0,13375.2,265765.25,5.0,-22470.579,0.0,77860.409,366552.59,84262.98,0.0,37234.05,0.0,37234.05,0.0,13335.99,9001.779,13009.71,89910.27,9001.82,326.28,0.04,77860.40999999999,406791.7,406791.7,135199.63,TEXAUTO MOTOR SOCIEDAD LIMITADA_resum
2008-01-01,0.0,190772.4,357086.37,3005.06,7705.96,116012.54,142999.69,74486.12000000001,4602.3,5647.29,10249.59,199569.94,83283.66,166661.31,57190.1,0.0,1214.43,1214.43,172753.13,1330.14,205922.81,0.0,0.94,8772.9,0.0,8772.9,116012.54,2.0,-22470.579,47.413333333333334,83030.31,163656.25,84262.98,0.0,8425.56,0.0,199197.96,0.0,4433.8,3103.66,5647.29,89910.27,3103.66,-1213.49,0.0,32040.62,365859.27,365859.27,67440.62900000002,TEXAUTO MOTOR SOCIEDAD LIMITADA_resum
2009-01-01,0.0,324389.9,506158.67,3005.06,21719.69,643330.2899999999,142999.69,70531.26,3140.3,22778.81,25919.11,333874.67,80016.02900000001,185240.7,37874.53,0.0,782.43,782.43,766694.03,7962.59,783274.0580000001,0.0,4545.6,11027.6,0.0,11027.6,643330.2899999999,2.0,-76150.13,94.82666666666667,101752.74,182235.64,117164.959,0.0,7555.67,0.0,331945.57,0.0,26541.980000000003,18579.39,22778.81,139943.768,18579.39,3763.17,0.0,48935.94,517186.27,517186.27,68339.239,TEXAUTO MOTOR SOCIEDAD LIMITADA_resum
2010-01-01,278575.0,315209.62,946312.13,3005.06,15012.36,1470792.63,142999.69,139909.25,1943.92,13313.91,15257.83,689859.91,514559.54,198309.14,104788.33,0.0,4924.02,4924.02,1631258.79,5600.76,1719468.33,0.0,10279.31,12103.68,0.0,12103.68,1470792.63,3.0,-128629.54,142.24,116542.97,195304.08,235361.79,0.0,23322.359,278575.0,481531.67,0.0,18669.2,13068.44,13313.91,248675.7,13068.44,5355.289,0.0,96567.73,958415.81,958415.81,130325.47,TEXAUTO MOTOR SOCIEDAD LIMITADA_resum
2011-01-01,244156.88,4685.18,881427.8300000001,3005.06,25730.31,2478203.42,390022.69,139606.6,2602.11,8030.320000000001,10632.43,672622.8400000001,807544.259,221437.34,130480.13,0.0,19021.27,19021.27,2716245.16,9912.09,2839422.31,0.0,44031.24,13315.13,0.0,13315.13,2478203.42,5.0,-220106.33,189.65333333333334,69198.39,218432.28,353188.569,0.0,34440.869,244156.88,429148.74,0.0,33040.28999999999,23128.2,8030.320000000001,361218.89,23128.2,25009.969,0.0,32093.7,894742.9600000001,894742.9600000001,185143.8,TEXAUTO MOTOR SOCIEDAD LIMITADA_resum
2012-01-01,440000.0,148364.17,1293114.93,3005.06,9112.949,2981234.71,467207.21,190918.04,2864.69,-32010.5,-29145.81,861755.1799999999,904309.049,227685.6,163168.0,0.0,23099.9,23099.9,3245747.4,3464.12,3368992.83,0.0,64822.78,20953.73,0.0,20953.73,2981234.71,7.0,-253735.93,237.06666666666666,240441.71,224680.54,419768.62,0.0,30811.68,440000.0,646383.06,0.0,9712.38,6248.259,-32010.5,387758.12,6248.259,41722.880000000005,0.0,234262.65,1314068.66,1314068.66,198844.97,TEXAUTO MOTOR SOCIEDAD LIMITADA_resum
2013-01-01,410000.0,7703.860000000001,946493.34,3005.06,36862.58,3956162.03,231766.82,73834.65000000001,3160.9,-32326.92,-29166.019,689347.74,755478.53,261387.28,164334.21000000002,0.0,26283.38,26283.38,4201324.319999999,14656.28,4348100.64,0.0,106968.26,27279.97,0.0,26995.49,3956162.03,6.0,-256770.42,284.48,183310.95,258382.22,424265.53,0.0,62915.350000000006,410000.0,302386.03,0.0,48357.96,33701.68,-32326.92,391938.61,33701.68,80684.87900000002,0.0,175410.2,973773.31,973773.31,242136.449,TEXAUTO MOTOR SOCIEDAD LIMITADA_resum
2014-01-01,329162.26,41470.28999999999,1098753.23,3005.06,126348.44,5086493.9,288427.31,93792.83,3820.66,32593.11,36413.77,747100.3500000001,799422.889,383915.06,196049.27,0.0,24877.5,24877.5,5428634.25,52511.9,5618339.03,0.0,167324.07,46970.77,0.0,46342.43,5086493.9,7.0,-299382.08900000004,628.3399999999999,257860.05,380910.0,499252.019,0.0,102749.08,329162.26,432646.68,0.0,175039.68,122527.78,32593.11,531845.129,122527.78,142446.57,0.0,254619.59,1145724.0,1145724.0,399787.109,TEXAUTO MOTOR SOCIEDAD LIMITADA_resum
2015-01-01,180000.0,369125.24,1751727.08,3005.06,246080.479,6606689.52,540049.62,267846.69,7702.64,92988.67,100691.31,1045270.32,943991.77,622292.9,267422.53900000005,0.0,26678.77,26678.77,7128324.4,88068.57,7370664.7,0.0,260136.51,64622.15,24581.25,39708.54,6606689.52,9.0,-395861.33,332.36,438610.07,619287.8400000001,670986.509,0.0,104881.47,180000.0,1014056.33,0.0,326446.41000000003,238377.839,92988.67,763975.1799999999,238377.839,233457.74,0.0,435269.61,1816349.23,1816349.23,628250.359,TEXAUTO MOTOR SOCIEDAD LIMITADA_resum
2016-01-01,180000.0,304114.33,2220295.6,3005.06,193302.45,8679151.2,835634.51,427627.16,13860.54,-113460.6,-99600.06,1546753.06,1670265.89,801734.81,399304.67,0.0,34631.7,34631.7,9266399.16,52760.87,9552275.93,0.0,380295.08,59490.57,18168.75,41046.57,8679151.2,11.0,-573420.12,275.25,245915.38,798729.75,986585.33,0.0,158302.52,180000.0,1298051.36,0.0,232202.78,179441.91,-113460.6,873124.73,179441.91,345663.38,0.0,242574.92,2279786.17,2279786.17,679999.69,TEXAUTO MOTOR SOCIEDAD LIMITADA_resum
2017-01-01,180000.0,207687.81,3263790.75,3005.06,251570.27,9865464.99,1957550.06,558237.39,15701.15,350266.35,365967.5,2482815.46,2833365.04,1037603.93,491811.77,0.0,40186.06,40186.06,10592109.83,74211.17000000001,11373353.73,0.0,0.0,190788.01,11756.25,178800.44,9865464.99,14.0,-650109.47,231.32,222737.9,1034598.87,1157622.39,0.0,71736.95999999999,180000.0,2236974.83,0.0,310080.29000000004,235869.12,350266.35,1507888.74,235869.12,-40186.06,0.0,86761.70999999999,3454578.76,3454578.76,857779.2699999999,TEXAUTO MOTOR SOCIEDAD LIMITADA_resum
2018-01-01,500000.0,20348.95,3548897.19,3005.06,380770.46,11718351.62,2006581.82,637925.08,41966.07,459921.01,501887.08,2654876.98,3272453.11,1376408.32,760845.47,0.0,16040.71,16040.71,12887648.41,105075.91,13797856.1,0.0,0.0,587981.88,5343.75,581129.66,11718351.62,21.0,-816771.93,1508.47,256095.13,1373403.26,1619583.47,0.0,233539.98,500000.0,2260470.75,0.0,443880.3,338804.39,459921.01,2079504.48,338804.39,-16040.71,0.0,250788.59,4136879.07,4136879.07,1262732.55,TEXAUTO MOTOR SOCIEDAD LIMITADA_resum
2019-01-01,0.0,13175.51,4684120.67,3005.06,561086.64,14618837.01,2922643.69,838710.6799999999,75156.09,657495.13,732651.22,3680906.74,4506441.91,1862338.87,948241.15,0.0,20603.73,20603.73,16019848.01,150960.84999999998,17189738.89,0.0,0.0,548151.6699999999,0.0,546696.08,14618837.01,24.0,-890009.51,1455.59,164503.25,1859333.81,1913406.75,0.0,434114.27,0.0,3369933.47,0.0,636891.4,485930.55,657495.13,2570901.88,485930.55,-20603.73,0.0,120271.97,5232272.34,5232272.34,1680892.37,TEXAUTO MOTOR SOCIEDAD LIMITADA_resum
2020-01-01,0.0,152427.37999999998,6209063.46,3005.06,516527.23,13602322.739999998,4085930.46,721920.58,72087.98999999999,601905.9,673993.89,4814408.45,5383901.649999999,2306778.11,731006.6,0.0,24063.19,24063.19,14730298.66,133403.47,15791418.789,0.0,0.0,493838.51,0.0,492120.3,13602322.739999998,22.0,-784095.559,1718.21,672734.429,2303773.05,1587190.15,0.0,157766.02,0.0,4396123.859999999,0.0,577842.71,444439.24,601905.9,2189096.049,444439.24,-24063.19,0.0,622430.72,6702901.970000001,6702901.970000001,1405000.49,TEXAUTO MOTOR SOCIEDAD LIMITADA_resum
2021-01-01,0.0,312813.24,5361664.970000001,3005.06,394342.53,14171435.34,2632433.59,498283.03,71702.77,441263.01,512965.78,3581339.3,3766809.09,2629417.87,862396.49,0.0,25422.36,25422.36,15725490.45,93200.89,16418682.25,0.0,0.0,447089.4900000001,0.0,444719.86,14171435.34,23.0,-871884.64,2369.63,1282042.64,2626412.809,1805983.9,0.0,234089.76,0.0,3179336.59,0.0,415840.65,322639.76,441263.01,2247246.91,322639.76,-25422.36,0.0,1271489.89,5808754.46,5808754.46,1375362.27,TEXAUTO MOTOR SOCIEDAD LIMITADA_resum
2022-01-01,0.0,151657.01,4942747.63,3005.06,546076.669,16063964.78,1523363.95,788747.9500000001,73015.1,622548.97,695564.07,2864097.2800000003,3501188.219,3102479.44,1098741.58,0.0,6312.05,6312.05,18213625.01,148456.9,18962681.26,0.0,5281.55,417176.52,0.0,415514.89,16063964.78,26.0,-1104410.83,1661.629,1289902.4,3099474.38,2276167.51,0.0,582423.75,0.0,2257444.71,0.0,621518.47,473061.569,622548.97,2898716.48,473061.569,-1030.5,0.0,821649.2699999999,5359924.149999999,5359924.149999999,1799587.2,TEXAUTO MOTOR SOCIEDAD LIMITADA_resum
2023-01-01,0.0,160333.61000000002,6048963.8,3005.06,482034.63,19641974.75,2067283.5,872168.61,77187.48,527822.1699999999,605009.65,3696408.79,4408243.79,3507326.59,1361978.6700000002,0.0,22701.78,22701.78,21973835.84,119554.09,22748857.55,0.0,19280.85,390471.77,0.0,388816.97,19641974.75,31.0,-1139894.48,1654.8,1480386.4,3504321.53,2579060.63,0.0,704491.87,0.0,2932108.98,0.0,524401.24,404847.15,527822.1699999999,3106882.8,404847.15,-3420.9300000000003,0.0,840410.9400000001,6439435.57,6439435.57,1986269.17,TEXAUTO MOTOR SOCIEDAD LIMITADA_resum
