Año,Acreedores a L. P.,Acreedores comerciales,Activo circulante,Capital suscrito,Cash flow,Consumo de mercaderías y de materias,Deudas financieras,Deudores,Dotaciones para amortiz. de inmovil.,EBIT,EBITDA,Existencias,Fondo de maniobra,Fondos propios,Gastos de personal,Gastos extraordinarios,Gastos financieros,Gastos financieros y gastos asimilados,Importe neto Cifra de Ventas,Impuestos sobre sociedades,Ingresos de explotación,Ingresos extraordinarios,Ingresos financieros,Inmovilizado,Inmovilizado inmaterial,Inmovilizado material,Materiales,Número empleados,Otros Conceptos de Explotación,Otros activos fijos,Otros activos líquidos,Otros fondos propios,Otros gastos de explotación,Otros pasivos fijos,Otros pasivos líquidos,Pasivo fijo,Pasivo líquido,Provisiones,Result. ordinarios antes Impuestos,Resultado Actividades Ordinarias,Resultado Explotación,Resultado bruto,Resultado del Ejercicio,Resultado financiero,Resultados actividades extraordinarias,Tesorería,Total activo,Total pasivo y capital propio,Valor agregado,Empresa
1999-01-01,71305.52,232914.26,276920.39,24040.480000000003,119892.75,1059811.21,0.0,170132.29,85189.43999999999,54992.57,140182.01,0.0,170132.29,175557.93,199048.78,3129.71,8595.33,8595.33,854671.81,12018.1,854671.81,3419.94,33.93,210205.05,169087.74000000002,41117.310000000005,353317.17,8.0,-104723.709,0.0,106788.1,151517.449,602198.3200000001,0.0,240261.99,71305.52,240261.99,0.0,46431.18,34413.08,54992.57,677723.39,34703.310000000005,-8561.39,290.23,96434.41,487125.44,487125.44,339554.96,TRANS BORRELL GIRONA SOCIEDAD LIMITADA._resum
2000-01-01,158083.78,232914.26,286164.55,24040.480000000003,141694.41,1059811.21,0.0,169916.65,95791.86,44612.82,140404.68,450.76,170367.41,221460.47,192170.26,0.0,11700.57,11700.57,947195.14,11009.84,947195.14,23923.18,76.96000000000001,343509.23000000004,199470.17,144039.06,447274.86,9.0,-104723.709,0.0,115797.139,197419.99,602198.3200000001,0.0,250129.52,158083.78,250129.52,0.0,32989.21,21979.37,44612.82,677723.39,45902.55,-11623.61,23923.18,102793.07,629673.7799999999,629673.7799999999,356575.08,TRANS BORRELL GIRONA SOCIEDAD LIMITADA._resum
2001-01-01,167287.55,232914.26,295624.1,24040.480000000003,125646.77,1059811.21,0.0,179673.11000000002,118298.16,-8464.359999999999,109833.8,450.76,180123.87,228809.08,216560.05,1075.31,14072.12,14072.12,987825.71,-3701.79,987825.71,25731.92,1526.6899999999998,356847.93000000005,122245.8,234602.13,507220.25,10.0,-104723.709,0.0,115500.23,204768.599,602198.3200000001,0.0,256375.4,167287.55,256375.4,0.0,-21009.79,-17308.0,-8464.359999999999,677723.39,7348.610000000001,-12545.43,24656.609,99606.459,652472.03,652472.03,352577.15,TRANS BORRELL GIRONA SOCIEDAD LIMITADA._resum
2002-01-01,131095.79,232914.26,361689.68,24040.480000000003,107289.19,1059811.21,0.0,178207.86,89356.6,21334.52,110691.12,450.76,178658.62,246741.67,260179.23,1436.53,10267.84,10267.84,1159728.78,12486.05,1159728.78,19350.67,1437.82,333096.79000000004,66365.06,266731.72900000005,630787.15,10.0,-104723.709,0.0,183031.06,222701.19,602198.3200000001,0.0,316949.01,131095.79,316949.01,0.0,12504.5,18.45,21334.52,677723.39,17932.59,-8830.02,17914.14,171643.46,694786.47,694786.47,390222.31,TRANS BORRELL GIRONA SOCIEDAD LIMITADA._resum
2003-01-01,98835.02,232914.26,550069.16,24040.480000000003,200686.7,1059811.21,0.0,235350.24,94921.93,107554.33,202476.26,0.0,235350.24,352506.44,291669.6,0.0,7042.48,7042.48,1518261.12,37126.42,1518261.12,40275.42,2103.92,362802.4,38585.13,324217.27,820163.7899999999,11.0,-104723.709,0.0,314718.92000000004,328465.96,602198.3200000001,0.0,461530.1,98835.02,461530.1,0.0,102615.77,65489.350000000006,107554.33,677723.39,105764.77,-4938.56,40275.42,305805.93000000005,912871.56,912871.56,536525.1989999999,TRANS BORRELL GIRONA SOCIEDAD LIMITADA._resum
2004-01-01,40676.27,232914.26,413331.27,24040.480000000003,120333.07,1059811.21,0.0,193930.45,92928.22,25105.53,118033.75,0.0,193930.45,379911.29,313903.17,0.0,3502.76,3502.76,1368672.87,6322.71,1368672.87,11603.49,521.2990000000001,334372.38,19449.29,314923.09,781422.4500000001,10.0,-104723.709,0.0,219400.82,355870.81,602198.3200000001,0.0,327116.09,40676.27,327116.09,0.0,22124.07,15801.36,25105.53,677723.39,27404.85,-2981.46,11603.49,212254.05,747703.65,747703.65,444061.709,TRANS BORRELL GIRONA SOCIEDAD LIMITADA._resum
2005-01-01,83405.45999999999,232914.26,444369.839,24040.480000000003,102833.79,1059811.21,0.0,143715.53,110161.03,-57642.17,52518.86,0.0,143715.53,372584.05,333525.31,6537.5,4084.47,4084.47,1225394.39,2112.8,1225394.39,54454.27,8595.43,377811.47,9031.32,368780.15,666529.01,11.0,-104723.709,0.0,300654.309,348543.57,602198.3200000001,0.0,366191.8,83405.45999999999,366191.8,0.0,-53131.21,-55244.01,-57642.17,677723.39,-7327.24,4510.96,47916.77,290609.95,822181.31,822181.31,442556.37,TRANS BORRELL GIRONA SOCIEDAD LIMITADA._resum
2006-01-01,75340.13,232914.26,612256.47,24040.480000000003,209201.95,1059811.21,0.0,171394.94,115527.0,82565.19,198092.19,0.0,171394.94,466259.0,349694.22000000003,1452.38,4860.21,4860.21,1854366.7,18247.65,1856166.7,33737.97,1932.03,416375.66,9031.32,407344.34,1131096.46,11.0,-104723.709,0.0,440861.529,442218.52,602198.3200000001,0.0,487033.0,75340.13,487033.0,0.0,79637.01,61389.359,82565.19,677723.39,93674.95,-2928.18,32285.59,435123.92,1028632.13,1028632.13,582004.029,TRANS BORRELL GIRONA SOCIEDAD LIMITADA._resum
2007-01-01,79697.78,232914.26,709240.059,24040.480000000003,213845.7,1059811.21,0.0,382870.75,128767.91,65889.20999999999,194657.12,0.0,382870.75,551336.7899999999,379270.66,1203.79,8367.2,8367.2,2132924.43,11554.81,2132924.43,36385.26,3929.12,450176.82,68518.17000000001,381658.65,1364589.49,12.0,-104723.709,0.0,326369.309,527296.31,602198.3200000001,0.0,528382.31,79697.78,528382.31,0.0,61451.13,49896.32,65889.20999999999,677723.39,85077.79,-4438.08,35181.47,320781.94,1159416.88,1159416.88,613038.3690000001,TRANS BORRELL GIRONA SOCIEDAD LIMITADA._resum
2008-01-01,78102.36,232914.26,638626.31,24040.480000000003,195204.71,1059811.21,73125.93999999999,343242.71,130323.25,75525.07,205848.32,0.0,110328.45,616218.06,367151.36,0.0,8947.93,8947.93,1737534.6,12182.1,1737534.6,0.0,10486.419,486826.22,9031.32,477794.9,1059811.21,11.0,-104723.709,21652.025,295383.6,592177.58,602198.3200000001,0.0,125091.91,78102.36,431132.11,0.0,77063.56,64881.46,75525.07,677723.39,64881.46,1538.489,0.0,295383.6,1125452.53,1125452.53,583486.1,TRANS BORRELL GIRONA SOCIEDAD LIMITADA._resum
2009-01-01,124998.7,133434.549,424988.77,24040.480000000003,46499.17,570738.5,58127.66,221923.43,151763.76,-144293.23,7470.529,0.0,88488.88100000001,510953.47,345328.02,0.0,8237.66,8237.66,1043285.47,-43304.05,1043285.47,0.0,3962.25,498993.55,9031.32,446658.18,570738.5,10.0,-119748.42,43304.05,203065.34,486912.9900000001,616840.2,0.0,96467.94,124998.7,288030.15,0.0,-148568.64,-105264.59,-144293.23,472546.97,-105264.59,-4275.41,0.0,203065.34,923982.32,923982.32,356760.8,TRANS BORRELL GIRONA SOCIEDAD LIMITADA._resum
2010-01-01,98779.18,141800.36,325699.66,24040.480000000003,-4177.589,482358.02,34221.17,198766.12,122674.96,-176699.37,-54024.409,0.0,56965.76,384100.92,311091.67,0.0,5664.68,5664.68,825264.7899999999,-54365.380000000005,825264.7899999999,0.0,1146.12,401944.04,9031.32,295243.29000000004,482358.02,9.0,-85839.51,97669.43,126933.54,360060.44,519606.139,0.0,68742.07,98779.18,244763.6,0.0,-181217.93,-126852.549,-176699.37,342906.77,-126852.549,-4518.56,0.0,126933.54,727643.7,727643.7,258213.38,TRANS BORRELL GIRONA SOCIEDAD LIMITADA._resum
2011-01-01,85586.78,76449.70999999999,134229.91999999998,24040.480000000003,-21731.62,413717.32,28583.17,120787.17,59991.1,-113768.89,-53777.78999999999,0.0,44337.459,302378.2,196240.68,0.0,3306.02,3306.02,662977.2799999999,-35024.03,662977.2799999999,0.0,328.16,394738.41,9031.32,253013.63,413717.32,8.0,-106797.069,132693.45899999997,13442.75,278337.72000000003,363028.85,0.0,35970.47,85586.78,141003.34999999998,0.0,-116746.75,-81722.72,-113768.89,249259.96,-81722.72,-2977.86,0.0,13442.75,528968.329,528968.329,142791.05,TRANS BORRELL GIRONA SOCIEDAD LIMITADA._resum
2012-01-01,96722.36,75463.85,92005.03,24040.480000000003,-49697.1,219018.66,22164.38,83416.14,45897.07,-123657.09,-77760.019,0.0,7952.289,206784.03,175046.18,0.0,3814.3,3814.3,396375.9,-31864.73,396375.9,0.0,12.49,380706.07,9031.32,207116.56,219018.66,6.0,-80071.08,164558.19,8588.89,182743.55,301014.33,0.0,71576.48,96722.36,169204.71000000002,0.0,-127458.9,-95594.17,-123657.09,177357.24000000002,-95594.17,-3801.81,0.0,8588.89,472711.1,472711.1,97298.65,TRANS BORRELL GIRONA SOCIEDAD LIMITADA._resum
2013-01-01,102726.74,23384.39,79463.68000000001,24040.480000000003,21306.34,105131.29,6284.42,73304.58,34565.259999999995,-14772.1,19793.16,0.0,49920.19,193525.11,106418.17,0.0,2906.46,2906.46,270285.67,-4419.64,270285.67,0.0,0.0,309542.05,9031.32,131532.9,105131.29,4.0,-38943.05,168977.83,6159.1,169484.629,179926.47999999998,0.0,63085.07,102726.74,92753.88,0.0,-17678.56,-13258.92,-14772.1,165154.37999999998,-13258.92,-2906.46,0.0,6159.1,389005.73,389005.73,126211.33,TRANS BORRELL GIRONA SOCIEDAD LIMITADA._resum
2014-01-01,119226.74,54734.380000000005,124682.28,24040.480000000003,22187.4,163603.57,2666.66,106348.72,23995.45,-197.91,23797.54,0.0,51614.34,191717.06,105546.9,0.0,2212.82,2212.82,331989.48000000004,-602.6800000000001,331989.48000000004,0.0,0.0,286197.42000000004,9031.32,107585.59,163603.57,4.0,-39041.47,169580.51,18333.56,167676.579,168583.81999999998,0.0,42534.86,119226.74,99935.9,0.0,-2410.73,-1808.05,-197.91,168385.909,-1808.05,-2212.82,0.0,18333.56,410879.7,410879.7,129344.44,TRANS BORRELL GIRONA SOCIEDAD LIMITADA._resum
2015-01-01,176395.74000000002,25537.72,192336.77,24040.0,27112.8,179338.44999999998,16497.66,86363.84,19851.35,11746.11,31597.460000000003,0.0,60826.119,198978.51,112189.61,0.0,2064.179,2064.179,379386.89,2420.48,379386.89,0.0,0.0,263925.59,9031.32,87734.23999999999,179338.44999999998,4.0,-56261.37,167160.03,105972.93,174938.51,188302.33,0.0,38852.72899999999,176395.74000000002,80888.11,0.0,9681.93,7261.45,11746.11,200048.44,7261.45,-2064.179,0.0,105972.93,456262.36,456262.36,143787.069,TRANS BORRELL GIRONA SOCIEDAD LIMITADA._resum
2016-01-01,194417.58,29427.03,134128.69,24040.0,16856.698999999997,132622.06,15738.31,111856.99,22157.03,-3097.36,19059.67,0.0,82429.95999999999,193678.18,111147.97,0.0,3969.75,3969.75,318078.66,-1766.78,318078.66,0.0,0.0,336292.78,9031.32,158334.65,132622.06,4.0,-55248.96,168926.81,22271.699,169638.18,188553.96,0.0,37160.37,194417.58,82325.70999999999,0.0,-7067.110000000001,-5300.33,-3097.36,185456.599,-5300.33,-3969.75,0.0,22098.28,470421.47,470421.47,130207.64,TRANS BORRELL GIRONA SOCIEDAD LIMITADA._resum
2017-01-01,180185.55,36524.48,129781.3,24040.480000000003,18064.72,176566.02,15077.26,108478.1,23623.82,-2728.55,20895.27,0.0,71953.62000000001,188119.08,117210.54,0.0,4683.58,4683.58,384352.63,-1853.03,384352.63,0.0,0.0,314521.99000000005,9031.32,134710.83,176566.02,4.0,-69680.8,170779.84,21303.199,164078.599,210515.16,0.0,24396.92,180185.55,75998.66,0.0,-7412.13,-5559.1,-2728.55,207786.61,-5559.1,-4683.58,0.0,21111.78,444303.29,444303.29,138105.80899999998,TRANS BORRELL GIRONA SOCIEDAD LIMITADA._resum
2018-01-01,181966.26,36623.24,130602.05,24040.0,18732.33,163649.94999999998,0.0,107693.25,15247.08,8213.77,23460.85,0.0,71070.01,191604.33,119983.43,0.0,3566.77,3566.77,380284.85,1161.75,380284.85,0.0,0.0,302769.27,9031.32,124119.86,163649.94999999998,4.0,-73190.62000000001,169618.09,22908.8,167564.33,208421.129,0.0,23177.49,181966.26,59800.73,0.0,4647.0,3485.25,8213.77,216634.899,3485.25,-3566.77,0.0,22908.8,433371.32,433371.32,143444.279,TRANS BORRELL GIRONA SOCIEDAD LIMITADA._resum
2019-01-01,165802.07,37596.8,140519.72,24040.0,26166.07,158322.37999999998,0.0,103499.89,23369.22,6262.42,29631.64,5670.0,71573.09,194401.18,129370.41,0.0,2533.29,2533.29,384554.58,932.28,384554.58,0.0,0.0,278467.77,7225.06,102556.9,163992.37999999998,4.0,-67230.15000000001,168685.81,31349.83,170361.18,219969.78,0.0,21187.44,165802.07,58784.24,0.0,3729.13,2796.8500000000004,6262.42,226232.2,2796.8500000000004,-2533.29,0.0,31349.83,418987.4900000001,418987.4900000001,159002.05,TRANS BORRELL GIRONA SOCIEDAD LIMITADA._resum
2020-01-01,140846.84,18186.79,146800.91,24040.0,24483.329,139061.46,13914.89,86195.63,22491.14,3935.85,26426.989,6495.0,74503.84,196393.37,127752.25,0.0,1279.59,1279.59,342791.04,664.07,342791.04,0.0,0.0,255312.56,5418.8,81872.02,139886.46,4.0,-49550.34,168021.74000000002,54110.28,172353.37,199793.73,0.0,32771.58,140846.84,64873.26,0.0,2656.26,1992.19,3935.85,203729.58,1992.19,-1279.59,0.0,54110.28,402113.47,402113.47,154179.24000000002,TRANS BORRELL GIRONA SOCIEDAD LIMITADA._resum
2021-01-01,130821.08,840.16,126096.29,24040.0,23942.75,123251.79,12000.0,80462.26,21716.14,3981.65,25697.79,11990.0,91612.099,198619.98,139251.91999999998,0.0,1012.84,1012.84,356890.53,742.2,356890.53,0.0,0.0,232854.22,3612.54,61962.14,128746.79,4.0,-68689.03,167279.54,33644.03,174579.97999999998,229657.09,0.0,16669.29,130821.08,29509.45,0.0,2968.8100000000004,2226.609,3981.65,233638.74,2226.609,-1012.84,0.0,33644.03,358950.51,358950.51,164949.71000000002,TRANS BORRELL GIRONA SOCIEDAD LIMITADA._resum
2022-01-01,138007.46,34470.73,154954.87,24040.0,-12938.240000000002,146723.47,0.0,104916.54,10282.82,-18493.38,-8210.56,13285.0,83730.81,172403.37999999998,139299.2,0.0,505.87,505.87,329776.42000000004,4221.81,344776.42000000004,0.0,0.0,216189.03,2107.92,54018.92,148018.47,5.0,-66964.31,160062.19,36753.33,148363.37999999998,216546.33,0.0,26262.33,138007.46,60733.06,0.0,-18999.25,-23221.06,-18493.38,198052.949,-23221.06,-505.87,0.0,22456.34,371143.9,371143.9,131088.64,TRANS BORRELL GIRONA SOCIEDAD LIMITADA._resum
2023-01-01,125334.93,12587.08,191261.42,24040.0,17063.6,143577.16,0.0,144079.83,14971.16,4013.26,18984.42,11340.0,142832.75,174495.81999999998,178788.2,0.0,1295.81,1295.81,397079.53,625.01,406036.04,0.0,0.0,205490.03,301.66,45751.19,141632.16,6.0,-64686.26,159437.18,35841.59,150455.81999999998,258445.62,0.0,84333.62000000001,125334.93,96920.7,0.0,2717.4500000000003,2092.4390000000003,4013.26,262458.88,2092.4390000000003,-1295.81,0.0,35841.59,396751.45,396751.45,197772.62,TRANS BORRELL GIRONA SOCIEDAD LIMITADA._resum
