Año,Acreedores a L. P.,Acreedores comerciales,Activo circulante,Capital suscrito,Cash flow,Consumo de mercaderías y de materias,Deudas financieras,Deudores,Dotaciones para amortiz. de inmovil.,EBIT,EBITDA,Existencias,Fondo de maniobra,Fondos propios,Gastos de personal,Gastos extraordinarios,Gastos financieros,Gastos financieros y gastos asimilados,Importe neto Cifra de Ventas,Impuestos sobre sociedades,Ingresos de explotación,Ingresos extraordinarios,Ingresos financieros,Inmovilizado,Inmovilizado inmaterial,Inmovilizado material,Materiales,Número empleados,Otros Conceptos de Explotación,Otros activos fijos,Otros activos líquidos,Otros fondos propios,Otros gastos de explotación,Otros pasivos fijos,Otros pasivos líquidos,Pasivo fijo,Pasivo líquido,Provisiones,Result. ordinarios antes Impuestos,Resultado Actividades Ordinarias,Resultado Explotación,Resultado bruto,Resultado del Ejercicio,Resultado financiero,Resultados actividades extraordinarias,Tesorería,Total activo,Total pasivo y capital propio,Valor agregado,Empresa
1999-01-01,275586.56,235379.62,173418.08,33055.67,4787.4,880249.23,118668.33,87083.68000000001,1566.28,7679.88,9246.16,82386.8,169470.479,62611.6,33322.08,0.0,3078.28,3078.28,527103.51,1380.48,527103.51,0.0,806.54,16503.57,0.0,16503.57,463367.7,2.0,-57265.2,0.0,3947.599,29555.93,231493.15,0.0,127310.05,275586.56,127310.05,0.0,4601.6,3221.12,7679.88,259936.699,3221.12,-3078.28,0.0,3947.6,189921.65,189921.65,42568.24,VINS GUILLAMET SL_resum
2000-01-01,275586.56,235379.62,186094.05,195328.93,4144.58,880249.23,118668.33,104377.23,1951.16,7659.3,9610.46,79628.27,184005.5,227078.29,39393.89,87.55,4438.29,4438.29,555762.6699999999,940.04,555762.6699999999,0.0,806.54,157658.63,0.0,157658.63,478737.9,23.0,-57265.2,0.0,2088.549,31749.36,231493.15,0.0,116674.39,275586.56,116674.39,0.0,3221.01,2280.9700000000003,7659.3,259936.699,2193.42,-4438.29,-87.55,2088.55,343752.68,343752.68,48916.8,VINS GUILLAMET SL_resum
2001-01-01,275586.56,235379.62,274754.64,195328.93,8654.38,880249.23,118668.33,209956.04,3599.32,14602.02,18201.34,61464.61,271420.65,232133.35,43531.11,87.59,8061.94,8061.94,606345.11,2203.9700000000003,606345.11,0.0,806.54,372572.77,0.0,372572.77,522479.78,1.0,-57265.2,0.0,3333.99,36804.42,231493.15,0.0,139607.5,275586.56,139607.5,0.0,7346.620000000001,5142.650000000001,14602.02,259936.699,5055.06,-7255.4,-87.59,2644.09,647327.41,647327.41,62451.4,VINS GUILLAMET SL_resum
2002-01-01,285935.31,235379.62,245240.449,195328.93,7127.610000000001,880249.23,118668.33,158060.26,4824.74,17570.609999999997,22395.35,77572.98999999999,235633.25,234436.22,55599.25,180.3,18698.56,18698.56,659887.08,1066.35,659887.08,2624.42,2053.05,549175.24,0.0,549175.24,547027.8,4.0,-57265.2,0.0,9607.199,39107.28999999999,231493.15,0.0,274044.16,285935.31,274044.16,0.0,925.1,-141.24899999999997,17570.609999999997,259936.699,2302.8700000000003,-16645.508,2444.12,6391.860000000001,794415.69,794415.69,82491.77,VINS GUILLAMET SL_resum
2003-01-01,299279.09,235379.62,235620.4,195328.93,26678.04,880249.23,118668.33,125561.46,24350.47,24326.09,48676.56,100912.35,226473.81,236768.79,66736.86,40.690000000000005,26003.79,26003.79,821241.04,997.53,821241.04,4162.029,881.4599999999999,535423.15,0.0,535423.15,667762.3400000001,4.0,-57265.2,0.0,9146.589,41439.86,231493.15,0.0,234995.67,299279.09,234995.67,0.0,-796.24,-1793.77,24326.09,259936.699,2327.57,-25122.33,4121.339,6148.429999999999,771043.55,771043.55,120416.22,VINS GUILLAMET SL_resum
2004-01-01,290928.06,235379.62,287401.17,195328.93,29686.23,880249.23,118668.33,164547.26,26486.15,24267.32,50753.47,117833.85,282381.11,239968.87,96272.89,62.04,20352.81,20352.81,937358.94,1398.05,937358.94,0.0,745.66,533223.7799999999,0.0,533223.7799999999,752440.69,4.0,-57265.2,0.0,5020.059,44639.94,231493.15,0.0,289728.02,290928.06,289728.02,0.0,4660.17,3262.12,24267.32,259936.699,3200.08,-19607.15,-62.04,2045.05,820624.9500000001,820624.9500000001,147709.97999999998,VINS GUILLAMET SL_resum
2005-01-01,255975.98,235379.62,322234.78,195328.93,14313.179,880249.23,118668.33,177194.87999999998,27774.69,20381.41,48156.1,138020.6,315215.48000000004,226507.36,105012.27,16465.86,17145.629999999997,17145.629999999997,1012031.54,1287.57,1012031.54,22.05,1034.089,507594.48,0.0,507594.48,813489.9600000001,4.0,-57265.2,0.0,7019.3,31178.429,231493.15,0.0,347345.92000000004,255975.98,347345.92000000004,0.0,4269.87,2982.3,20381.41,259936.699,-13461.51,-16111.54,-16443.809999999998,4044.29,829829.26,829829.26,137758.65,VINS GUILLAMET SL_resum
2006-01-01,215532.68,235379.62,345696.04,195328.93,33119.61,880249.23,118668.33,197759.17,26786.67,30407.34,57194.009,140281.29,338040.46,232840.3,108815.13,291.44,21929.86,21929.86,1084957.6700000002,2720.3100000000004,1084957.6700000002,0.0,867.21,480530.81,0.0,480530.81,872180.41,4.0,-57265.2,0.0,7655.58,37511.369,231493.15,0.0,377853.87,215532.68,377853.87,0.0,9344.69,6624.38,30407.34,259936.699,6332.94,-21062.65,-291.44,4680.57,826226.8500000001,826226.8500000001,166584.909,VINS GUILLAMET SL_resum
2007-01-01,186211.83,235379.62,373469.79,195328.93,31647.15,880249.23,118668.33,193271.58,27213.75,30658.3,57872.05,173491.5,366763.079,237273.7,114512.72,77.95,25023.73,25023.73,1155229.3,1477.8,1155229.3,1.04,353.54,462209.47,0.0,462209.47,928804.69,4.0,-57265.2,0.0,6706.71,41944.77,231493.15,0.0,412193.73,186211.83,412193.73,0.0,5988.110000000001,4510.309,30658.3,259936.699,4433.4,-24670.19,-76.91000000000001,3731.7,835679.26,835679.26,172661.4,VINS GUILLAMET SL_resum
2008-01-01,186211.83,235379.62,386488.85,195325.0,32521.83,880249.23,118668.33,222663.81,26795.06,28443.55,55238.61,159890.75,147174.94,243000.47,147432.88999999998,0.0,20803.99,20803.99,1140185.93,1913.73,1140185.93,0.0,0.94,437377.84,0.0,436377.84,880249.23,4.0,-57265.2,1000.0,3934.29,47675.47,231493.15,0.0,40606.44,186211.83,394654.39,0.0,7640.5,5726.77,28443.55,259936.699,5726.77,-20803.05,0.0,3934.29,823866.69,823866.69,202672.44,VINS GUILLAMET SL_resum
2009-01-01,152025.84999999998,257891.37,384983.06,195325.0,27365.07,848362.4600000001,107387.01,203692.61,24203.19,21868.49,46071.68,173808.31,119609.549,246162.35,141700.7,0.0,17652.74,17652.74,1092906.1,1053.96,1092906.1,0.0,0.09,413174.65,0.0,412174.65,848362.4600000001,4.0,-56771.26,1000.0,7482.14,50837.350000000006,222675.15,0.0,34691.13,152025.84999999998,399969.51,0.0,4215.84,3161.88,21868.49,244543.64,3161.88,-17652.649999999998,0.0,7482.14,798157.71,798157.71,187772.47,VINS GUILLAMET SL_resum
2010-01-01,125137.08,232273.15,394894.54,195325.0,23613.75,769862.3600000001,140527.76,200180.73,21205.25,16554.2,37759.45,193534.53,161442.11000000002,248570.85,149746.07,0.0,13543.6,13543.6,1020314.88,602.12,1020314.88,0.0,0.02,393179.71,0.0,392179.71,769862.3600000001,4.0,-62947.0,1000.0,1179.28,53245.850000000006,233898.32,0.0,41565.41,125137.08,414366.32,0.0,3010.62,2408.5,16554.2,250452.52,2408.5,-13543.58,0.0,1179.28,788074.25,788074.25,187505.54,VINS GUILLAMET SL_resum
2011-01-01,133331.43,195812.21,384122.89,195325.0,17523.84,698459.99,32352.81,187767.41,16819.38,19500.460000000003,36319.84,193749.37,185704.57,249275.31,144591.41999999998,0.0,18263.16,18263.16,945863.97,532.8499999999999,945863.97,0.0,0.01,379818.4,0.0,378818.4,698459.99,4.0,-66492.72,1000.0,2606.11,53950.310000000005,227903.52,0.0,153169.53,133331.43,381334.55,0.0,1237.31,704.459,19500.460000000003,247403.979,704.459,-18263.15,0.0,2606.11,763941.2899999999,763941.2899999999,180911.27,VINS GUILLAMET SL_resum
2012-01-01,98297.85,201624.68,407291.15,195325.0,6029.74,694552.5,202724.01,196894.34,13264.91,13863.83,27128.739,199982.55,195252.21,242040.14,141159.97999999998,0.0,23510.73,23510.73,931706.37,-2411.73,931706.37,0.0,0.0,373089.67,0.0,369677.94,694552.5,4.0,-68865.15000000001,3411.73,10414.26,46715.14,223290.04,0.0,35694.14,98297.85,440042.83,0.0,-9646.9,-7235.17,13863.83,237153.87,-7235.17,-23510.73,0.0,10414.26,780380.8200000001,780380.8200000001,168288.72,VINS GUILLAMET SL_resum
2013-01-01,71826.26,199630.25,384404.08,195325.0,5897.059,705129.58,184054.11,166329.7,10748.05,17878.59,28626.64,209736.15,176435.599,237189.15,144957.7,0.0,24346.58,24346.58,949241.6,-1617.0,949241.6,0.0,0.0,364636.03,0.0,359607.3,705129.58,4.0,-70527.68000000001,5028.73,8338.230000000001,41864.15,226233.43,0.0,56340.34,71826.26,440024.7,0.0,-6467.99,-4850.99,17878.59,244112.02,-4850.99,-24346.58,0.0,8338.230000000001,749040.11,749040.11,173584.34,VINS GUILLAMET SL_resum
2014-01-01,180216.0,181759.55,389648.67,195325.0,12789.029,701789.04,107615.55,174038.46,11773.98,26098.65,37872.63,212593.8,204872.71,238204.2,146147.04,0.0,24745.25,24745.25,963892.95,338.35,963892.95,0.0,0.0,365305.76,0.0,360615.38,701789.04,4.0,-78084.23999999999,4690.38,3016.4100000000003,42879.2,236005.26,0.0,47159.13,180216.0,336534.23000000004,0.0,1353.4,1015.05,26098.65,262103.909,1015.05,-24745.25,0.0,2416.4100000000003,754954.43,754954.43,184019.67,VINS GUILLAMET SL_resum
2015-01-01,98055.71,206630.02,408390.73,195325.0,22581.980000000003,758470.1699999999,42608.58,195882.98,12472.84,32718.53,45191.369,211907.75,201160.71,248313.34,146150.36,0.0,19239.67,19239.67,1012150.23,3369.72,1012150.23,0.0,0.0,349463.2,0.0,348142.54,758470.1699999999,4.0,-62338.33,1320.66,600.0,52988.34,220961.53,0.0,162246.28,98055.71,411484.88,0.0,13478.86,10109.14,32718.53,253680.059,10109.14,-19239.67,0.0,5837.616666666667,757853.93,757853.93,191341.729,VINS GUILLAMET SL_resum
2016-01-01,76227.13,244201.59,431630.4900000001,195325.0,7078.03,738280.8600000001,175052.94,174864.38999999998,6234.73,16138.88,22373.61,256166.1,186828.9,249156.64,155864.12,0.0,15014.48,15014.48,980562.67,281.1,980562.67,0.0,0.0,342947.37,0.0,341907.81,738280.8600000001,4.0,-64044.08,1039.56,600.0,53831.64,226142.93,0.0,29939.56,76227.13,449194.09,0.0,1124.4,843.3,16138.88,242281.81,843.3,-15014.48,0.0,9258.823333333334,774577.8600000001,774577.8600000001,178237.73,VINS GUILLAMET SL_resum
2017-01-01,76847.11,254749.76,469196.43000000005,195325.0,7968.21,742264.66,199097.76,199237.65,6438.13,16330.34,22768.47,256678.75,201166.64,250686.72,144291.49,0.0,14290.23,14290.23,973173.72,510.03,973173.72,0.0,0.0,342486.22000000003,0.0,336486.22000000003,742264.66,5.0,-63849.1,6000.0,13280.03,55361.72,214578.719,0.0,30301.3,76847.11,484148.82,0.0,2040.11,1530.08,16330.34,230909.059,1530.08,-14290.23,0.0,12680.03,811682.65,811682.65,167059.96,VINS GUILLAMET SL_resum
2018-01-01,57208.16,234383.29,442853.14,195325.0,7385.08,751357.26,197231.96,170995.0,6520.45,15786.84,22307.29,253413.55,190025.259,251551.35,161026.84999999998,0.0,14675.95,14675.95,1001851.49,246.26,1001851.49,0.0,0.0,335965.78,0.0,329965.78,751357.26,5.0,-67160.09,6000.0,18444.59,56226.350000000006,234707.39,0.0,38444.16,57208.16,470059.41,0.0,1110.89,864.63,15786.84,250494.229,864.63,-14675.95,0.0,17844.59,778818.92,778818.92,183334.14,VINS GUILLAMET SL_resum
2019-01-01,71522.47,289531.25,490432.02,195325.0,5721.58,750649.03,192542.08,204597.19,5158.78,14383.81,19542.59,259117.1,174183.04,252082.69,156328.44,0.0,13633.42,13633.42,1003190.28,187.59,1003190.28,0.0,0.0,366771.66,0.0,360771.66,750649.03,5.0,-76670.22,6000.0,26717.73,56757.69,238157.44,0.0,51525.19,71522.47,533598.52,0.0,750.39,562.8,14383.81,252541.25,562.8,-13633.42,0.0,26117.73,857203.6799999999,857203.6799999999,175871.03,VINS GUILLAMET SL_resum
2020-01-01,204137.89,157814.55,455499.57,195325.0,8591.97,617201.74,166341.68,166323.05,6971.56,14505.89,21477.45,253850.0,262358.5,253703.1,114301.94,0.0,12345.34,12345.34,816544.4600000001,540.14,816544.4600000001,0.0,0.0,370595.65,6747.63,356848.02,617201.74,5.0,-63563.33,7000.0,35326.52,58378.1,184836.83,0.0,44098.0,204137.89,368254.23,0.0,2160.55,1620.41,14505.89,199342.719,1620.41,-12345.34,0.0,34726.52,826095.22,826095.22,135779.38999999998,VINS GUILLAMET SL_resum
2021-01-01,160844.88999999998,211379.89,467058.46,195325.0,24203.37,788733.11,170646.28,217440.46,19020.15,17866.51,36886.66,249018.0,255078.569,258886.32,137281.31,0.0,11004.16,11004.16,1007396.02,1679.13,1028396.02,0.0,0.0,360253.19,4454.57,348798.62,788733.11,4.0,-65494.94,7000.0,600.0,63561.32,221796.4,0.0,25554.27,160844.88999999998,407580.44,0.0,6862.35,5183.22,17866.51,239662.91,5183.22,-11004.16,0.0,41823.71333333333,827311.65,827311.65,174167.97,VINS GUILLAMET SL_resum
2022-01-01,99580.66,229395.27,420135.24,195325.0,24487.91,844467.9400000001,71040.12000000001,235426.29,19043.7,17840.25,36883.95,184108.95,190139.97,264330.53,147305.87999999998,0.0,10605.01,10605.01,1081362.21,1814.74,1081362.21,0.0,23.71,343770.0,2161.51,334608.49000000005,844467.9400000001,4.0,-52704.44,7000.0,600.0,69005.53,219054.02,0.0,99558.66,99580.66,399994.05,0.0,7258.95,5444.21,17840.25,236894.27,5444.21,-10581.3,0.0,48920.90666666666,763905.24,763905.24,184213.54,VINS GUILLAMET SL_resum
2023-01-01,49406.93,230718.34,455084.35,195325.0,23241.73,780187.8500000001,197561.42,224183.37,18769.72,19368.55,38138.27,174282.87999999998,167747.91,268802.54,143758.5,0.0,13630.73,13630.73,1030141.29,1322.48,1030141.29,0.0,56.67,325000.28,0.0,318000.28,780187.8500000001,4.0,-68056.67000000001,7000.0,56618.1,73477.54,230584.89,0.0,33595.4,49406.93,461875.16,0.0,5794.49,4472.01,19368.55,249953.44,4472.01,-13574.06,0.0,56018.1,780084.63,780084.63,181953.44,VINS GUILLAMET SL_resum
