Año,Acreedores a L. P.,Acreedores comerciales,Activo circulante,Capital suscrito,Cash flow,Consumo de mercaderías y de materias,Deudas financieras,Deudores,Dotaciones para amortiz. de inmovil.,EBIT,EBITDA,Existencias,Fondo de maniobra,Fondos propios,Gastos de personal,Gastos extraordinarios,Gastos financieros,Gastos financieros y gastos asimilados,Importe neto Cifra de Ventas,Impuestos sobre sociedades,Ingresos de explotación,Ingresos extraordinarios,Ingresos financieros,Inmovilizado,Inmovilizado inmaterial,Inmovilizado material,Materiales,Número empleados,Otros Conceptos de Explotación,Otros activos fijos,Otros activos líquidos,Otros fondos propios,Otros gastos de explotación,Otros pasivos fijos,Otros pasivos líquidos,Pasivo fijo,Pasivo líquido,Provisiones,Result. ordinarios antes Impuestos,Resultado Actividades Ordinarias,Resultado Explotación,Resultado bruto,Resultado del Ejercicio,Resultado financiero,Resultados actividades extraordinarias,Tesorería,Total activo,Total pasivo y capital propio,Valor agregado,Empresa
2023,50380.99,25010.480000000003,398328.66,318530.0,26456.460000000003,94116.69,39893.33,109415.84,19759.02,12882.96,32641.980000000003,279175.0,363580.36,795234.53,41204.61,n.d.,4184.978999999999,4184.978999999999,188924.49,2000.54,252953.43,n.d.,0,604899.1799999999,225.97,604673.21,94116.69,1.0,-84990.15000000001,n.d.,9737.82,476704.53,145953.78,0,92708.51,50380.99,157612.31999999998,n.d.,8697.98,6697.44,12882.96,158836.74000000002,6697.44,-4184.978999999999,n.d.,9737.82,1003227.84,1003227.84,73846.589,AGRICOLA RAMADERA JUMI SL_resum
2022,47383.91,20229.72,368725.14,318530.0,20456.3,85223.25,17253.27,65451.71,18474.29,4832.35,23306.64,291300.0,336521.99000000005,788537.09,47637.15,n.d.,2264.03,2264.03,162698.09,660.6700000000001,216372.83,n.d.,74.36,580193.43,376.72999999999996,579816.7,85223.25,1.0,-60205.789,n.d.,11973.43,470007.09,126317.23,0,75514.58,47383.91,112997.57,n.d.,2642.68,1982.009,4832.35,131149.579,1982.009,-2189.67,n.d.,11973.43,948918.57,948918.57,71018.15000000001,AGRICOLA RAMADERA JUMI SL_resum
2021,73683.22,16361.48,359239.39,318530.0,19928.44,62579.729999999996,18488.129999999997,68391.95,17687.43,4981.22,22668.65,280305.0,332335.47000000003,786555.08,48037.71,n.d.,1993.2,1993.2,161033.81999999998,747.01,220755.8,n.d.,0,603167.72,528.2800000000001,602639.4400000001,62579.73,1.0,-87469.70999999999,n.d.,10542.44,468025.08,153194.849,0,67319.2,73683.22,102168.81,n.d.,2988.02,2241.01,4981.22,158176.07,2241.01,-1993.2,n.d.,10542.44,962407.11,962407.11,70706.36,AGRICOLA RAMADERA JUMI SL_resum
2020,77442.57,11930.61,366535.85,318530.0,16329.51,54034.25,7764.469999999999,82699.48,12047.18,6311.27,18358.45,265250.0,336018.87,784314.07,42119.15,n.d.,601.5,601.5,141521.9,1427.44,203031.139,n.d.,0,588355.15,752.25,587602.9,54034.25,1.0,-88519.29,n.d.,18586.37,465784.07,142685.62,0,73439.28,77442.57,93134.36,n.d.,5709.77,4282.33,6311.27,148996.88899999997,4282.33,-601.5,n.d.,18586.37,954891.0,954891.0,60477.6,AGRICOLA RAMADERA JUMI SL_resum
2019,n.d.,17284.71,353283.93000000005,318530.0,19484.36,95198.39,1474.85,72275.68000000001,10531.75,12392.94,22924.69,249250.0,304240.97000000003,780031.74,35394.41,n.d.,456.12,456.12,154593.15,2984.21,229230.06,n.d.,0,491972.59,976.22,490996.37,95198.39,1.0,-75712.569,n.d.,31758.25,461501.74,121638.729,0,46465.22,n.d.,65224.78,n.d.,11936.82,8952.61,12392.94,134031.669,8952.61,-456.12,n.d.,31758.25,845256.52,845256.52,58319.1,AGRICOLA RAMADERA JUMI SL_resum
2018,1474.85,16252.4,358856.44,318530.0,15506.48,44763.59,17302.68,60149.47,10356.01,8157.17,18513.18,269120.0,313017.069,771079.13,50331.28,n.d.,1339.87,1339.87,122559.5,1716.83,191688.14,n.d.,50,498299.95,220.42000000000002,498079.53,44763.59,1.0,-78080.09,n.d.,29586.97,452549.13,138767.37999999998,0,51047.33,1474.85,84602.40999999999,n.d.,6867.3,5150.469999999999,8157.17,146924.55,5150.469999999999,-1289.87,n.d.,29586.97,857156.39,857156.39,68894.459,AGRICOLA RAMADERA JUMI SL_resum
2017,18777.53,15771.27,350794.73000000004,318530.0,22912.379,52704.54,16595.2,60046.63,21208.39,4277.660000000001,25486.05,240450.0,284725.36,765928.66,35244.57,n.d.,2005.67,2005.67,111525.63,568.0,176739.86,n.d.,0,508655.96,293.63,508362.33,52704.54,1.0,-63304.7,n.d.,50298.1,447398.66,119757.66,0,42378.03,18777.53,74744.5,n.d.,2271.99,1703.989,4277.660000000001,124035.32,1703.989,-2005.67,n.d.,50298.1,859450.69,859450.69,60730.619,AGRICOLA RAMADERA JUMI SL_resum
2016,35372.74,14451.49,334779.7,318530.0,38669.21,74094.13,7672.610000000001,75427.6,29786.11,15388.31,45174.42,236270.5,297246.61,764224.6699999999,30116.480000000003,n.d.,3544.27,3544.27,146917.51,2961.04,222219.01,n.d.,0.1,527655.39,n.d.,527655.39,74094.13,1.0,-72833.98,n.d.,23081.6,445694.67,132736.569,0,40713.58,35372.74,62837.68,n.d.,11844.14,8883.099,15388.31,148124.87999999998,8883.099,-3544.17,n.d.,23081.6,862435.09,862435.09,75291.0,AGRICOLA RAMADERA JUMI SL_resum
2015,51289.4,14925.31,385350.27,318530.0,33664.86,72412.7,48926.42,109095.77,26830.14,12897.41,39727.55,258810.55,352981.01,755341.57,30621.23,n.d.,3787.67,3787.67,149964.26,2278.24,200133.41,n.d.,3.22,538462.92,n.d.,538462.92,72412.7,1.0,-57371.93,n.d.,17443.95,436811.569,114823.3,0,53330.49,51289.4,117182.22,n.d.,9112.96,6834.719,12897.41,127720.70999999999,6834.719,-3784.45,n.d.,17443.95,923813.19,923813.19,70352.0,AGRICOLA RAMADERA JUMI SL_resum
2014,n.d.,16350.6,389279.21,318530.0,44103.8,61386.350000000006,41318.41,68871.90999999999,36185.68,11228.95,47414.63,278630.55,331151.86,748506.8500000001,31304.77,n.d.,1331.55,1331.55,140428.63,1979.53,207273.69,n.d.,0.25,454220.7,9.55,454211.15,61386.350000000006,2.0,-67167.93999999999,n.d.,41776.75,429976.85,134658.38999999998,0,37324.049,n.d.,94993.06,n.d.,9897.65,7918.120000000001,11228.95,145887.34,7918.120000000001,-1331.3,n.d.,41776.75,843499.91,843499.91,78719.65000000001,AGRICOLA RAMADERA JUMI SL_resum
2013,6317.96,18725.02,365258.65,318530.0,44260.05,51872.58,43347.04,76181.45,37037.22,11501.97,48539.19,275365.79000000004,332822.22000000003,740588.73,19071.13,n.d.,1861.59,1861.59,134519.62,2417.61,207911.39,n.d.,0.06,490406.38,66.03,490340.35,51872.58,2.0,-88428.48999999999,n.d.,13711.41,422058.73,144536.84,0,46686.28,6317.96,108758.34,n.d.,9640.44,7222.83,11501.97,156038.81,7222.83,-1861.53,n.d.,13711.41,855665.03,855665.03,67610.38,AGRICOLA RAMADERA JUMI SL_resum
2012,14665,16529.93,303843.51,318530.0,49536.07,62382.33,30406.43,39887.34,36298.17,20207.69,56505.86,254890.76,278248.17,733365.9,38069.71,n.d.,3660.42,3660.42,113302.83,3309.48,216130.72,n.d.,0.11,527443.6,122.51,527321.0889999999,62382.33,3.0,-59172.82,n.d.,9065.41,414835.9,133540.699,0,36319.850000000006,14665,83256.20999999999,n.d.,16547.38,13237.9,20207.69,153748.38999999998,13237.9,-3660.31,n.d.,9065.41,831287.11,831287.11,94575.68,AGRICOLA RAMADERA JUMI SL_resum
2011,32884.41,22211.62,347493.8,318530.0,30808.03,50403.6,37993,70056.27,22606.35,15233.56,37839.909,264500.5,312345.15,720128.0,21114.8,n.d.,4298.18,4298.18,102684.79,2733.8900000000003,173748.49,n.d.,0.19,559711.8,n.d.,559711.8,50403.6,1.0,-64390.18,n.d.,12937.03,401598.0,108111.33,0,93988.569,32884.41,154193.19,n.d.,10935.57,8201.68,15233.56,123344.88900000001,8201.68,-4297.99,n.d.,12937.03,907205.6,907205.6,58954.9,AGRICOLA RAMADERA JUMI SL_resum
2010,54888.259999999995,22125.9,353669.21,318530.0,37980.34,54606.54,43628.840000000004,78467.88,25457.55,19960.960000000003,45418.509,263260.5,319602.48000000004,711926.3200000001,27622.28,n.d.,3667.14,3667.14,113812.1,4174.26,191707.03,n.d.,403.22999999999996,579318.15,n.d.,579318.15,54606.54,2.0,-64059.7,n.d.,11940.83,393396.32,117139.53,0,100418.04,54888.259999999995,166172.78,n.d.,16697.05,12522.789,19960.960000000003,137100.49,12522.789,-3263.9100000000003,n.d.,11940.83,932987.36,932987.36,73444.02,AGRICOLA RAMADERA JUMI SL_resum
2009,22864.01,13982.82,340539.87,318530.0,42521.24,59132.71,116986.82,69660.08,28286.49,28749.24,57035.73,260947.78,316625.04,699403.53,16715.73,n.d.,9906.64,9906.64,116936.26,4744.92,201297.2,n.d.,137.07,604775.7,n.d.,604775.7,59132.71,1.0,-68413.03,n.d.,9932.01,380873.53,113415.25,0,92078.39,22864.01,223048.03,n.d.,18979.67,14234.749000000002,28749.24,142164.49,14234.749000000002,-9769.57,n.d.,9865.949999999999,945315.57,945315.57,73888.53,AGRICOLA RAMADERA JUMI SL_resum
2008,86712.85,15983.92,404862.66,318530.0,51135.28,49139.13,113977.95,125123.95,42810.03,21590.5,64400.53,275321.48000000004,384461.51,685168.7799999999,30163.42,n.d.,11018.7,11018.7,131970.56,2775.08,210674.169,n.d.,528.53,594062.19,n.d.,594062.19,49139.13,2.0,-66971.09,n.d.,4417.23,366638.78,139944.539,0,97081.349,86712.85,227043.22,n.d.,11100.33,8325.25,21590.5,161535.039,8325.25,-10490.17,n.d.,4351.17,998924.85,998924.85,95092.48,AGRICOLA RAMADERA JUMI SL_resum
2007,107272.18000000001,n.d.,397890.39,318530.0,63381.77,n.d.,n.d.,124842.41,47846.5,34250.17,82096.67000000001,273047.98000000004,397890.39,676843.53,30573.23,n.d.,14829.76,14829.76,134537.97999999998,5178.429999999999,229258.0,391.54,901.75,636872.22,n.d.,636872.22,56266.82,2.0,n.d.,0,0.0,358313.53,n.d.,n.d.,250646.9,107272.18000000001,250646.9,n.d.,20322.16,15143.73,34250.17,n.d.,15535.27,-13928.01,391.54,n.d.,1034762.61,1034762.61,113963.189,AGRICOLA RAMADERA JUMI SL_resum
2006,170435.2,n.d.,396648.27,318530.0,69765.73,n.d.,n.d.,98805.05,48215.76,45634.76,93850.52,289419.18,388224.23,661308.26,37507.17,0.99,14848.12,14848.12,137851.31,9235.7,241750.33,0.02,n.d.,683187.43,n.d.,683187.43,57439.810000000005,2.0,n.d.,0,8424.04,342778.26,n.d.,n.d.,248092.24,170435.2,248092.24,n.d.,30786.64,21550.94,45634.76,n.d.,21549.97,-14848.12,-0.97,8424.04,1079835.7,1079835.7,131356.72,AGRICOLA RAMADERA JUMI SL_resum
2005,243731.08,n.d.,383797.57,318530.0,69967.12000000001,n.d.,n.d.,68544.85,59529.8,30008.71,89538.51,309824.6,378369.449,639758.2899999999,44788.95,n.d.,15098.34,15098.34,141534.25,4473.14,242655.789,n.d.,0.09,731403.19,182.19,731221.0,46201.68,3.0,n.d.,0,5428.120000000001,321228.29000000004,n.d.,n.d.,231711.39,243731.08,231711.39,n.d.,14910.46,10437.32,30008.71,n.d.,10437.32,-15098.25,n.d.,5428.120000000001,1115200.76,1115200.76,134327.55,AGRICOLA RAMADERA JUMI SL_resum
2004,314810.99000000005,n.d.,376212.32,318530.0,65703.759,n.d.,n.d.,56880.72,55684.7,32794.519,88479.219,310014.3,366895.02,629320.97,44744.28,245,18131.91,18131.91,137717.74000000002,4398.88,229425.81,n.d.,0.33000000000000007,787932.99,7016.37,780916.62,45936.47,3.0,n.d.,0,9317.3,310790.97000000003,n.d.,n.d.,220013.35,314810.99000000005,220013.35,n.d.,14662.94,10264.06,32794.519,n.d.,10019.06,-18131.58,-245,9317.3,1164145.31,1164145.31,132978.82899999997,AGRICOLA RAMADERA JUMI SL_resum
2003,389780.33,n.d.,351203.31,318530.0,67981.35,n.d.,n.d.,50528.12,59679.26,31445.25,91124.51,294780.1,345308.22000000003,619301.91,42040.2,n.d.,24780.980000000003,24780.980000000003,180482.76,3558.04,259258.08,5185.94,9.92,814273.23,1593.54,812679.69,53362.56,3.0,n.d.,0,5895.09,300771.91000000003,n.d.,n.d.,156394.3,389780.33,156394.3,n.d.,6674.1900000000005,3116.149,31445.25,n.d.,8302.09,-24771.06,5185.94,5895.09,1165476.54,1165476.54,138360.57,AGRICOLA RAMADERA JUMI SL_resum
2002,354722.98000000004,n.d.,381903.11,318530.0,59758.69,n.d.,n.d.,48198.89,51912.64,35966.3,87878.93999999999,297894.7,346093.59,610999.8200000001,59082.91,n.d.,24861.6,24861.6,152759.16,3362.6,241070.48,0.36000000000000004,103.59,830403.38,3560.82,826842.56,20080.11,4.0,n.d.,0,35809.519,292469.819,n.d.,n.d.,246583.69,354722.98000000004,246583.69,n.d.,11208.29,7845.69,35966.3,n.d.,7846.05,-24758.01,0.36000000000000004,35809.52,1212306.49,1212306.49,147065.8,AGRICOLA RAMADERA JUMI SL_resum
2001,420708.47000000003,n.d.,334157.5,318530.0,54808.25,n.d.,n.d.,59053.63,42467.57,52670.5,95138.07,265760.78900000005,324814.41900000005,603153.7699999999,54975.48,n.d.,35763.83,35763.83,144664.76,5288.87,221189.34,94.04,628.8399999999999,825820.89,5528.1,820292.7899999999,-1418.77,4.0,n.d.,0,9343.081,284623.77,n.d.,n.d.,136116.15,420708.47000000003,136116.15,n.d.,17535.51,12246.64,52670.5,n.d.,12340.68,-35134.99,94.04,9343.08,1159978.39,1159978.39,150836.43,AGRICOLA RAMADERA JUMI SL_resum
2000,420708.47000000003,n.d.,387023.48,318530.0,24745.04,n.d.,n.d.,152766.63,12275.46,25214.34,37489.8,91499.89,244266.52,590813.1,7091.94,25.97,7548.110000000001,7548.110000000001,104481.04,5344.110000000001,155242.05,n.d.,173.42000000000002,743015.4,7102.2699999999995,735913.13,68575.42,1.0,n.d.,0,142756.95899999997,272283.1,n.d.,n.d.,118517.3,420708.47000000003,118517.3,n.d.,17839.66,12495.55,25214.34,n.d.,12469.58,-7374.68,-25.97,142756.94999999998,1130038.87,1130038.87,44729.2,AGRICOLA RAMADERA JUMI SL_resum
1999,n.d.,n.d.,136678.62,102172.06,20182.74,n.d.,n.d.,51724.96,7532.71,26354.53,33887.24,84953.66,136678.62,186337.71,6310.63,n.d.,8292.2,8292.2,74055.08,5421.44,131817.1,n.d.,9.15,126529.07,n.d.,126529.07,49149.39,1.0,n.d.,0,0.0,84165.65000000001,n.d.,n.d.,76869.98,n.d.,76869.98,n.d.,18071.47,12650.03,26354.53,n.d.,12650.03,-8283.049,n.d.,n.d.,263207.69,263207.69,40207.01,AGRICOLA RAMADERA JUMI SL_resum
