Año,Acreedores a L. P.,Acreedores comerciales,Activo circulante,Capital suscrito,Cash flow,Consumo de mercaderías y de materias,Deudas financieras,Deudores,Dotaciones para amortiz. de inmovil.,EBIT,EBITDA,Existencias,Fondo de maniobra,Fondos propios,Gastos de personal,Gastos extraordinarios,Gastos financieros,Gastos financieros y gastos asimilados,Importe neto Cifra de Ventas,Impuestos sobre sociedades,Ingresos de explotación,Ingresos extraordinarios,Ingresos financieros,Inmovilizado,Inmovilizado inmaterial,Inmovilizado material,Materiales,Número empleados,Otros Conceptos de Explotación,Otros activos fijos,Otros activos líquidos,Otros fondos propios,Otros gastos de explotación,Otros pasivos fijos,Otros pasivos líquidos,Pasivo fijo,Pasivo líquido,Provisiones,Result. ordinarios antes Impuestos,Resultado Actividades Ordinarias,Resultado Explotación,Resultado bruto,Resultado del Ejercicio,Resultado financiero,Resultados actividades extraordinarias,Tesorería,Total activo,Total pasivo y capital propio,Valor agregado,Empresa
2023,931813.87,813603.23,1792321.8,83000.0,202078.91,1552132.58,742217.3200000001,1063248.86,131557.91,161766.68,293324.58900000004,708972.31,958617.94,693161.38,892641.81,n.d.,67221.64,67221.64,3118838.99,24024.04,3118953.38,n.d.,0,1597559.4,20944.9,1568640.46,1885822.22,21.0,-380854.4,7974.04,20100.63,610161.38,1405054.1190000002,18544.329999999998,190541.07,950358.2,1746361.62,n.d.,94545.04,70521.0,161766.68,1566820.8,70521.0,-67221.64,n.d.,17145.77,3389881.2,3389881.2,1185966.4,ASSISTENCIA I MILLORA TECNICA INDUSTRIAL SL_resum
2022,1133689.85,427352.62,1950671.05,83000.0,189638.1,1453078.3,1060907.1900000002,1317833.55,111025.94,163851.9,274877.83900000004,626144.62,1516625.549,754405.99,882927.64,n.d.,57904.18,57904.18,2927569.93,27335.56,2957378.53,n.d.,0,1626580.04,27283.63,1599272.37,1443727.25,22.0,-346494.75,24.04,6692.88,671405.99,1340448.33,21416.38,179479.06,1155106.23,1667738.87,n.d.,105947.72,78612.16,163851.9,1504300.23,78612.16,-57904.18,n.d.,3736.03,3577251.09,3577251.09,1157805.48,ASSISTENCIA I MILLORA TECNICA INDUSTRIAL SL_resum
2021,1147548.84,375410.3,1978392.36,83000.0,68215.6,1648455.1900000002,831078.7,1186029.6700000002,55553.53,78153.28,133706.81,786995.6699999999,1597615.039,748226.07,851204.63,n.d.,61270.52,61270.52,2995409.72,4220.6900000000005,2995409.72,n.d.,0,1388885.99,35834.759999999995,1353027.1900000002,1648455.1900000002,16.0,-362043.09,24.04,5367.02,665226.07,1268801.25,22786.55,242227.89,1170335.39,1448716.89,n.d.,16882.760000000002,12662.07,78153.28,1346954.53,12662.07,-61270.52,n.d.,2408.18,3367278.35,3367278.35,984911.44,ASSISTENCIA I MILLORA TECNICA INDUSTRIAL SL_resum
2020,1099614.81,206015.18,1503825.53,83000.0,61414.04,1161717.96,668924.1699999999,726114.66,55553.53,44926.56,100480.09,770245.37,1290344.85,735564.0,801151.6699999999,n.d.,37112.53,37112.53,2179028.24,1953.52,2206028.24,n.d.,0,1339524.3,47345.56,1292154.7,1161717.96,16.0,-142678.52,24.04,7465.5,652564.0,999383.72,22786.55,110445.12,1122401.36,985384.47,n.d.,7814.03,5860.51,44926.56,1044310.2799999999,5860.51,-37112.53,n.d.,4504.67,2843349.83,2843349.83,901631.76,ASSISTENCIA I MILLORA TECNICA INDUSTRIAL SL_resum
2019,268189.99000000005,557489.3300000001,1492809.27,83000.0,123342.859,1300262.81,828465.669,701269.65,114282.01,49898.11,164180.12,775741.89,919522.21,729703.49,910758.2,n.d.,37816.97,37816.97,2721465.33,3020.29,2721465.33,n.d.,0,1140970.82,58856.36,1082090.42,1300709.57,21.0,-346264.2,24.04,15797.73,646703.49,1371304.41,25318.37,224613.24,293508.36,1610568.24,n.d.,12081.14,9060.849,49898.11,1421202.519,9060.849,-37816.97,n.d.,12834.9,2633780.09,2633780.09,1074938.32,ASSISTENCIA I MILLORA TECNICA INDUSTRIAL SL_resum
2018,375716.47,897691.62,1815775.17,3005.06,123532.14,2225454.04,970805.3200000001,938859.23,109811.19,57227.4,167038.59,780694.9,821862.509,640647.7,1008793.53,n.d.,38742.810000000005,38742.810000000005,3742316.05,4763.64,3742316.05,n.d.,0,1206188.93,65703.929,1140460.96,2309204.09,21.0,-341029.89,24.04,96221.04,637642.639,1459634.61,25940.93,111162.06,401657.4,1979659.0,n.d.,18484.59,13720.95,57227.4,1516862.009,13720.95,-38742.810000000005,n.d.,93256.22,3021964.1,3021964.1,1175832.12,ASSISTENCIA I MILLORA TECNICA INDUSTRIAL SL_resum
2017,337001.65,1105252.6700000002,1555612.5,3005.06,126307.53,1493497.77,572153.25,821624.56,113296.14,53305.78,166601.919,695296.47,411668.36,626926.75,949323.64,n.d.,35640.6,35640.6,2867054.44,4653.79,2867054.44,n.d.,0,1228113.45,70840.07,1157249.34,1864521.79,20.0,-257631.11000000002,24.04,38691.47,623921.69,1320250.8900000001,26628.03,115763.6,363629.68,1793169.52,n.d.,17665.18,13011.39,53305.78,1373556.6700000002,13011.39,-35640.6,n.d.,35724.66,2783725.95,2783725.95,1115925.56,ASSISTENCIA I MILLORA TECNICA INDUSTRIAL SL_resum
2016,321632.55,653783.8400000001,1505178.21,3005.06,144683.41,1555295.2,752596.26,1055239.56,99645.42,89082.12000000001,188727.539,271045.41000000003,672501.13,613915.3600000001,954154.04,n.d.,34168.880000000005,34168.880000000005,3208625.33,9875.25,3208625.33,n.d.,0,1012387.3,78637.06,933726.2,1555295.2,20.0,-510448.55,24.04,178893.24000000002,610910.3,1564248.01,27225.71,148411.79,348858.26,1554791.89,n.d.,54913.24,45037.99,89082.12000000001,1653330.1300000001,45037.99,-34168.880000000005,n.d.,175926.43,2517565.51,2517565.51,1142881.579,ASSISTENCIA I MILLORA TECNICA INDUSTRIAL SL_resum
2015,349394.03,698869.8500000001,1474880.51,3005.06,105242.44,1888112.06,625403.419,1005328.33,81828.83,59453.7,141282.53,306663.48000000004,613121.9600000001,568877.37,827406.39,n.d.,28235.55,28235.55,3174346.29,7804.54,3174346.29,n.d.,0,953356.6,83613.22,869719.3400000001,1792571.1900000002,16.0,-317545.31,24.04,162888.699,565872.309,1226780.53,29176.93,156515.51,378570.96,1480788.78,n.d.,31218.15,23413.61,59453.7,1286234.23,23413.61,-28235.55,n.d.,159914.58,2428237.11,2428237.11,968688.92,ASSISTENCIA I MILLORA TECNICA INDUSTRIAL SL_resum
2014,300223.9,458105.31,1019212.99,3005.06,99433.36,1412519.6300000001,474179.16,609694.08,43624.54,109812.36,153436.9,399235.24,550824.01,545463.76,552913.63,n.d.,30437.59,30437.59,2387593.52,23565.95,2387593.52,n.d.,0,870539.57,14056.93,853719.65,1368720.04,11.0,-268723.36,2762.99,10283.67,542458.7,865261.53,27927.149999999998,83853.28,328151.05,1016137.75,n.d.,79374.77,55808.82,109812.36,975073.89,55808.82,-30437.59,n.d.,7284.110000000001,1889752.56,1889752.56,706350.53,ASSISTENCIA I MILLORA TECNICA INDUSTRIAL SL_resum
2013,256240.4,311650.14999999997,971854.34,3005.06,52165.54,666865.72,675309.48,487922.4900000001,51594.82,45693.47,97288.29,464715.98,640988.3200000001,489654.94,649604.19,n.d.,35829.48,35829.48,1737400.22,9293.27,1737400.22,n.d.,0,885682.9600000001,5834.18,858043.53,772702.2799999999,13.0,-323642.02,21805.25,19215.87,486649.879,1024841.029,23403.460000000003,101278.87,279643.86,1088238.5,n.d.,9863.99,570.719,45693.47,1070534.5,570.719,-35829.48,n.d.,16211.87,1857537.3,1857537.3,746892.4789999999,ASSISTENCIA I MILLORA TECNICA INDUSTRIAL SL_resum
2012,283907.02,421130.52,1230003.72,3005.06,83824.03,951599.23,787341.9400000001,874786.6,72387.07,48049.71,120436.78,320697.97000000003,774354.049,489084.22,741055.8200000001,n.d.,29133.03,29133.03,2084576.62,7481.45,2084576.62,n.d.,1.7300000000000002,822964.76,6020.429999999999,816920.2899999999,992436.19,15.0,-271484.79000000004,24.04,34519.15,486079.16,1084927.6800000002,17231.89,54272.89,301138.91000000003,1262745.35,n.d.,18918.41,11436.96,48049.71,1132977.3900000001,11436.96,-29131.3,n.d.,31515.15,2052968.48,2052968.48,861494.3300000001,ASSISTENCIA I MILLORA TECNICA INDUSTRIAL SL_resum
2011,289690.71,437236.62,1198321.41,3005.06,87736.849,1571280.35,580341.5,928543.93,73763.9,44269.7,118033.599,256887.2,748194.51,477647.26,727407.19,n.d.,22973.11,22973.11,2676041.24,7323.64,2676041.24,n.d.,0,678807.16,3632.93,675150.19,1598307.1,17.0,-259320.1,24.04,12890.28,474642.2,1060491.1900000002,12755.94,79456.54,302446.65,1097034.66,n.d.,21296.59,13972.95,44269.7,1104760.8900000001,13972.95,-22973.11,n.d.,12890.28,1877128.57,1877128.57,845440.7889999999,ASSISTENCIA I MILLORA TECNICA INDUSTRIAL SL_resum
2010,278435.2,436554.23000000004,1400156.6900000002,3005.06,127434.43,1472339.1500000001,691430.48,1146784.6900000002,102759.67,53951.17,156710.84,225805.18,936035.639,463674.31,817985.6799999999,n.d.,20046.29,20046.29,2706908.45,9680.0,2706908.45,n.d.,449.88,600089.65,1927.48,596033.6,1679735.78,20.0,-259872.78,2128.57,27566.82,460669.25,1180618.1300000001,9081.93,121070.19,287517.13,1249054.9,n.d.,34354.759999999995,24674.76,53951.17,1234569.3,24674.76,-19596.41,n.d.,27566.82,2000246.34,2000246.34,975146.4,ASSISTENCIA I MILLORA TECNICA INDUSTRIAL SL_resum
2009,139852.0,480682.71,1086664.75,3005.06,142580.34,1379924.7,399520.23000000004,1042261.76,73637.56,109422.88,183060.44,16290.28,577869.3300000001,438999.55,830561.6699999999,n.d.,16679.66,16679.66,2582688.57,24729.41,2582688.57,n.d.,928.97,497418.64,2893.3300000000004,492396.74,1379924.7,21.0,-189141.76,2128.57,28112.71,435994.4900000001,1093340.99,10379.83,114649.07,150231.83,994852.01,n.d.,93672.19,68942.78,109422.88,1202763.8690000002,68942.78,-15750.69,n.d.,28112.71,1584083.39,1584083.39,1014551.08,ASSISTENCIA I MILLORA TECNICA INDUSTRIAL SL_resum
2008,116248.51,552634.7799999999,1232073.86,3005.06,101915.62900000002,1641119.55,300668.08,1123694.25,69287.43,84097.05,153384.479,14618.2,585677.669,370056.77,766327.92,n.d.,26094.56,26094.56,3025978.77,25374.29,3025978.77,n.d.,0,281045.82,5320.17,273597.08,1641119.55,20.0,-465146.82,2128.57,93761.41,367051.71,1300762.1700000002,9857.349999999999,163654.19,126105.86,1016957.05,n.d.,58002.49,32628.199,84097.05,1384859.22,32628.199,-26094.56,n.d.,85641.40999999999,1513119.6800000002,1513119.6800000002,919712.4,ASSISTENCIA I MILLORA TECNICA INDUSTRIAL SL_resum
2007,220085.98,n.d.,1399260.039,3005.06,275051.93000000005,n.d.,n.d.,1183679.33,52714.41,327757.81,380472.22,14326.47,1198005.8,337428.57,546081.25,n.d.,20812.4,20812.4,2904260.99,88253.42,2904260.99,3620.32,25.21,399426.88,230884.97,164344.12,1646247.73,15.0,n.d.,4197.79,201254.239,334423.51,n.d.,n.d.,1241172.37,220085.98,1241172.37,n.d.,306970.62,218717.2,327757.81,n.d.,222337.52,-20787.19,3620.32,176672.84,1798686.92,1798686.92,930199.0,ASSISTENCIA I MILLORA TECNICA INDUSTRIAL SL_resum
2006,133472.15,n.d.,574830.3600000001,3005.06,58740.259,n.d.,n.d.,541418.55,54056.6,26076.56,80133.16,17623.45,559042.0,115091.05,517858.98,n.d.,17085.23,17085.23,1746442.91,4307.67,1746442.91,n.d.,n.d.,263574.44,110354.8,149021.84999999998,960714.38,15.0,n.d.,4197.79,15788.359,112085.99,n.d.,n.d.,589841.6,133472.15,589841.6,n.d.,8991.33,4683.660000000001,26076.56,n.d.,4683.660000000001,-17085.23,n.d.,11961.16,838404.8,838404.8,597992.139,ASSISTENCIA I MILLORA TECNICA INDUSTRIAL SL_resum
2005,189100.16,n.d.,430719.83,3005.06,62957.2,n.d.,n.d.,377485.72,50363.32,28742.83,79106.15000000001,37783.27,415268.9900000001,110407.39,478464.07,n.d.,11181.54,11181.54,1601679.7,5397.360000000001,1601679.7,429.95,n.d.,304656.75,132130.0,171012.2,871189.52,14.0,n.d.,1514.549,15450.84,107402.33,n.d.,n.d.,435869.03,189100.16,435869.03,n.d.,17561.29,12163.93,28742.83,n.d.,12593.88,-11181.54,429.95,9203.35,735376.58,735376.58,558000.1699999999,ASSISTENCIA I MILLORA TECNICA INDUSTRIAL SL_resum
2004,86803.92,n.d.,372615.04,3005.06,50712.13,n.d.,n.d.,290856.65,47335.2,15124.35,62459.549,33515.089,324371.73900000006,97813.51,508599.73,n.d.,10300.17,10300.17,1474849.09,1447.25,1474849.09,n.d.,n.d.,196746.69,132377.44999999998,62854.69,816181.24,15.0,n.d.,1514.549,48243.3,94808.45,n.d.,n.d.,384744.3,86803.92,384744.3,n.d.,4824.18,3376.9300000000003,15124.35,n.d.,3376.9300000000003,-10300.17,n.d.,38006.89,569361.73,569361.73,571059.2799999999,ASSISTENCIA I MILLORA TECNICA INDUSTRIAL SL_resum
2003,108122.58,n.d.,500923.98,3005.06,103994.81,n.d.,n.d.,389791.83,44769.12,88874.05,133643.17,9180.14,398971.97,94436.58,378674.21,n.d.,7393.25,7393.25,1570330.71,25382.44,1570330.71,3127.3300000000004,n.d.,224537.37,130780.39,92242.43,952847.71,12.0,n.d.,1514.55,101952.01,91431.52,n.d.,n.d.,522902.19,108122.58,522902.19,n.d.,81480.8,56098.36,88874.05,n.d.,59225.69,-7393.25,3127.3300000000004,87537.68000000001,725461.3500000001,725461.3500000001,515444.71,ASSISTENCIA I MILLORA TECNICA INDUSTRIAL SL_resum
2002,78606.75,n.d.,210336.07,3005.06,58000.63,n.d.,n.d.,176276.58,38335.37,38507.32,76842.69,12584.43,188861.009,35210.89,291819.87,818.8299999999999,19057.61,19057.61,993684.12,7727.04,993684.12,8761.42,n.d.,180091.16,85943.62000000001,92632.99,558274.74,12.0,n.d.,1514.55,21475.06,32205.829,n.d.,n.d.,276609.59,78606.75,276609.59,n.d.,19449.71,11722.669,38507.32,n.d.,19665.26,-19057.61,7942.59,7359.110000000001,390427.23,390427.23,376605.149,ASSISTENCIA I MILLORA TECNICA INDUSTRIAL SL_resum
2001,29442.87,n.d.,186557.36,3005.06,29161.71,n.d.,n.d.,121244.52,27736.08,15730.72,43466.8,48653.17,169897.69,15545.62,185347.23,n.d.,13959.09,13959.09,834954.62,346.0,834954.62,n.d.,n.d.,101169.21,31775.77,67878.89,536713.939,10.0,n.d.,1514.55,16659.668999999998,12540.56,n.d.,n.d.,242738.08,29442.87,242738.08,n.d.,1771.63,1425.63,15730.72,n.d.,1425.63,-13959.09,n.d.,12533.11,287726.57,287726.57,228814.03,ASSISTENCIA I MILLORA TECNICA INDUSTRIAL SL_resum
2000,24571.63,n.d.,125638.99,3005.06,22178.82,n.d.,n.d.,78916.65000000001,21081.59,12930.87,34012.46,41037.91,119954.56,14120.0,183561.4,n.d.,11366.7,11366.7,639908.2699999999,470.24,639908.2699999999,n.d.,3.29,96240.73,14302.41,80423.77,368236.79,10.0,n.d.,1514.549,5684.429999999999,11114.94,n.d.,n.d.,183188.1,24571.63,183188.1,n.d.,1567.46,1097.22,12930.87,n.d.,1097.23,-11363.41,n.d.,1962.51,221879.73,221879.73,217577.16,ASSISTENCIA I MILLORA TECNICA INDUSTRIAL SL_resum
1999,21083.460000000003,n.d.,99318.45,3005.06,31363.35,n.d.,n.d.,49490.65,23711.71,20558.44,44270.149,27068.25,76558.9,13022.77,154560.15,n.d.,9638.33,9638.33,541891.1799999999,3279.27,542051.05,n.d.,10.79,80636.62000000001,213.7,78908.36,309787.39,7.0,n.d.,1514.559,22759.549,10017.71,n.d.,n.d.,145848.83,21083.460000000003,145848.83,n.d.,10930.91,7651.639,20558.44,n.d.,7651.64,-9627.53,n.d.,19069.64,179955.06,179955.06,198841.099,ASSISTENCIA I MILLORA TECNICA INDUSTRIAL SL_resum
