Año,Acreedores a L. P.,Acreedores comerciales,Activo circulante,Capital suscrito,Cash flow,Consumo de mercaderías y de materias,Deudas financieras,Deudores,Dotaciones para amortiz. de inmovil.,EBIT,EBITDA,Existencias,Fondo de maniobra,Fondos propios,Gastos de personal,Gastos extraordinarios,Gastos financieros,Gastos financieros y gastos asimilados,Importe neto Cifra de Ventas,Impuestos sobre sociedades,Ingresos de explotación,Ingresos extraordinarios,Ingresos financieros,Inmovilizado,Inmovilizado inmaterial,Inmovilizado material,Materiales,Número empleados,Otros Conceptos de Explotación,Otros activos fijos,Otros activos líquidos,Otros fondos propios,Otros gastos de explotación,Otros pasivos fijos,Otros pasivos líquidos,Pasivo fijo,Pasivo líquido,Provisiones,Result. ordinarios antes Impuestos,Resultado Actividades Ordinarias,Resultado Explotación,Resultado bruto,Resultado del Ejercicio,Resultado financiero,Resultados actividades extraordinarias,Tesorería,Total activo,Total pasivo y capital propio,Valor agregado,Empresa
2023,306451.54,996562.66,999755.94,123207.46,102483.75,4241676.42,24376.04,658159.6799999999,78575.59,40705.71,119281.299,275037.16,-63365.819,534855.26,478331.89,n.d.,8828.16,8828.16,5371298.88,7969.39,5371298.88,n.d.,0.0,1056596.05,n.d.,1017842.38,4241676.42,14.0,-532009.2699999999,38753.67,66559.1,411647.8,1088916.75,0,194106.49,306451.54,1215045.1900000002,n.d.,31877.55,23908.16,40705.71,1129622.46,23908.16,-8828.16,n.d.,66559.1,2056351.99,2056351.99,597613.19,COLIPLEX SL_resum
2022,462099.31,1287273.21,1368170.02,123207.46,87345.56,4034543.04,58434.9,952132.86,63354.32,39308.18,102662.5,416037.16,80896.81,510947.1,381233.83,n.d.,7319.860000000001,7319.860000000001,5022662.1,7997.08,5022794.470000001,n.d.,0.0,1142050.62,n.d.,1109846.95,4034543.04,11.0,-504355.1,32203.67,n.d.,387739.64,948943.25,0,191466.12,462099.31,1537174.23,n.d.,31988.32,23991.239,39308.18,988251.429,23991.239,-7319.860000000001,n.d.,n.d.,2510220.64,2510220.64,483896.33,COLIPLEX SL_resum
2021,211465.22,754642.4,1001789.33,123207.46,71734.09,2985808.44,82233.16,735730.81,45022.53,40568.74,85591.269,135437.16,116525.57,486955.86,314491.68,n.d.,4953.33,4953.33,3715626.43,8903.849999999999,3715626.43,n.d.,0.0,636508.31,n.d.,597604.64,2985808.44,9.0,-329735.04,38903.67,130621.36,363748.4,689249.25,0,103001.0,211465.22,939876.56,n.d.,35615.41,26711.56,40568.74,729817.99,26711.56,-4953.33,n.d.,130621.36,1638297.64,1638297.64,400082.95,COLIPLEX SL_resum
2020,268807.66,685946.57,1086338.07,123207.46,71636.64,2463202.54,63996.02,620034.4500000001,44888.16,45275.33,90163.49,194437.16,128525.04,460244.3,268708.4,n.d.,8552.710000000001,8552.710000000001,3122496.18,9974.14,3125646.46,n.d.,0.0,515375.78,n.d.,485778.88,2463202.54,11.0,-303572.03,29596.9,271866.46,337036.83900000004,617168.59,0,122719.3,268807.66,872661.89,n.d.,36722.62,26748.480000000003,45275.33,662443.919,26748.480000000003,-8552.710000000001,n.d.,271866.46,1601713.85,1601713.85,358871.89,COLIPLEX SL_resum
2019,129411.53,627373.19,880772.41,123207.46,91522.98,2754059.71,65757.14,487457.76,61913.06,44932.39,106845.45,330437.16,190521.729,433495.82,235010.59,n.d.,5576.59,5228.38,3445954.48,9862.58,3445954.48,n.d.,116.7,505113.94,n.d.,475517.04,2754059.71,7.0,-350038.73000000004,29596.9,62877.49,310288.36,646962.38,0,129848.67,129411.53,822979.0,n.d.,39472.5,29609.92,44932.39,691894.7699999999,29609.92,-5459.89,n.d.,59078.99,1385886.35,1385886.35,341624.52900000004,COLIPLEX SL_resum
2018,263017.43000000005,491251.64999999997,749906.54,123207.46,69910.43,2641226.04,8297.76,419709.11,40507.32,47089.47,87596.79,319937.16,248394.62,403885.9,209149.48,n.d.,7892.85,7892.85,3257993.83,9801.04,3257993.83,n.d.,7.53,523427.0,n.d.,493830.1,2641226.04,7.0,-320021.51900000003,29596.9,10260.27,280678.44,569678.3200000001,0,106880.8,263017.43000000005,606430.21,n.d.,39204.15,29403.11,47089.47,616767.7899999999,29403.11,-7885.320000000001,n.d.,10260.27,1273333.54,1273333.54,296753.8,COLIPLEX SL_resum
2017,347198.64999999997,656614.2799999999,980880.29,123207.46,57848.16,2479296.38,42742.78,424086.81,31129.45,44617.86,75747.31,335271.11,102743.639,374482.79,198926.7,n.d.,8392.06,8392.06,2967326.3,9839.57,2967326.3,n.d.,332.48,563330.8500000001,n.d.,521314.08,2479296.38,7.0,-213355.91,42016.77,221522.37,251275.33,443412.06,0,123172.639,347198.64999999997,822529.7,n.d.,36558.28,26718.71,44617.86,488029.91900000005,26718.71,-8059.58,n.d.,198602.37,1544211.14,1544211.14,275006.49000000005,COLIPLEX SL_resum
2016,195082.86,404746.77,782761.24,123207.46,66583.55,2295345.66,136060.16,373147.21,42805.810000000005,46432.73,89238.54,313175.0,281575.4390000001,347764.08,153951.06,n.d.,14672.65,14672.65,2740822.68,7982.34,2740822.68,n.d.,0.0,381735.69,193.67,362445.25,2295345.66,8.0,-202287.41999999998,19096.77,96439.03,224556.62,399044.29000000004,0,80843.06,195082.86,621649.99,n.d.,31760.08,23777.74,46432.73,445477.02,23777.74,-14672.65,n.d.,73519.03,1164496.93,1164496.93,243189.6,COLIPLEX SL_resum
2015,133102.25,507508.88,837112.49,123207.46,53842.59,2035590.98,120426.04,420751.75,40300.86,36347.56,76648.42,368453.4,281696.27,323986.34,133975.34,n.d.,19649.59,19649.59,2444025.61,3385.4300000000003,2444025.61,n.d.,229.19,271265.48000000004,412.67,268756.04,2035590.98,5.0,-197810.87,2096.77,47907.340000000004,200778.88,372087.07,0,23354.460000000003,133102.25,651289.38,n.d.,16927.16,13541.73,36347.56,408434.629,13541.73,-19420.4,n.d.,47907.340000000004,1108377.97,1108377.97,210852.949,COLIPLEX SL_resum
2014,176605.56,489382.21,808495.04,123207.46,77376.76,1582792.58,33823.159999999996,401485.52,59468.66,38312.53,97781.19,341906.75,254010.06,310444.61,140976.11000000002,n.d.,15927.4,15927.4,1977556.2,4477.03,1977556.2,n.d.,0.0,247270.26,631.6700000000001,244541.82,1582792.58,5.0,-156006.31999999998,2096.77,65102.77,187237.15,356451.09,0,45509.76,176605.56,568715.13,n.d.,22385.13,17908.1,38312.53,394763.619,17908.1,-15927.4,n.d.,65102.77,1055765.3,1055765.3,238757.3,COLIPLEX SL_resum
2013,71320.59,279616.14999999997,557470.08,123207.46,72091.819,1153222.76,9995.9,318835.29000000004,45469.12,40970.41,86439.53,189628.67,228847.809,292536.51,107839.26,n.d.,7692.03,7692.03,1455240.1,6655.68,1455240.1,n.d.,0.0,136532.69,850.6700000000001,135185.25,1153222.76,4.0,-107738.549,496.77,49006.119999999995,169329.05,261046.93,0,40533.62,71320.59,330145.67,n.d.,33278.379,26622.699,40970.41,302017.33999999997,26622.699,-7692.03,n.d.,49006.119999999995,694002.7699999999,694002.7699999999,194278.789,COLIPLEX SL_resum
2012,62912.759999999995,278844.72000000003,481551.16,123207.46,64927.1,1045990.3,9690.51,279837.62,41753.76,36524.53,78278.29,133200.65,134193.55,265913.81,97294.58,n.d.,7557.85,7557.85,1294262.91,5793.34,1294262.91,n.d.,0.0,151360.41,1069.6699999999998,149793.97,1045990.3,3.0,-72699.73999999999,496.77,68512.89,142706.34999999998,211748.08,0,15549.77,62912.759999999995,304085.0,n.d.,28966.68,23173.34,36524.53,248272.609,23173.34,-7557.85,n.d.,67228,632911.57,632911.57,175572.87,COLIPLEX SL_resum
2011,92124.8,190108.53,429224.93000000005,123207.46,65360.95,1094871.6400000001,n.d.,294478.65,41857.78,37359.03,79216.81,91804.65,196174.77,242740.47,82770.59,n.d.,8341.19,8341.19,1327859.78,5875.79,1327859.78,n.d.,361.12,142132.4,n.d.,141635.63,1094871.64,2.0,-71000.739,496.77,42941.63,119533.01,195629.11000000002,0,46383.53,92124.8,236492.06,n.d.,29378.960000000003,23503.17,37359.03,232988.14,23503.17,-7980.07,n.d.,42941.63,571357.3300000001,571357.3300000001,162348.52,COLIPLEX SL_resum
2010,134780.94,259161.84999999998,459170.01,123207.46,58730.57,831682.09,n.d.,301039.27,42664.94,27052.45,69717.39,82408.0,124285.42,219237.3,92407.4,n.d.,6972.76,6972.76,1054490.1290000002,4016.4,1054490.1290000002,n.d.,2.34,180661.44,n.d.,180164.67,831682.09,2.0,-60683.25,496.77,75722.73999999999,96029.84,195755.59,0,26651.36,134780.94,285813.21,n.d.,20082.03,16065.63,27052.45,222808.039,16065.63,-6970.42,n.d.,75722.73999999999,639831.4500000001,639831.4500000001,162127.13,COLIPLEX SL_resum
2009,146042.34999999998,125631.42,308069.47000000003,123207.46,44726.4,498486.25,n.d.,210518.71,30121.74,23633.1,53754.84,62888.0,147775.289,203171.67,99934.2,n.d.,5377.28,5377.28,708652.49,3651.16,708652.49,n.d.,0.0,190208.33,n.d.,189711.56,498486.25,1.0,-56477.2,496.77,34662.759999999995,79964.20999999999,186533.139,0,23432.36,146042.34999999998,149063.78,n.d.,18255.82,14604.66,23633.1,210166.24000000002,14604.66,-5377.28,n.d.,34438.82,498277.8,498277.8,153689.039,COLIPLEX SL_resum
2008,25366.73,87276.08,239986.84,123207.46,32375.86,489191.64999999997,n.d.,123817.25,19183.23,22953.71,42136.94,73515.0,110056.17,188567.01,86525.56,n.d.,5365.18,5365.18,664292.9400000001,4397.25,664292.9400000001,n.d.,1.35,90150.08,n.d.,89653.31,489191.65,1.0,-46438.78999999999,496.77,42654.59,65359.549,152147.58,0,28927.1,25366.73,116203.18,n.d.,17589.88,13192.63,22953.71,175101.289,13192.63,-5363.83,n.d.,42495.47,330136.92000000004,330136.92000000004,128663.85,COLIPLEX SL_resum
2007,152932.25,n.d.,259721.05,3005.06,29959.75,n.d.,n.d.,149536.68,14813.85,24309.64,39123.49,57190.15,206726.83,55171.98,80283.68000000001,n.d.,4927.53,4927.53,673988.16,5048.63,673988.16,800,12.42,70997.87000000001,n.d.,70501.1,512527.02,3.0,n.d.,496.769,52994.219999999994,52166.92,n.d.,n.d.,122614.69,152932.25,122614.69,n.d.,19394.53,14345.899,24309.64,n.d.,15145.9,-4915.110000000001,800,52994.219999999994,330718.92000000004,330718.92000000004,120219.59,COLIPLEX SL_resum
2006,146913.72,n.d.,233872.42,3005.06,16625.16,n.d.,n.d.,130135.07,8502.210000000001,16538.74,25040.95,72470.15000000001,202605.22,40026.08,63671.82,n.d.,5634.41,5634.41,623824.31,3481.27,623824.31,499.47999999999996,200.41,59875.08,n.d.,59378.310000000005,506350.46,3.0,n.d.,496.77,31267.2,37021.02,n.d.,n.d.,106807.7,146913.72,106807.7,n.d.,11104.740000000002,7623.469,16538.74,n.d.,8122.95,-5434.0,499.47999999999996,31267.2,293747.5,293747.5,89412.66,COLIPLEX SL_resum
2005,n.d.,n.d.,185803.36,3005.06,7868.59,n.d.,n.d.,109074.79,3169.42,10593.64,13763.06,29456.79,138531.58,31903.13,53658.32,n.d.,3906.82,3906.82,459150.64,2013.93,459150.64,n.d.,26.28,15469.7,n.d.,14972.93,358991.75,3.0,n.d.,496.77,47271.778999999995,28898.07,n.d.,n.d.,169369.93,n.d.,169369.93,n.d.,6713.1,4699.17,10593.64,n.d.,4699.17,-3880.54,n.d.,47271.78,201273.06,201273.06,67447.66,COLIPLEX SL_resum
2004,n.d.,n.d.,160136.66,3005.06,8192.0,n.d.,n.d.,90092.86,6029.45,6192.02,12221.47,55350.34,145443.2,27203.960000000003,66747.42,n.d.,3120.38,3120.38,382355.6,926.81,382355.6,n.d.,17.72,18639.12,n.d.,18142.35,274000.16,3.0,n.d.,496.77,14693.46,24198.899,n.d.,n.d.,151571.81999999998,n.d.,151571.81999999998,n.d.,3089.36,2162.55,6192.02,n.d.,2162.55,-3102.66,n.d.,14693.46,178775.78,178775.78,78986.61,COLIPLEX SL_resum
2003,n.d.,n.d.,123425.34,3005.06,6220.769,n.d.,n.d.,65713.07,4739.7,4614.33,9354.029,39830.24,105543.31,25041.41,60888.08,n.d.,2515.67,2515.67,304222.17,634.75,304222.17,n.d.,17.16,20677.94,n.d.,20181.17,214273.86,3.0,n.d.,496.77,17882.03,22036.35,n.d.,n.d.,119061.87,n.d.,119061.87,n.d.,2115.82,1481.07,4614.33,n.d.,1481.07,-2498.51,n.d.,17882.03,144103.28,144103.28,70259.27,COLIPLEX SL_resum
2002,n.d.,n.d.,121776.88,3005.06,7113.860000000001,n.d.,n.d.,67025.61,4698.76,5489.27,10188.03,36207.37,103232.98,23560.34,60888.08,n.d.,2052.15,2052.15,298626.46,1035.04,298626.46,n.d.,13.02,19955.74,67.95,19391.02,208232.89,3.0,n.d.,496.77,18543.9,20555.28,n.d.,n.d.,118172.28,n.d.,118172.28,n.d.,3450.14,2415.1,5489.27,n.d.,2415.1,-2039.13,n.d.,18543.9,141732.62,141732.62,71089.12900000002,COLIPLEX SL_resum
2001,n.d.,n.d.,116811.61,3005.06,6836.17,n.d.,n.d.,59868.14,4714.33,5671.110000000001,10385.439,29181.69,89049.83,21145.06,58986.310000000005,n.d.,2645.3300000000004,2645.3300000000004,262904.57,909.36,262904.57,n.d.,5.42,23025.960000000003,143.68,22385.51,178197.63,3.0,n.d.,496.77,27761.780000000002,18140.0,n.d.,n.d.,118692.51,n.d.,118692.51,n.d.,3031.2,2121.8390000000004,5671.110000000001,n.d.,2121.84,-2639.9100000000003,n.d.,27761.780000000002,139837.57,139837.57,69377.17000000001,COLIPLEX SL_resum
2000,n.d.,n.d.,72729.65000000001,3005.06,8284.29,n.d.,n.d.,41047.65,3486.09,9477.44,12963.53,11354.25,52401.9,19023.22,50513.28999999999,3.79,2633.4500000000003,2633.4500000000003,253886.65,2056.3700000000003,253886.65,n.d.,14.36,21112.73,219.45000000000002,20396.51,175498.81999999998,3.0,n.d.,496.77,20327.749,16018.16,n.d.,n.d.,74819.17000000001,n.d.,74819.17000000001,n.d.,6858.35,4801.98,9477.44,n.d.,4798.2,-2619.09,-3.79,20327.760000000002,93842.38,93842.38,63487.399,COLIPLEX SL_resum
1999,n.d.,n.d.,77923.68000000001,3005.06,10530.15,n.d.,n.d.,40461.67,8989.740000000002,4055.98,13045.72,6177.610000000001,46639.28,14225.02,52268.46,33,1811.55,1811.55,245150.34,686.9,245150.34,n.d.,15.87,17957.72,294.58,17166.37,166823.25,2.0,n.d.,496.77,31284.398999999998,11219.96,n.d.,n.d.,81656.38,n.d.,81656.38,n.d.,2260.3,1573.4,4055.98,n.d.,1540.41,-1795.6799999999998,-33,31284.4,95881.4,95881.4,65297.06,COLIPLEX SL_resum
