Año,Acreedores a L. P.,Acreedores comerciales,Activo circulante,Capital suscrito,Cash flow,Consumo de mercaderías y de materias,Deudas financieras,Deudores,Dotaciones para amortiz. de inmovil.,EBIT,EBITDA,Existencias,Fondo de maniobra,Fondos propios,Gastos de personal,Gastos extraordinarios,Gastos financieros,Gastos financieros y gastos asimilados,Importe neto Cifra de Ventas,Impuestos sobre sociedades,Ingresos de explotación,Ingresos extraordinarios,Ingresos financieros,Inmovilizado,Inmovilizado inmaterial,Inmovilizado material,Materiales,Número empleados,Otros Conceptos de Explotación,Otros activos fijos,Otros activos líquidos,Otros fondos propios,Otros gastos de explotación,Otros pasivos fijos,Otros pasivos líquidos,Pasivo fijo,Pasivo líquido,Provisiones,Result. ordinarios antes Impuestos,Resultado Actividades Ordinarias,Resultado Explotación,Resultado bruto,Resultado del Ejercicio,Resultado financiero,Resultados actividades extraordinarias,Tesorería,Total activo,Total pasivo y capital propio,Valor agregado,Empresa
2023,1337151.44,1119.53,321057.59,420700.0,n.d.,17981.789,444.15000000000003,106722.75,n.d.,54429.67,54429.67,205197.5,310800.72000000003,685493.25,165515.9,n.d.,29620.24,29620.24,329757.13,7014.2699999999995,338422.33,n.d.,3197.65,2308348.25,n.d.,2107539.85,108709.29,6.0,-100494.969,200808.4,9137.34,264793.249,266010.87,495000,110197.47,1832151.44,111761.15,495000,28007.08,20992.81,54429.67,320440.54,20992.81,-26422.59,n.d.,3186.15,2629405.84,2629405.84,223143.219,COMERCIAL STAYA SA_resum
2022,830949.55,3899.7,358859.85,420700.0,84030.45,-42388.01,4491.650000000001,230853.61,65430.94,44209.11,109640.05,114470,341423.91000000003,664500.4400000001,147372.14,n.d.,20989.39,20989.39,307685.06,6199.84,307685.06,n.d.,1579.63,2294905.43,n.d.,2090283.38,42006.99,6.0,-93060.87900000002,204622.05,13536.240000000002,243800.439,305863.96,495000,654923.9400000001,1325949.55,663315.2899999999,495000,24799.35,18599.51,44209.11,350073.07,18599.51,-19409.76,n.d.,10272.15,2653765.2800000003,2653765.2800000003,258591.82,COMERCIAL STAYA SA_resum
2021,1335779.21,4269.1,217886.05,420700.0,82720.51,16963.75,4384.17,175714.21000000002,65535.64,39405.03,104940.67,30075,201520.11,645900.93,66048.45,n.d.,17722.75,17722.75,190007.13,5728.29,286578.49000000005,n.d.,1230.88,2366536.21,n.d.,2155714.32,16963.75,6.0,-98625.62000000001,210821.889,12096.84,225200.929,230209.71000000002,495000,99088.85,1830779.21,107742.12,495000,22913.16,17184.87,39405.03,269614.74,17184.87,-16491.869,n.d.,10112.25,2584422.26,2584422.26,172220.0,COMERCIAL STAYA SA_resum
2020,1340285.5,3955.94,65680.259,420700.0,20521.299,-11794,4560.39,25196.41,65534.65,-48476.53,17058.12,30075,51315.47,628716.06,119496.08,n.d.,12760.5,12760.5,1396.0,-15004.449999999999,210182.58,n.d.,1219.23,2437800.14,n.d.,2221249.96,18281.0,10.0,-85422.38,216550.18,10408.85,208016.059,270453.11,495000,30962.51,1835285.5,39478.84,495000,-60017.8,-45013.350000000006,-48476.53,221976.58,-45013.350000000006,-11541.27,n.d.,9421.27,2503480.4,2503480.4,137773.43,COMERCIAL STAYA SA_resum
2019,130700.77,4359.49,113530.66,420700.0,72705.09,35104,4285.429999999999,98288.42,67840.23,8659.07,76499.299,n.d.,93928.93,673729.41,323526.23000000004,n.d.,2823.08,2823.08,131349.5,2451.94,587301.39,n.d.,1480.81,2486630.88,n.d.,2286784.61,35104.0,12.0,-152171.86,199846.27,15242.240000000002,253029.409,543538.3200000001,495000,1292086.44,625700.7699999999,1300731.36,495000,7316.8,4864.860000000001,8659.07,552197.39,4864.860000000001,-1342.27,n.d.,14042.78,2600161.54,2600161.54,401506.339,COMERCIAL STAYA SA_resum
2018,380968.37,5050.24,279804.59,420700.0,79676.23,7996,4312.7699999999995,201435.65,67281.22,20714.09,87995.31,n.d.,196385.41,1868864.55,371056.09,n.d.,6274.320000000001,6274.320000000001,73612.0,3806.96,593550.19,n.d.,1762.2,2552306.4,n.d.,2354624.84,7996.0,14.0,-126502.79,197681.56,78368.93999999999,1448164.55,564840.1,495000,77915.05900000001,875968.37,87278.07,495000,16201.97,12395.009,20714.09,585554.19,12395.009,-4512.120000000001,n.d.,76941.56,2832110.99,2832110.99,460813.6,COMERCIAL STAYA SA_resum
2017,394529.92,4332.52,296963.31,420700.0,76702.87900000002,7860,50174.75,227269.34,64314.59,22004.79,86319.38,n.d.,222936.82,1856469.54,410474.65,n.d.,7505.99,7505.99,152874.5,3848.09,653249.24,n.d.,1737.58,2609136.4,n.d.,2412862.2800000003,7860.0,14.0,-148595.21000000002,196274.12,69693.97,1435769.54,623384.4500000001,495000,105592.98,889529.92,160100.25,495000,16236.38,12388.289,22004.79,645389.24,12388.289,-5768.41,n.d.,68286.53,2906099.71,2906099.71,498531.61,COMERCIAL STAYA SA_resum
2016,406499.93000000005,3419.74,286042.71,420700.0,72489.92,14675.15,37919.39,99402.36,61799.63,20292.1,82091.73,n.d.,95982.62,1844081.25,394826.21,n.d.,7498.9,7498.9,131730.75,4377.67,647402.919,n.d.,2274.76,2592091.07,n.d.,2397204.71,14675.15,14.0,-155809.83,194886.36,186640.35,1423381.25,612435.669,495000,91213.47,901499.93,132552.6,495000,15067.96,10690.289,20292.1,632727.769,10690.289,-5224.139,n.d.,185252.59,2878133.7800000003,2878133.7800000003,479192.7,COMERCIAL STAYA SA_resum
2015,401100.94,45458.03,227656.17,420700.0,79168.22,15227.27,45818.44,143095.31999999998,58349.229999999996,28151.39,86500.62000000001,n.d.,97637.29,1833390.96,365509.52,n.d.,8400.78,8400.78,119618.75,7091.78,633184.03,n.d.,8160.160000000001,2652339.45,n.d.,2459004.34,15227.27,13.0,-165946.62,193335.11,84560.85,1412690.96,589805.37,495000,59227.25,896100.9400000001,150503.72,495000,27910.77,20818.99,28151.39,617956.76,20818.99,-240.62,n.d.,84560.85,2879995.62,2879995.62,460170.3,COMERCIAL STAYA SA_resum
2014,883298.31,42674.11,684476.87,420700.0,-408013.42000000004,786375.3200000001,58228.01,148278.04,63010.05,-451507.52,-388497.47,n.d.,105603.93,1812571.97,472944.55,n.d.,13992.87,13992.87,964099.51,8804.630000000001,1518475.07,n.d.,3281.55,2692558.1,n.d.,2504337.02,11056.28,19.0,-647652.669,188221.08,536198.829,1391871.97,1183607.27,495000,85262.57,1378298.31,186164.69,495000,-462218.84,-471023.47,-451507.52,732099.75,-471023.47,-10711.32,n.d.,536198.829,3377034.97,3377034.97,87728.62900000002,COMERCIAL STAYA SA_resum
2013,383298.31,977811.05,979933.95,420700.0,88369.22,12809.51,55338.33,185615.64,62074,43110.64,105184.64,775319.04,-16876.369,2283595.44,387082.2,n.d.,11248.59,11248.59,114657.5,8765.07,646477.939,n.d.,3198.24,2755568.16,n.d.,2567347.08,788128.55,15.0,-141401.59,188221.08,18999.27,1862895.44,590557.7899999999,0,35458.98,383298.31,1068608.36,n.d.,35060.28999999999,26295.22,43110.64,633668.429,26295.22,-8050.35,n.d.,18999.27,3735502.11,3735502.11,495465.08,COMERCIAL STAYA SA_resum
2012,290113.9,941009.74,876899.7,420700.0,99422.63,4066113.72,24772.95,852111.37,60961.53,83350.98999999999,144312.52,n.d.,-88898.37000000001,2257300.22,398982.63,n.d.,35398.47,35398.47,4088297.01,12857.859999999999,4741119.398999999,n.d.,3366.44,2696308.07,n.d.,2510738.44,4066113.72,16.0,-131710.53,185569.63,24788.33,1836600.22,591654.69,0,60010.96,290113.9,1025793.65,n.d.,51318.96,38461.1,83350.98999999999,675005.6789999999,38461.1,-32032.03,n.d.,24788.33,3573207.77,3573207.77,546661.59,COMERCIAL STAYA SA_resum
2011,852468.21,33424.729999999996,697599.43,420700.0,105128.66,37125.219999999994,116888.51,679322.6,45270.67,127636.69,172907.36,n.d.,645897.87,2218839.12,415296.26,n.d.,51044.26,51044.26,127288.75,19863.309999999998,765588.99,n.d.,3128.8700000000003,2754742.4,n.d.,2571699.97,37125.22,16.0,-140260.15,183042.43,18276.83,1798139.1190000002,600827.08,0,230721.26,852468.21,381034.5,n.d.,79721.3,59857.99,127636.69,728463.7699999999,59857.99,-47915.39,n.d.,18276.83,3452341.83,3452341.83,591332.49,COMERCIAL STAYA SA_resum
2010,88113.59,2278,835429.93,420700.0,146721.479,16677.027000000002,275899.07,743436.09,71494.48,138934.73,210429.21,n.d.,741158.09,2158981.13,392421.11,n.d.,40654.46,40654.46,119218.48,25075.67,773310.309,n.d.,2022.4,2716671.04,30,2609621.69,16677.027000000002,16.0,-153782.96,107019.35,91993.84,1738281.13,617698.549,0,1026829.18,88113.59,1305006.25,n.d.,100302.67,75227.0,138934.73,756633.281,75227.0,-38632.06,n.d.,11993.84,3552100.97,3552100.97,604872.72,COMERCIAL STAYA SA_resum
2009,335990.59,38852.98,914348.9,420700.0,121611.67000000001,73312.79,238070.3,830856.06,63591.99,116020.09,179612.08,n.d.,792003.08,2083754.13,361585.16,n.d.,53517.850000000006,53517.850000000006,121384.41,6302.26,757782.7699999999,n.d.,1819.7,2802224.24,60,2670069.22,6412.79,14.0,-143272.74000000002,132095.019,83492.84,1663054.13,568449.89,0,1019905.14,335990.59,1296828.42,n.d.,64321.94,58019.68,116020.09,684469.98,58019.68,-51698.15,n.d.,3492.84,3716573.14,3716573.14,543016.9400000001,COMERCIAL STAYA SA_resum
2008,1009182.84,49255.219999999994,1023875.54,420700.0,167272.44,-24573.920000000002,226698.81,876052.87,117052.72,132135.31,249188.03,66900,893697.65,2025734.45,448242.77,n.d.,85949.9,85949.9,145053.6,n.d.,783633.11,n.d.,4034.31,2872118.49,90,2733631.21,42326.08,17.0,-110776.23,138397.28,80922.67000000001,1605034.45,676071.72,0,585122.71,1009182.84,861076.74,n.d.,50219.72,50219.72,132135.31,808207.03,50219.72,-81915.59,n.d.,922.67,3895994.03,3895994.03,701465.11,COMERCIAL STAYA SA_resum
2007,1392057.63,n.d.,838200.69,420700.0,159159.229,n.d.,n.d.,808482.31,137634.87,110561.14,248196.01,n.d.,808482.31,1975514.73,441801.71,11831.789,71846.66,71846.66,223948.2,16565.25,861633.409,11205.98,0.94,2947758.07,120,2850653.93,37862.54,17.0,n.d.,96984.139,29718.379,1554814.73,n.d.,n.d.,418386.4,1392057.63,418386.4,n.d.,38715.42,22150.17,110561.14,n.d.,21524.36,-71845.72,-625.809,29718.38,3785958.76,3785958.76,689372.8500000001,COMERCIAL STAYA SA_resum
2006,1587680.4,n.d.,894662.3300000001,420700.0,200707.979,n.d.,n.d.,867684.22,139723.68,124943.29,264666.96900000004,n.d.,867684.22,1953990.37,533723.63,8.84,75426.92,75426.92,316609.0,n.d.,950670.44,10433.77,1043.0,3085272.94,n.d.,2988288.8,23895.99,20.0,n.d.,96984.14,26978.109,1533290.37,n.d.,n.d.,438264.5,1587680.4,438264.5,n.d.,50559.37,50559.37,124943.29,n.d.,60984.3,-74383.92,10424.93,26978.11,3979935.27,3979935.27,809858.53,COMERCIAL STAYA SA_resum
2005,1967419.34,n.d.,1275591.21,420700.0,172902.06,n.d.,n.d.,1142917.6700000002,151030.83,82323.22,233354.05,n.d.,1142917.6700000002,1893006.07,582407.93,0.01,103110.95,103110.95,332562.53,n.d.,960152.95,24508.53,18150.44,3126072.48,n.d.,3126072.48,796.03,25.0,n.d.,0.0,132673.54,1472306.07,n.d.,n.d.,541238.2799999999,1967419.34,541238.2799999999,n.d.,-2637.29,-2637.29,82323.22,n.d.,21871.23,-84960.51,24508.52,132673.54,4401663.69,4401663.69,858420.9400000001,COMERCIAL STAYA SA_resum
2004,2264284.86,n.d.,2471247.8,420700.0,121346.42,n.d.,n.d.,1224967.91,112470.33,88295.95999999999,200766.29,n.d.,1224967.91,1871134.84,551874.4500000001,97.82,109528.09,109528.09,593084.24,n.d.,1210902.8590000002,9839.75,20366.29,3263942.36,61.160000000000004,3263881.2,335887.6,24.0,n.d.,0.0,1246279.89,1450434.84,n.d.,n.d.,1599770.46,2264284.86,1599770.46,n.d.,-865.8399999999999,-865.8399999999999,88295.95999999999,n.d.,8876.09,-89161.8,9741.93,1246279.89,5735190.159999999,5735190.159999999,782748.959,COMERCIAL STAYA SA_resum
2003,2554281.48,n.d.,1750283.09,420700.0,182097.67,n.d.,n.d.,1301426.35,161372.2,128661.83,290034.03,217490.08,1518916.43,1862258.75,467106.44,173.45000000000002,118962.39,118962.39,1024210.48,n.d.,1638640.9,7171.01,4028.47,3375218.62,120.28,3375098.34,771507.72,21.0,n.d.,0.0,231366.659,1441558.75,n.d.,n.d.,708961.48,2554281.48,708961.48,n.d.,13727.91,13727.91,128661.83,n.d.,20725.47,-114933.92,6997.56,231366.66,5125501.71,5125501.71,768166.5,COMERCIAL STAYA SA_resum
2002,3295161.23,n.d.,2196434.56,420700.0,182483.4,n.d.,n.d.,1710796.33,170963.25,114613.4,285576.65,225620.97999999998,1936417.31,1841533.28,587135.99,n.d.,128769.09,128769.09,1821655.04,n.d.,2437517.65,7602.71,18073.13,3521342.83,179.4,3521163.43,1410009.08,27.0,n.d.,0.0,260017.25,1420833.28,n.d.,n.d.,581082.88,3295161.23,581082.88,n.d.,3917.44,3917.44,114613.4,n.d.,11520.15,-110695.96,7602.71,260017.25,5717777.39,5717777.39,898388.48,COMERCIAL STAYA SA_resum
2001,1834829.73,n.d.,845613.98,420708.47,182209.49,n.d.,n.d.,479651.6,172789.87999999998,107689.39,280479.27,215731.9,695383.5,1830013.13,602490.88,853.309,117833.61,117833.61,3173538.71,n.d.,3774811.929,19290.260000000002,1126.88,3656087.68,238.52,3655849.16,2758711.47,31.0,n.d.,0.0,150230.479,1409304.66,n.d.,n.d.,836858.8,1834829.73,836858.8,n.d.,-9017.34,-9017.34,107689.39,n.d.,9419.61,-116706.73,18436.951,150230.47999999998,4501701.659999999,4501701.659999999,902533.98,COMERCIAL STAYA SA_resum
2000,2060992.67,n.d.,793936.99,420708.47,192081.85899999997,n.d.,n.d.,501498.55,125699.38,158420.27000000002,284119.65,241632.71000000002,743131.26,1820593.5,1204905.45,1665.6689999999999,117047.59,116997.59,1696391.33,n.d.,2236586.4,23494.88,3180.59,3827186.19,297.64000000000004,3826888.55,591416.12,68.0,n.d.,0.0,50805.73,1399885.03,n.d.,n.d.,739537.01,2060992.67,739537.01,n.d.,44553.27,44553.27,158420.27000000002,n.d.,66382.479,-113867.0,21829.21,50805.73,4621123.18,4621123.18,1513984.8990000002,COMERCIAL STAYA SA_resum
1999,,,,,,,,,,,,,,,,,,,,,,,,,,,,,,,,,,,,,,,,,,,,,,,,,,COMERCIAL STAYA SA_resum
