Año,Acreedores a L. P.,Acreedores comerciales,Activo circulante,Capital suscrito,Cash flow,Consumo de mercaderías y de materias,Deudas financieras,Deudores,Dotaciones para amortiz. de inmovil.,EBIT,EBITDA,Existencias,Fondo de maniobra,Fondos propios,Gastos de personal,Gastos extraordinarios,Gastos financieros,Gastos financieros y gastos asimilados,Importe neto Cifra de Ventas,Impuestos sobre sociedades,Ingresos de explotación,Ingresos extraordinarios,Ingresos financieros,Inmovilizado,Inmovilizado inmaterial,Inmovilizado material,Materiales,Número empleados,Otros Conceptos de Explotación,Otros activos fijos,Otros activos líquidos,Otros fondos propios,Otros gastos de explotación,Otros pasivos fijos,Otros pasivos líquidos,Pasivo fijo,Pasivo líquido,Provisiones,Result. ordinarios antes Impuestos,Resultado Actividades Ordinarias,Resultado Explotación,Resultado bruto,Resultado del Ejercicio,Resultado financiero,Resultados actividades extraordinarias,Tesorería,Total activo,Total pasivo y capital propio,Valor agregado,Empresa
2023,1213087.76,1874674.48,12318272.87,234964.13,649360.3300000001,23709925.310000002,3474146.64,8119739.470000001,129615.74,855058.4600000001,984674.2,2798481.31,9043546.299,6308557.38,2128980.67,n.d.,215815.55,215815.55,35648127.02,135193.05,37602402.84,n.d.,15694.73,3404282.65,167708.97,443207.97,23709925.31,35.0,-10778822.66,2793365.71,1400052.09,6073593.25,13037419.07,10251.369999999999,2841837.89,1223339.13,8190659.01,n.d.,654937.64,519744.59,855058.4600000001,13892477.53,519744.59,-200120.819,n.d.,1238847.61,15722555.52,15722555.52,3129349.6,COMERCIAL MASOLIVER SOCIEDAD ANONIMA_resum
2022,1853365.1800000002,3530634.51,15311877.96,234964.13,423277.41,21044504.87,4457205.430000001,9773179.73,106335.15,579308.91,685644.06,3812452.4,10054997.62,5788812.79,1738759.77,n.d.,174733.61000000002,169408.12,31075740.08,94469.99,32771119.619000003,n.d.,6836.95,3001731.37,156920.06,480937.82,21044504.87,32.0,-9302210.92,2363873.49,1726245.83,5553848.659999999,11147305.84,12291.5,2671299.92,1865656.68,10659139.86,n.d.,411412.25,316942.26,579308.91,11726614.748999998,316942.26,-167896.659,n.d.,1540606.77,18313609.33,18313609.33,2425915.29,COMERCIAL MASOLIVER SOCIEDAD ANONIMA_resum
2021,2545548.25,3028210.02,12759583.64,234964.13,258909.29,16057354.11,2948505.19,8506999.48,119556.94,303540.76,423097.7,3752675.79,9231465.25,5471870.7700000005,1548272.7,n.d.,132442.97,124270.36,22941788.01,40202.25,24128860.3,n.d.,8456.81,3505856.8,133324.93,487945.4900000001,16057354.11,29.0,-6100135.79,2884586.38,499908.37,5236906.64,7767965.430000001,14331.630000000001,2256974.58,2559879.88,8233689.79,n.d.,179554.6,139352.34999999998,303540.76,8071506.1899999995,139352.34999999998,-123986.16,n.d.,381188.78,16265440.44,16265440.44,1971654.6,COMERCIAL MASOLIVER SOCIEDAD ANONIMA_resum
2020,3119789.21,2909541.15,11264841.31,234964.13,-136905.199,13506948.97,2594941.18,6751386.7700000005,129795.38,-258898.2,-129102.82,3163583.76,7005429.379,5332518.42,1304808.24,n.d.,128009.74,126205.55,19162541.35,-89161.95999999999,20266909.33,n.d.,31045.4,3878006.63,187484.16,539076.26,13506948.97,30.0,-5584254.939,3151446.21,1349870.78,5097554.29,7018858.56,16371.76,1169686.22,3136160.97,6674168.55,n.d.,-355862.54,-266700.579,-258898.2,6759960.359999999,-266700.579,-96964.34,n.d.,1238888.97,15142847.94,15142847.94,1204946.63,COMERCIAL MASOLIVER SOCIEDAD ANONIMA_resum
2019,1452058.48,3074491.8,10645864.05,234964.13,140916.69,16256912.78,2865158.56,6901337.619999999,110817.17,126345.45,237162.62,3558600.77,7385446.59,5599219.0,1504953.87,n.d.,122692.63,109736.3,22658867.35,8944.33,23968832.86,n.d.,35391.03,4405935.58,124080.66,722922.9500000001,16256912.78,32.0,-5969803.59,3558931.97,185925.66,5364254.868999999,7585574.63,18411.89,2042459.9,1470470.37,7982110.26,n.d.,39043.850000000006,30099.519,126345.45,7711920.08,30099.519,-87301.6,n.d.,101742.52,15051799.63,15051799.63,1764551.1900000002,COMERCIAL MASOLIVER SOCIEDAD ANONIMA_resum
2018,1769513.73,3274759.26,12192009.239999998,234964.13,132342.84,18178450.2,3360529.71,8772043.729999999,115198.15,113073.74,228271.89,3235241.97,8732526.44,5569119.48,1772717.1700000002,n.d.,131185.82899999997,131185.82899999997,24690270.78,5685.81,26273886.05,n.d.,40942.59,4096583.11,160119.75,757773.92,18178450.2,40.0,-6094446.79,3178689.44,184723.54,5334155.35,7982362.109999999,20452.02,2294218.15,1789965.75,8929507.12,n.d.,22830.5,17144.69,113073.74,8095435.85,17144.69,-90243.239,n.d.,87891.27,16288592.35,16288592.35,2041931.648,COMERCIAL MASOLIVER SOCIEDAD ANONIMA_resum
2017,1503068.1500000001,3920993.91,13218962.71,234964.13,154503.18,19950927.17,3278239.81,9070233.87,136691.37,113030.28,249721.65,3243664.2800000003,8392904.238999998,5551974.79,1674010.05,n.d.,164936.83,164936.83,27108068.64,5958.429999999999,28366189.04,n.d.,75676.79,4084522.89,186068.36,690940.61,19950927.17,36.0,-6491530.17,3207513.92,905064.559,5317010.659999999,8302231.59,22492.149999999998,3026716.79,1525560.3,10225950.51,n.d.,23770.24,17811.809999999998,113030.28,8415261.869,17811.809999999998,-89260.039,n.d.,769827.57,17303485.6,17303485.6,1999408.49,COMERCIAL MASOLIVER SOCIEDAD ANONIMA_resum
2016,1621959.8190000001,3811973.91,12867652.2,234964.13,433348.85,19805741.87,3343848.49,9067510.29,202208.0,454172.75,656380.75,3213796.26,8469332.638999999,5534162.98,1720686.98,n.d.,191291.55,178355.36,27082013.92,70232.56,28496511.1,n.d.,38492.21,4679262.9,242811.83,741954.7899999999,19805741.87,33.0,-6313701.5,3694496.28,586345.65,5299198.851,8236596.48,24532.280000000002,3210437.62,1646492.1,10366260.02,n.d.,301373.41000000003,231140.849,454172.75,8690769.229999999,231140.849,-152799.34,n.d.,389202.36,17546915.1,17546915.1,2402623.7490000003,COMERCIAL MASOLIVER SOCIEDAD ANONIMA_resum
2015,70689.01,3289869.68,14374102.22,234964.13,298504.26,17989209.97,4295772.05,10411544.58,219665.64,168550.52,388216.16,3228491.43,10350166.33,5303022.13,1741496.71,n.d.,168923.28,168923.28,24768826.31,33382.36,26143512.779,n.d.,112593.739,2617572.22,355118.46,796657.87,17989209.97,37.0,-6024589.94,1465795.89,734066.21,5068058.0,7985752.29,31886.940000000002,4000434.63,102575.95,11586076.36,n.d.,112220.98,78838.62000000001,168550.52,8154302.808999999,78838.62000000001,-56329.54,n.d.,486893.53,16991674.439999998,16991674.439999998,2242306.61,COMERCIAL MASOLIVER SOCIEDAD ANONIMA_resum
2014,271892.04,3603410.29,13151931.07,234964.13,-78011.65900000001,17541984.06,3005432.31,8831510.2,240680.92,-399416.91,-158735.98899999997,3190013.52,8418113.43,5224183.51,1754948.94,n.d.,188573.89,188573.89,23803584.86,-136582.52,25068849.16,n.d.,132715.7,2772097.45,448985.35,849151.06,17541984.06,38.0,-5930652.148999999,1473961.039,1130407.35,4989219.38,7926282.009,34335.1,3784775.27,306227.14,10393617.87,n.d.,-455275.1,-318692.579,-399416.91,7526865.1,-318692.579,-55858.19,n.d.,454437.73,15924028.52,15924028.52,1728928.65,COMERCIAL MASOLIVER SOCIEDAD ANONIMA_resum
2013,n.d.,3641560.53,14566452.32,234964.13,293237.37,18327785.25,3387376.89,10861165.95,256192.59,504934.58,761127.1699999999,3063487.93,10283093.35,5542876.09,1614423.81,n.d.,492997.92,461333.83,24954581.4,15939.83,26639033.06,n.d.,41047.95,2887522.54,527337.6799999999,945134.5,18327785.25,36.0,-5935696.83,1415050.36,641798.4400000001,5307911.96,7806313.228999999,37804.7,4844356.649999999,37804.7,11873294.07,n.d.,52984.61,37044.78,504934.58,8311247.808999999,37044.78,-451949.97,n.d.,500877.4900000001,17453974.86,17453974.86,2384934.84,COMERCIAL MASOLIVER SOCIEDAD ANONIMA_resum
2012,66666.56,3402550.5,12399162.36,234964.13,338332.92000000004,16053794.27,3649338.63,9180254.4,278448.57,448433.47,726882.04,2696176.96,8473880.859000001,5505831.31,1929410.46,n.d.,422358.94,404496.18,23521230.73,26145.9,24806428.2,n.d.,59955.72,2886631.48,424577.36,1056398.07,16053794.27,50.0,-6096341.430000001,1405656.05,522731.0,5270867.18,8304200.46,50158.58,2611248.26,116825.14,9663137.39,n.d.,86030.25,59884.350000000006,448433.47,8752633.93,59884.350000000006,-362403.22,n.d.,318002.73000000004,15285793.84,15285793.84,2698385.46,COMERCIAL MASOLIVER SOCIEDAD ANONIMA_resum
2011,271429.93000000005,3627760.1,12590467.47,234964.13,289555.06,17975542.93,3338593.18,9525503.17,295053.1,350598.3,645651.399,2695724.94,8593468.01,5445946.96,2091476.89,n.d.,412956.11,377590.09,25697438.18,-6879.06,26933008.68,n.d.,49980.71,2949123.33,493739.97,1685939.04,17975542.93,53.0,-6220337.46,769444.3200000001,369239.36,5210982.83,8606867.450000001,64894.78,2790965.85,336324.71,9757319.13,n.d.,-12377.1,-5498.04,350598.3,8957465.75,-5498.04,-362975.4,n.d.,254725.31,15539590.8,15539590.8,2751742.979,COMERCIAL MASOLIVER SOCIEDAD ANONIMA_resum
2010,399090.19,3335871.79,12863889.6,234964.13,214537.45,17741168.84,3244630.41,9822918.09,293143.21,155504.88999999998,448648.1,2620296.4,9107342.7,5451445.0,2340624.3,n.d.,333335.72000000003,333335.72000000003,25405169.76,-35092.17,26433904.79,n.d.,64132.9,3215118.34,591936.54,1853358.07,17741168.84,61.0,-5903463.55,769823.73,420675.11,5216480.87,8537231.06,72153.25,3575817.3,471243.44,10156319.5,n.d.,-113697.93,-78605.76,155504.88999999998,8692735.950000001,-78605.76,-269202.819,n.d.,300819.61,16079007.94,16079007.94,2853405.3,COMERCIAL MASOLIVER SOCIEDAD ANONIMA_resum
2009,449287.09,3040295.98,12595718.86,234964.13,315401.94,16988779.759999998,2784809.09,9725754.84,285955.28,306093.76,592049.04,2301876.94,8987335.798999999,5530050.76,2459923.56,n.d.,301327.55,286082.57,24116474.26,-1735.06,25532112.34,n.d.,22945.39,3144547.34,591317.42,1822017.42,16988779.759999998,65.0,-5491359.98,731212.5,568087.08,5295086.63,8237238.819999999,68634.19,3867189.09,517921.28,9692294.16,n.d.,27711.6,29446.66,306093.76,8543332.58,29446.66,-278382.16,n.d.,465797.45,15740266.2,15740266.2,3059673.01,COMERCIAL MASOLIVER SOCIEDAD ANONIMA_resum
2008,130366,3969324.79,12254075.7,258430.0,941633.82,18797333.6,1926065.06,9547648.37,241025.63,968746.46,1209772.0890000002,2292771.79,7871095.37,6049949.39,2300465.12,n.d.,90768.37,90768.37,26875997.74,272101.89,27776332.569,n.d.,94731.989,3271984.49,304942.26,1965444.03,18797333.6,63.0,-5468761.76,1001598.2,413655.54,5791519.39,8010252.51,0,3450354.949,130366.0,9345744.8,n.d.,972710.08,700608.19,968746.46,8978998.969,700608.19,3963.619,n.d.,250381.51,15526060.19,15526060.19,3604969.2,COMERCIAL MASOLIVER SOCIEDAD ANONIMA_resum
2007,352135.78,5228645.75,12297670.19,258430.0,904482.52,n.d.,1348432.15,9756679.96,220490.9,1314625.21,1535116.1090000002,2076436.0,6604470.21,5349341.159999999,2108350.279,45249.82,365199.199,304014.61,25383149.86,304150.61,26354367.3,55914.59,28051.449,2375831.64,465010.29,1314033.15,17311091.34,62.0,n.d.,596788.2,464554.2290000001,5090911.159999999,n.d.,n.d.,2394946.99,352135.78,8972024.89,n.d.,977477.46,673326.8500000001,1314625.21,n.d.,683991.62,-337147.75,10664.77,444501.71,14673501.83,14673501.83,3620998.019,COMERCIAL MASOLIVER SOCIEDAD ANONIMA_resum
2006,286489.63999999996,4839114.81,11737363.659,258430.0,986452.929,n.d.,1756746.73,9356783.35,196560.7,1492409.11,1688969.81,1872662.46,6390330.999,4665349.58,1926368.33,11359.99,350931.24,291452.6,24635380.1,385647.57,25588222.28,7153.02,38268.9,2236371.48,111240.16,1388346.81,17053845.21,59.0,n.d.,736784.509,507917.849,4406919.58,n.d.,n.d.,2426034.38,286489.64,9021895.92,n.d.,1179746.77,794099.2,1492409.11,n.d.,789892.23,-312662.34,-4206.969,502068.06,13973735.14,13973735.14,3589921.43,COMERCIAL MASOLIVER SOCIEDAD ANONIMA_resum
2005,363655.83999999997,4777303.92,12130083.39,258430.0,937837.48,n.d.,2989104.26,9846735.09,194883.68,1337981.03,1532864.71,1808213.9,6877645.07,3875457.35,1888585.09,9669.68,303116.02,303116.02,24134581.110000003,372872.0,25070934.84,21518.45,69112.02,2217004.19,104863.14,1375356.54,16658598.26,55.0,n.d.,736784.509,475134.4,3617027.35,n.d.,n.d.,2341566.21,363655.84,10107974.39,n.d.,1103977.03,731105.03,1337981.03,n.d.,742953.8,-234004.0,11848.77,446379.27,14347087.58,14347087.58,3502410.59,COMERCIAL MASOLIVER SOCIEDAD ANONIMA_resum
2004,516564.88,4683024.05,11025129.03,258430.0,925382.98,n.d.,2858411.2,8900904.18,176812.56,1443530.7,1620343.26,1835284.36,6053164.489,3132503.55,1545181.08,3844.58,355433.14,280428.24,22483343.75,374186.48,23358530.07,5448.929999999999,33054.989,2176391.47,137816.7,1301790.26,15568200.33,49.0,n.d.,736784.51,288940.49000000005,2874073.55,n.d.,n.d.,2011016.82,516564.88,9552452.07,n.d.,1121152.55,746966.07,1443530.7,n.d.,748570.42,-322378.15,1604.35,286046.53,13201520.5,13201520.5,3125178.7800000003,COMERCIAL MASOLIVER SOCIEDAD ANONIMA_resum
2003,289286.23000000004,3770174.96,8890726.06,258430.0,508046.209,n.d.,2642210.53,7262907.54,163745.84,825839.8400000001,989585.679,1415673.14,4908405.72,2383933.13,1485363.98,69381.93,308938.1,268636.14,18260481.3,164821.52,18906419.94,18050.989,43551.09,1837443.34,171587.36,925528.49,12634361.62,49.0,n.d.,740327.49,212145.38,2125503.13,n.d.,n.d.,1642564.549,289286.23000000004,8054950.04,n.d.,560452.8300000001,395631.309,825839.8400000001,n.d.,344300.37,-265387.01,-51330.94,179770.02,10728169.4,10728169.4,2426867.85,COMERCIAL MASOLIVER SOCIEDAD ANONIMA_resum
2002,349761.6,3147739.26,7388019.5,258430.0,417931.37,n.d.,1937574.09,5989766.119999999,137171.01,695486.15,832657.16,1175907.6900000002,4017934.55,2039632.76,1260397.21,4297.34,286040.1,272447.52,15705876.63,168605.3,16206881.95,18786.95,25430.0,1798442.44,149624.72,959629.16,10846018.83,44.0,n.d.,689188.559,222345.69,1781202.76,n.d.,n.d.,1711754.23,349761.6,6797067.58,n.d.,434876.05,266270.75,695486.15,n.d.,280760.36,-260610.1,14489.61,219410.27,9186461.94,9186461.94,2119381.4,COMERCIAL MASOLIVER SOCIEDAD ANONIMA_resum
2001,43060.119999999995,2824869.62,6947444.8,258430.0,416975.25,n.d.,1893100.72,5323257.87,112125.0,627339.3400000001,739464.3400000001,1327731.33,3826119.58,1758872.4,1083295.62,22732.118999999995,267373.72900000005,254774.81,14092741.18,126780.19,14491286.95,65791.259,28605.69,1408844.86,180936.52,617905.7799999999,9611847.96,39.0,n.d.,610002.56,296455.6,1500442.4,n.d.,n.d.,1836386.799,43060.12,6554357.14,n.d.,388571.3,261791.11,627339.3400000001,n.d.,304850.25,-238768.04,43059.14,263435.09900000005,8356289.659999999,8356289.659999999,1881825.87,COMERCIAL MASOLIVER SOCIEDAD ANONIMA_resum
2000,64695.04,2584195.8,5240711.819999999,258435.2,376008.01,n.d.,1659280.0,4083202.17,97934.84,656874.4500000001,754809.2889999999,1069493.84,2568500.21,1454022.16,916454.88,12731.68,299720.45,237977.71,12430219.01,124174.08,12947597.79,12080.869999999999,45744.08,1280560.24,136816.34,596061.47,8485724.48,33.0,n.d.,547682.429,88015.81,1195586.96,n.d.,n.d.,759079.06,64695.04,5002554.859999999,n.d.,402898.07,278723.99000000005,656874.4500000001,n.d.,278073.17,-253976.38,-650.809,82842.43,6521272.06,6521272.06,1654614.6800000002,COMERCIAL MASOLIVER SOCIEDAD ANONIMA_resum
1999,84079.9,2785274.59,5073468.470000001,258435.2,365873.81,n.d.,1401419.05,3782074.91,88236.13,616310.89,704547.02,1057312.929,2054113.248,1175948.99,755762.3400000001,674.91,207714.63,182361.71,11188145.35,135883.21000000002,11875618.11,3790.8300000000004,1808.71,1120017.91,150036.66,565014.61,7690987.359999999,28.0,n.d.,404966.64,234080.63,917513.79,n.d.,n.d.,746763.8500000001,84079.9,4933457.49,n.d.,410404.97,274521.76,616310.89,n.d.,277637.68,-205905.92,3115.92,228533.17,6193486.38,6193486.38,1439881.069,COMERCIAL MASOLIVER SOCIEDAD ANONIMA_resum
