Año,Acreedores a L. P.,Acreedores comerciales,Activo circulante,Capital suscrito,Cash flow,Consumo de mercaderías y de materias,Deudas financieras,Deudores,Dotaciones para amortiz. de inmovil.,EBIT,EBITDA,Existencias,Fondo de maniobra,Fondos propios,Gastos de personal,Gastos extraordinarios,Gastos financieros,Gastos financieros y gastos asimilados,Importe neto Cifra de Ventas,Impuestos sobre sociedades,Ingresos de explotación,Ingresos extraordinarios,Ingresos financieros,Inmovilizado,Inmovilizado inmaterial,Inmovilizado material,Materiales,Número empleados,Otros Conceptos de Explotación,Otros activos fijos,Otros activos líquidos,Otros fondos propios,Otros gastos de explotación,Otros pasivos fijos,Otros pasivos líquidos,Pasivo fijo,Pasivo líquido,Provisiones,Result. ordinarios antes Impuestos,Resultado Actividades Ordinarias,Resultado Explotación,Resultado bruto,Resultado del Ejercicio,Resultado financiero,Resultados actividades extraordinarias,Tesorería,Total activo,Total pasivo y capital propio,Valor agregado,Empresa
2023,3705.1,158536.93,578774.01,60101.21,17116.838,926855.49,4447.33,382321.6,8371.218,12756.78,21127.998000000003,144609.0,368393.67,213198.73,430040.95,n.d.,586.22,586.22,1490460.04,3429.14,1490460.04,n.d.,4.2,22531.54,571.03,18582.63,926855.49,15,-112435.6,3377.88,51843.41,153097.52,550847.768,0,221417.459,3705.1,384401.72,n.d.,12174.76,8745.62,12756.78,563604.55,8745.62,-582.02,n.d.,41838.15,601305.55,601305.55,451173.1479999999,CONSTRUCCIONES GRATACOS PUJOL SA_resum
2022,8152.429999999999,118597.93,486692.08,60101.21,1723.449,891665.58,4205.26,371410.78,4415.98,494.92,4910.9,100890.0,353702.85,204453.11,407438.52,n.d.,584.3399999999999,584.3399999999999,1392255.93,2603.11,1392255.93,n.d.,0.0,34331.9,1066.03,26458.85,891665.58,14,-88240.93,6807.02,14391.3,144351.9,500095.43000000005,0,185615.25,8152.429999999999,308418.44,n.d.,-89.42,-2692.53,494.92,500590.35,-2692.53,-584.3399999999999,n.d.,4536.85,521023.98,521023.98,412349.42,CONSTRUCCIONES GRATACOS PUJOL SA_resum
2021,n.d.,164067.9,471676.92,60101.21,9826.259,821228.58,n.d.,322312.89,3840.71,8312.049,12152.759,124328.0,282572.99000000005,207145.64,432682.72,n.d.,48.309999999999995,48.309999999999995,1317472.25,2278.19,1317472.25,n.d.,0.0,22369.58,743.9,12215.55,821228.58,14,-51408.189999999995,9410.130000000001,25036.03,147044.43,487931.62,0,122832.96,n.d.,286900.86,n.d.,8263.740000000002,5985.549,8312.049,496243.67,5985.549,-48.31,n.d.,15331.58,494046.5,494046.5,444835.48,CONSTRUCCIONES GRATACOS PUJOL SA_resum
2020,n.d.,104532.16,397257.05,60101.21,-32789.809,412517.58,n.d.,235843.36,3242.8300000000004,-47510.74,-44267.909,133826.0,265137.199,201160.09,401075.51,n.d.,210.66,210.66,883045.54,-11688.32,883045.54,n.d.,0.44,17926.79,n.d.,6238.469999999999,412517.58,13,-113720.36,11688.32,27587.69,141058.87999999998,518038.7,0,109491.59,n.d.,214023.75,n.d.,-47720.96,-36032.64,-47510.74,470527.96,-36032.64,-210.22,n.d.,18483.24,415183.84,415183.84,356808.04,CONSTRUCCIONES GRATACOS PUJOL SA_resum
2019,n.d.,113940.27,425448.11,60101.21,8352.82,676629.76,n.d.,226518.74,3321.15,7875.84,11196.99,131129.0,243707.469,237192.73,363180.9,n.d.,156.26999999999998,156.26999999999998,1127036.05,2687.9,1127036.05,n.d.,0.0,9241.3,n.d.,9241.3,676629.76,12,-76028.4,n.d.,67800.37000000001,177091.52,442530.45,0,83556.40999999999,n.d.,197496.68,n.d.,7719.57,5031.67,7875.84,450406.29000000004,5031.67,-156.26999999999998,n.d.,4062.2,434689.41,434689.41,374377.89,CONSTRUCCIONES GRATACOS PUJOL SA_resum
2018,n.d.,144461.52,465681.89,60101.21,7649.25,1072405.85,n.d.,295116.13,1706.97,10046.2,11753.17,72093.0,222747.61,232161.06,421652.7,n.d.,6.17,6.17,1593950.53,4097.75,1593950.53,n.d.,0.0,10404.02,n.d.,10404.02,1072405.85,14,-88138.81,n.d.,98472.76,172059.849,511498.48000000004,0,99463.33,n.d.,243924.85,n.d.,10040.03,5942.28,10046.2,521544.679,5942.28,-6.17,n.d.,2161.19,476085.91,476085.91,433405.87,CONSTRUCCIONES GRATACOS PUJOL SA_resum
2017,n.d.,122333.07,405855.46,60101.21,-6475.539,744639.7,n.d.,181719.38,620.25,-5689.23,-5068.98,98392.0,157778.31,226218.78,324963.61,n.d.,0,n.d.,1128749.58,1406.56,1128749.58,n.d.,0.0,3910.77,141.02,3769.75,744639.7,11,-64215.25,n.d.,125744.08,166117.569,389799.11,0,61214.380000000005,n.d.,183547.45,n.d.,-5689.23,-7095.789,-5689.23,384109.88,-7095.789,0.0,n.d.,89321.22,409766.23,409766.23,319894.63,CONSTRUCCIONES GRATACOS PUJOL SA_resum
2016,n.d.,177187.94999999998,587319.64,60101.21,3945.32,797276.9,n.d.,365676.62,663.06,4488.94,5152.0,137546.0,326034.67,233314.57,280446.5,n.d.,0,n.d.,1144296.6700000002,1408.75,1144296.6700000002,n.d.,202.07,4531.02,470.86,4060.16,797276.9,10,-61421.27,n.d.,84097.02,173213.36,342530.83,0,181348.14,n.d.,358536.09,n.d.,4691.01,3282.26,4488.94,347019.76900000003,3282.26,202.07,n.d.,48950.76,591850.66,591850.66,285800.57,CONSTRUCCIONES GRATACOS PUJOL SA_resum
2015,n.d.,154877.47999999998,484370.8,60101.21,2984.06,788927.4,n.d.,310755.59,592.66,3188.53,3781.19,142590.0,298468.11,230032.31,259051.79,n.d.,0,n.d.,1064502.6390000002,797.13,1064502.6390000002,n.d.,0.0,3407.66,800.7,2606.96,788927.4,9,-12742.259,n.d.,31025.21,169931.1,272386.70900000003,0,102868.67,n.d.,257746.15,n.d.,3188.53,2391.4,3188.53,275575.238,2391.4,0.0,n.d.,26639.58,487778.46,487778.46,262832.97900000005,CONSTRUCCIONES GRATACOS PUJOL SA_resum
2014,n.d.,137216.19,459107.55,60101.21,1711.709,478946.4,n.d.,284378.14,199.82,2821.9,3021.72,110152.0,257313.95,227640.91,268280.03900000005,n.d.,14.08,14.08,788536.22,1295.96,788536.22,n.d.,0.03,2784.8100000000004,n.d.,2784.8100000000004,478946.4,10,-38288.06,n.d.,64577.41,167539.7,306767.91900000005,0,97035.26,n.d.,234251.45,n.d.,2807.8500000000004,1511.889,2821.9,309589.819,1511.889,-14.05,n.d.,60203.8,461892.36,461892.36,271301.78900000005,CONSTRUCCIONES GRATACOS PUJOL SA_resum
2013,n.d.,117494.93999999999,465485.11,60101.21,7634.63,617297.08,n.d.,202884.52,4810.26,3857.44,8667.7,113278.0,198667.58,226129.02,264276.62,n.d.,91.61,91.61,931878.61,941.46,931878.61,n.d.,0.0,2373.3100000000004,n.d.,2373.3100000000004,617297.08,9,-41637.21,n.d.,149322.59,166027.81,310724.09,0,124234.459,n.d.,241729.4,n.d.,3765.83,2824.3700000000003,3857.44,314581.53,2824.3700000000003,-91.61,n.d.,144948.97999999998,467858.42,467858.42,272944.32,CONSTRUCCIONES GRATACOS PUJOL SA_resum
2012,n.d.,83588.72,407258.98,60101.21,15710.86,442601.46,6530.85,213001.01,11457.51,6145.25,17602.760000000002,104980.0,234392.29,223304.65,298612.47000000003,n.d.,474.12,474.12,800056.5,1417.78,800056.5,n.d.,0.0,8519.6,n.d.,8519.6,442601.46,10,-41239.810000000005,n.d.,89277.97,163203.44,351309.79000000004,0,102354.359,n.d.,192473.93,n.d.,5671.13,4253.35,6145.25,357455.04,4253.35,-474.12,n.d.,84662.53,415778.58,415778.58,316215.23000000004,CONSTRUCCIONES GRATACOS PUJOL SA_resum
2011,6530.85,64578.310000000005,413606.4900000001,60101.21,8125.72,303221.35,11032.44,287521.04,10807.1,-2618.9500000000003,8188.150000000001,109405.0,332347.73000000004,219051.3,295569.78,n.d.,956.23,956.23,646432.1799999999,-893.8,646432.1799999999,n.d.,0.0,20701.91,n.d.,19808.11,303221.35,10,-39452.9,893.8,16680.45,158950.09,345829.78,0,133115.5,6530.85,208726.25,n.d.,-3575.18,-2681.38,-2618.9500000000003,343210.83,-2681.38,-956.23,n.d.,12136.84,434308.4,434308.4,303757.93000000005,CONSTRUCCIONES GRATACOS PUJOL SA_resum
2010,28113.62,63094.94,400674.97,60101.21,13490.02,280347.71,n.d.,219097.7,7491.39,8777.99,16269.38,74905.0,230907.76,221732.68,256316.59,n.d.,779.8199999999999,779.8199999999999,579079.22,1999.54,579079.22,n.d.,0.0,30615.21,n.d.,30615.21,280347.71,9,-26145.538999999997,n.d.,106672.27,161631.47,289953.52,0,118348.94,28113.62,181443.88,n.d.,7998.17,5998.63,8777.99,298731.509,5998.63,-779.8199999999999,n.d.,102128.66,431290.18,431290.18,272585.97000000003,CONSTRUCCIONES GRATACOS PUJOL SA_resum
2009,n.d.,42574.3,370465.66,60101.21,8693.61,347430.37,n.d.,228154.12,2078.03,8820.77,10898.8,68456.0,254035.82,215734.05,246447.22,n.d.,0,n.d.,640574.38,2205.19,640574.38,n.d.,0.0,3140.19,n.d.,3140.19,347430.37,9,-35797.99,n.d.,73855.54,155632.84,284323.24,0,115297.5,n.d.,157871.8,n.d.,8820.77,6615.58,8820.77,293144.01,6615.58,0.0,n.d.,69311.93,373605.85,373605.85,257346.02,CONSTRUCCIONES GRATACOS PUJOL SA_resum
2008,n.d.,154437.84,458511.78,60101.21,10573.36,623850.09,n.d.,318230.76,2229.88,-495.79,1734.09,59820.0,223612.92,209118.47,270810.98000000004,n.d.,0,n.d.,930617.4,2781.16,930617.4,n.d.,11620.43,5218.22,n.d.,5218.22,623850.09,10,-34222.24,n.d.,80461.02,149017.26,307263.1,0,100173.69,n.d.,254611.53,n.d.,11124.64,8343.48,-495.79,306767.31,8343.48,11620.43,n.d.,79648.03,463730.0,463730.0,284165.5,CONSTRUCCIONES GRATACOS PUJOL SA_resum
2007,n.d.,n.d.,430055.85,60101.21,14311.19,n.d.,n.d.,163092.36,3237.16,13179.51,16416.668999999998,61031.28999999999,224123.65,200774.99,280317.48000000004,0.27,n.d.,n.d.,1118252.79,3691.35,1118252.79,n.d.,1586.14,37448.1,n.d.,7448.1,780976.3200000001,11,n.d.,30000,205932.2,140673.78,n.d.,n.d.,266728.96,n.d.,266728.96,n.d.,14765.65,11074.3,13179.51,n.d.,11074.03,1586.14,-0.27,205932.2,467503.95,467503.95,298320.01900000003,CONSTRUCCIONES GRATACOS PUJOL SA_resum
2006,n.d.,n.d.,610250.74,60101.21,15363.869,n.d.,n.d.,143456.43,2459.88,16623.329999999998,19083.21,57395.21,200851.639,189700.96,278651.22000000003,n.d.,n.d.,n.d.,1457030.24,5530.27,1457030.24,159.33,1651.6,8892.61,n.d.,8892.61,1079192.39,11,n.d.,0,409399.1,129599.75,n.d.,n.d.,429442.39,n.d.,429442.39,n.d.,18274.93,12744.66,16623.329999999998,n.d.,12903.99,1651.6,159.33,409399.1,619143.3500000001,619143.3500000001,299545.36,CONSTRUCCIONES GRATACOS PUJOL SA_resum
2005,n.d.,n.d.,456272.12,60101.21,19723.79,n.d.,n.d.,305460.78,3745.27,22240.37,25985.64,62546.12,368006.9,176796.97,258777.95,n.d.,n.d.,n.d.,837158.3400000001,6847.929999999999,837158.3400000001,29.89,556.19,6590.67,n.d.,6590.67,508649.93000000005,11,n.d.,0,88265.219,116695.76,n.d.,n.d.,286065.82,n.d.,286065.82,n.d.,22796.56,15948.63,22240.37,n.d.,15978.52,556.19,29.89,88265.22,462862.79,462862.79,285349.67,CONSTRUCCIONES GRATACOS PUJOL SA_resum
2004,n.d.,n.d.,474833.85,60101.21,14361.86,n.d.,n.d.,331458.54,1783.57,16103.59,17887.16,47603.74,379062.279,160818.44999999998,258192.87,n.d.,n.d.,n.d.,970485.86,5390.7,970485.86,2.55,1862.85,8232.740000000002,n.d.,8232.740000000002,665774.58,11,n.d.,0,95771.57,100717.24,n.d.,n.d.,322248.14,n.d.,322248.14,n.d.,17966.440000000002,12575.739,16103.59,n.d.,12578.29,1862.85,2.55,95771.569,483066.59,483066.59,277945.43000000005,CONSTRUCCIONES GRATACOS PUJOL SA_resum
2003,n.d.,n.d.,447720.08,60101.21,12105.61,n.d.,n.d.,197676.54,2139.8,12559.63,14699.43,70568.86,268245.4,148240.16,272921.46,n.d.,n.d.,n.d.,779530.62,4271.06,779530.62,773.31,903.93,10016.31,n.d.,10016.31,464867.77,13,n.d.,0,179474.68,88138.95,n.d.,n.d.,309496.23000000004,n.d.,309496.23000000004,n.d.,13463.56,9192.5,12559.63,n.d.,9965.81,903.93,773.31,179474.68,457736.39,457736.39,289298.13,CONSTRUCCIONES GRATACOS PUJOL SA_resum
2002,n.d.,n.d.,437507.51,60101.21,7377.320000000001,n.d.,n.d.,291559.62,3572.2,5108.34,8680.54,63978.26,355537.88,138274.34999999998,218925.74,2.3899999999999997,0.05,0.05,623209.6799999999,1630.77,623209.6799999999,14.42,315.57,2610.24,n.d.,2610.24,358455.84,n.d.,n.d.,0,81969.63,78173.14,n.d.,n.d.,301843.4,n.d.,301843.4,n.d.,5423.860000000001,3793.089,5108.34,n.d.,3805.12,315.52,12.03,81969.63,440117.75,440117.75,227933.88,CONSTRUCCIONES GRATACOS PUJOL SA_resum
2001,n.d.,n.d.,385898.71,60101.21,7202.860000000001,n.d.,n.d.,218577.98,3854.69,4547.74,8402.43,128823.72,347401.7,134469.23,195120.9,260.14000000000004,n.d.,n.d.,488940.08,1434.93,488940.08,n.d.,495.5,6182.45,n.d.,6182.45,250205.49,n.d.,n.d.,0,38497.01,74368.02,n.d.,n.d.,257611.93,n.d.,257611.93,n.d.,5043.24,3608.309,4547.74,n.d.,3348.17,495.5,-260.14000000000004,38497.01,392081.16,392081.16,203758.69,CONSTRUCCIONES GRATACOS PUJOL SA_resum
2000,n.d.,n.d.,304418.29000000004,60101.21,6675.67,n.d.,n.d.,71305.29,3854.69,3092.84,6947.53,119063.92,190369.21,131121.06,152920.49,n.d.,n.d.,n.d.,495497.19,1208.98,495497.19,14.58,922.54,18190.36,n.d.,18190.36,313077.36,n.d.,n.d.,0,114049.08,71019.85,n.d.,n.d.,191487.59,n.d.,191487.59,n.d.,4015.38,2806.4,3092.84,n.d.,2820.98,922.54,14.58,114049.08,322608.65,322608.65,160805.139,CONSTRUCCIONES GRATACOS PUJOL SA_resum
1999,n.d.,n.d.,261072.98,60101.21,4432.1900000000005,n.d.,n.d.,14388.7,3720.57,547.6700000000001,4268.24,137841.38999999998,152230.09,128300.08,160365.73,n.d.,n.d.,n.d.,391248.9900000001,304.98,391248.9900000001,1.1800000000000002,467.75,22045.05,n.d.,22045.05,208024.29,n.d.,n.d.,0,108842.89,68198.87000000001,n.d.,n.d.,154817.94999999998,n.d.,154817.94999999998,n.d.,1015.42,710.439,547.6700000000001,n.d.,711.62,467.75,1.1800000000000002,108842.89,283118.03,283118.03,165102.9,CONSTRUCCIONES GRATACOS PUJOL SA_resum
