Año,Acreedores a L. P.,Acreedores comerciales,Activo circulante,Capital suscrito,Cash flow,Consumo de mercaderías y de materias,Deudas financieras,Deudores,Dotaciones para amortiz. de inmovil.,EBIT,EBITDA,Existencias,Fondo de maniobra,Fondos propios,Gastos de personal,Gastos extraordinarios,Gastos financieros,Gastos financieros y gastos asimilados,Importe neto Cifra de Ventas,Impuestos sobre sociedades,Ingresos de explotación,Ingresos extraordinarios,Ingresos financieros,Inmovilizado,Inmovilizado inmaterial,Inmovilizado material,Materiales,Número empleados,Otros Conceptos de Explotación,Otros activos fijos,Otros activos líquidos,Otros fondos propios,Otros gastos de explotación,Otros pasivos fijos,Otros pasivos líquidos,Pasivo fijo,Pasivo líquido,Provisiones,Result. ordinarios antes Impuestos,Resultado Actividades Ordinarias,Resultado Explotación,Resultado bruto,Resultado del Ejercicio,Resultado financiero,Resultados actividades extraordinarias,Tesorería,Total activo,Total pasivo y capital propio,Valor agregado,Empresa
2023,1203267.11,176708.38999999998,1899103.72,76928.0,705568.55,2049061.06,506421.3,968705.57,471657.48,-11662.23,459995.25,748462.1,1540459.279,3346582.13,1315196.1800000002,n.d.,86260.06,86260.06,4756396.859999999,-23265.33,4950410.21,n.d.,308568.03,4036010.72,n.d.,2349351.89,1071761.06,36.0,-1126157.72,1686658.83,181936.05,3269654.13,2913011.3789999997,95996.90999999999,606138.6,1299264.02,1289268.29,n.d.,210645.74,233911.07,-11662.23,2901349.15,233911.07,222307.97,n.d.,180986.05,5935114.44,5935114.44,2083759.46,CONSTRUCCIONS PERE MIQUEL SA_resum
2022,953981.43,521903.33999999997,2859241.77,76928.0,553241.26,1479865.34,382675.97000000003,1077459.0,354774.26,302706.49000000005,657480.75,1677676.2,2233231.86,3112671.06,1090663.81,n.d.,40435.42,40435.42,4356274.73,63804.07,4582315.19,n.d.,0.0,2976539.33,n.d.,2033818.08,2172474.29,30.0,-1354305.29,942721.25,104106.57,3035743.06,2799743.3589999997,106534.59,758014.71,1060516.02,1662594.02,n.d.,262271.07,198467.0,302706.49000000005,3102449.8499999996,198467.0,-40435.42,n.d.,102775.75,5835781.1,5835781.1,1748144.56,CONSTRUCCIONS PERE MIQUEL SA_resum
2021,882769.1,356227.2,2758836.88,76928.0,482874.64,962213.99,274802.199,1404611.31,233270.53,337854.96,571125.49,985067.25,2033451.36,2914204.06,832941.25,n.d.,14139.92,14139.92,3272546.11,74110.93,3439395.949,n.d.,0.0,2435874.08,n.d.,1480043.6700000002,1294748.04,25.0,-1073115.22,955830.41,369158.319,2837276.059,2139327,80285.79,686422.61,963054.89,1317452.01,n.d.,323715.04,249604.11,337854.96,2477181.959,249604.11,-14139.92,n.d.,365058.35,5194710.96,5194710.96,1404066.74,CONSTRUCCIONS PERE MIQUEL SA_resum
2020,586284.19,377208.17,2487453.3,76928.0,516879.46,919740,162934.5,934915.34,212807.93,342115.15,554923.08,568474.3,1126181.47,2664599.95,695694.01,n.d.,9524.47,9524.47,2839695.44,78522.3,2967843.989,n.d.,50003.15,1744135.42,n.d.,796748.11,984468.3,20.0,-797486.9,947387.31,984063.66,2587671.95,1705988.84,60620.840000000004,379941.07,646905.03,920083.74,n.d.,382593.83,304071.53,342115.15,2048103.989,304071.53,40478.68,n.d.,970989.1,4231588.718,4231588.718,1300620.24,CONSTRUCCIONS PERE MIQUEL SA_resum
2019,233365.98,212463.8,1582246.58,76928.0,390441.589,731873.3300000001,116237.35,865989.64,179099.27000000002,286861.55,465960.819,257933.5,911459.34,2360528.42,625787.1,n.d.,7732.56,7732.56,2264751.27,67945.03,2394683.88,n.d.,158.36,1678011.57,n.d.,722706.2699999999,646751.73,18.0,-571062.63,955305.3,458323.4390000001,2283600.42,1375949,38024,299638.6,271389.98000000004,628339.75,n.d.,279287.35,211342.319,286861.55,1662810.549,211342.319,-7574.2,n.d.,354504.29000000004,3260258.15,3260258.15,1091906.28,CONSTRUCCIONS PERE MIQUEL SA_resum
2018,301561.91000000003,99529.2,1179686.52,76928.0,222746.13,375395.97000000003,110205.51,649748.9500000001,134537.63,117595.22,252132.85,343055.1,893274.8500000001,2149186.1,511374.09,n.d.,4907.05,4907.05,1501257.2,24714.27,1643525.1800000002,n.d.,234.6,1794305.07,n.d.,753262.11,390816.27,15.0,-504622.26900000003,1041042.96,186882.47,2072258.099,1150533.989,18438.5,295070.37,320000.41000000003,504805.08,n.d.,112922.77,88208.5,117595.22,1268129.21,88208.5,-4672.45,n.d.,26116.38,2973991.59,2973991.59,763741.54,CONSTRUCCIONS PERE MIQUEL SA_resum
2017,72674.06,62688.880000000005,1093981.05,76928.0,119166.1,409610.54,56395.48,398556.45,114362.99,10918.64,125281.63,327634.8,663502.37,2060977.6,420534.74,n.d.,5227.88,5227.88,1197485.56,1272.11,1322762.76,n.d.,384.46,1406003.31,n.d.,354183.75,417520.54,13.0,-367335.85,1051819.56,367789.8,1984049.599,902233.58,7428.969999999999,239819.37,80103.03,358903.73000000004,n.d.,6075.22,4803.110000000001,10918.64,913152.22,4803.110000000001,-4843.42,n.d.,101963.23,2499984.36,2499984.36,546200.8300000001,CONSTRUCCIONS PERE MIQUEL SA_resum
2016,91656.14,69718.36,1140264.64,76928.0,110869.98,370870.98000000004,53730.58,414997.77,110622.59,9441.4,120063.989,319724.8,665004.21,2056174.49,347204.05,n.d.,9402.45,9402.45,1093895.79,82.46000000000001,1194255.54,n.d.,290.9,1333901.15,n.d.,269210.36,394290.98,13.0,-356116.51900000003,1064690.79,405542.069,1979246.489,813943.159,7029.57,195856.65,98685.71,319305.59,n.d.,329.85,247.39,9441.4,823384.56,247.39,-9111.55,n.d.,139333.28,2474165.79,2474165.79,467558.94,CONSTRUCCIONS PERE MIQUEL SA_resum
2015,77011.34,72611.54,1082574.54,76928.0,102368.18,450894.42000000004,39676.729999999996,366012.09,102178.23,3147.3900000000003,105325.62,296304.8,589705.3500000001,2055927.1,363063.93000000005,n.d.,6120.83,6120.83,1129900.28,230.32,1241693.04,n.d.,3393.71,1324836.43,n.d.,231244.49,385139.92,11.0,-322409.07,1093591.94,420257.65,1978999.099,787651.23,9283.49,152900.77000000002,86294.83,265189.03900000005,n.d.,420.27,189.95,3147.3900000000003,790798.62,189.95,-2727.12,n.d.,152983.16,2407410.97,2407410.97,471783.26,CONSTRUCCIONS PERE MIQUEL SA_resum
2014,97488.07,122121.93999999999,1657481.6900000002,76928.0,80122.22,409132.64999999997,28357.35,355590.99000000005,144247.01,-85126.6,59120.41,916708.8,1150177.85,2055737.15,395156.54,n.d.,6203.79,6203.79,1128797.5,-21091.36,1215413.78,n.d.,6114.24,798316.7899999999,n.d.,243042.79,361262.65,13.0,-352004.18,555273.998,385181.9,1978809.15,891407.73,14876.7,137217.27000000002,112364.77,287696.56,n.d.,-85216.15000000001,-64124.789,-85126.6,806281.13,-64124.789,-89.55,n.d.,77780.0,2455798.48,2455798.48,460391.19,CONSTRUCCIONS PERE MIQUEL SA_resum
2013,98993.73,139695.58,1766625.4,76928.0,139602.539,66954.20999999999,29885.6,323388.72000000003,166151.43,-38280.43,127871.0,964578.8,1148271.94,2119861.94,374885.97,n.d.,6507.94,6507.94,846101.22,-8349.629,930096.77,n.d.,9889.85,827207.62,n.d.,314253.42000000004,331068.21,14.0,-360385.59,512954.2,478657.88,2042933.94,901422.99,30318.480000000003,175077.69,129312.21,344658.87,n.d.,-34898.52,-26548.89,-38280.43,863142.56,-26548.89,3381.9100000000003,n.d.,474592.94,2593833.02,2593833.02,512646.819,CONSTRUCCIONS PERE MIQUEL SA_resum
2012,21252.49,58015.850000000006,1648508.1800000002,76928.0,124316.949,121660.34,35734.6,437837.07,181747.08,-92797.09,88949.989,700464.8,1080286.02,2146410.83,358073.73000000004,n.d.,2295.05,2295.05,712526.98,-19087.12,798438.02,n.d.,18574.89,835587.25,n.d.,318012.88,159160.34,14.0,-229753.96,517574.37,510206.31,2069482.83,769574.769,47114.97,175566.69,68367.45999999999,269317.14,n.d.,-76517.25,-57430.13,-92797.09,676777.6799999999,-57430.13,16279.84,n.d.,6712.58,2484095.43,2484095.43,465598.609,CONSTRUCCIONS PERE MIQUEL SA_resum
2011,39261.93,94740.14,1598879.72,76928.0,111326.85,109896.22,61838.75,337273.27,190874.0,-119432.06,71441.93999999999,662964.8,905497.93,2203840.96,427287.79,n.d.,3308.8,3308.8,906891.51,-26251.72,993378.1,n.d.,16941.99,978395.06,81.01,456936.61,151896.22,15.0,-384752.14999999997,521377.44,598641.65,2126912.96,1002913.9400000001,65150.380000000005,112442.62,104412.31,269021.51,n.d.,-105798.87,-79547.15000000001,-119432.06,883481.88,-79547.15000000001,13633.19,n.d.,85260.70999999999,2577274.7800000003,2577274.7800000003,515671.72,CONSTRUCCIONS PERE MIQUEL SA_resum
2010,74658.9,330387.13999999996,1917548.46,76928.0,334290.99000000005,324123.72000000003,80913.04,541818.7699999999,182060.77,191144.48,373205.25,620964.8,832396.43,2283388.11,451877.3,n.d.,6286.56,6286.56,1372706.03,53011.65,1476938.1800000002,n.d.,20383.95,1079448.9,356.1,561898.71,489123.72,17.0,-327731.91000000003,517194.089,754764.89,2206460.11,961669.98,81363.97,146286.2,156022.87,557586.38,n.d.,205241.87,152230.22,191144.48,1152814.46,152230.22,14097.39,n.d.,239972.95,2996997.36,2996997.36,845466.5,CONSTRUCCIONS PERE MIQUEL SA_resum
2009,40838.53,267126.26,1722846.95,76928.0,434145.98,466967.22000000003,126945.69,662847.2,167590.37999999998,318500.5,486090.88,455964.8,851685.74,2131157.89,478852.74,n.d.,13200.3,13200.3,1727375.87,81373.73,1818451.24,n.d.,42629.13,1070261.52,631.19,565822.99,466967.22,18.0,-386540.39900000003,503807.339,604034.9500000001,2054229.889,1032983.52,78321.4,148718.7,119159.93,542790.65,n.d.,347929.33,266555.6,318500.5,1351484.02,266555.6,29428.829,n.d.,79571.65000000001,2793108.47,2793108.47,1007572.75,CONSTRUCCIONS PERE MIQUEL SA_resum
2008,171919.29,344676.62,1510038.39,76928.0,337769.89,576085.14,167460.12,371351.63,151889.84,231153.1,383042.94,455964.8,482639.809,1864602.29,469545.65,n.d.,22857.66,22857.66,1745595.54,54719.07,1841287.19,n.d.,32303.68,1159511.5,n.d.,651410.2699999999,576085.14,17.0,-412613.45900000003,508101.23,682721.9600000001,1787674.29,1034048.9500000001,58481.71,62409.86,230401.0,574546.6,n.d.,240599.12,185880.05,231153.1,1265202.049,185880.05,9446.02,n.d.,127033.06,2669549.89,2669549.89,884892.2699999999,CONSTRUCCIONS PERE MIQUEL SA_resum
2007,296124.67,n.d.,1568881.88,76928.0,324169.14,n.d.,n.d.,512110.66,134814.83,247498.24,382313.069,455964.8,968075.46,1697069.57,472369.07,5666.660000000001,13291.38,13291.38,1796199.76,53693.46,1892037.17,7860.38,6647.1900000000005,1101876.35,424373.99000000005,371273.79,629593.21,17.0,n.d.,306228.57,600806.419,1620141.57,n.d.,n.d.,677563.99,296124.67,677563.99,n.d.,240854.05,187160.59,247498.24,n.d.,189354.31,-6644.1900000000005,2193.72,577936.26,2670758.23,2670758.23,863523.049,CONSTRUCCIONS PERE MIQUEL SA_resum
2006,80660.86,n.d.,1207464.43,76928.0,213739.979,n.d.,n.d.,494600.7,109375.55,148921.91,258297.46,453260.25,947860.95,1507715.26,409841.48,1434.27,6341.620000000001,6341.620000000001,1218924.73,42780.850000000006,1309905.1700000002,928.42,5070.84,913970.21,211605.99,400643.24,348419.17,16.0,n.d.,301720.98000000004,259603.479,1430787.26,n.d.,n.d.,533058.52,80660.86,533058.52,n.d.,147651.13,104870.28,148921.91,n.d.,104364.43,-1270.78,-505.85,251136.34,2121434.64,2121434.64,672703.93,CONSTRUCCIONS PERE MIQUEL SA_resum
2005,147962.72,n.d.,1149267.75,76928.0,228149.419,n.d.,n.d.,517071.51,89696.42,207738.84,297435.26,182804.8,699876.31,1403350.83,347736.66,1000.02,11174.81,11174.81,1351274.91,64533.36,1425902.3390000002,555.48,6866.87,940408.3,259914.54,378772.78,487881.82,15.0,n.d.,301720.98000000004,449391.4390000001,1326422.83,n.d.,n.d.,538362.5,147962.72,538362.5,n.d.,203430.9,138897.539,207738.84,n.d.,138453.0,-4307.94,-444.539,443515.15,2089676.05,2089676.05,651594.25,CONSTRUCCIONS PERE MIQUEL SA_resum
2004,167899.41,n.d.,956380.99,76928.0,197760.88,n.d.,n.d.,456924.54,82419.9,153874.09,236293.99,182804.8,639729.3400000001,1264897.83,332717.49000000005,333.68,16013.59,16013.59,1374740.16,45812.1,1404984.5990000002,16422.969,7203.29,914156.18,256698.47,353826.28,573838.81,14.0,n.d.,303631.43000000005,316651.65,1187969.83,n.d.,n.d.,437739.93000000005,167899.41,437739.93000000005,n.d.,145063.79,99251.69,153874.09,n.d.,115340.98,-8810.3,16089.289,311506.09,1870537.17,1870537.17,592304.059,CONSTRUCCIONS PERE MIQUEL SA_resum
2003,262893.36,n.d.,1344916.0990000002,76928.0,157515.65,n.d.,n.d.,551587.8200000001,63556.26,125814.22,189370.48,370073.68,921661.5,1149556.85,259206.56,0.02,15821.41,15821.41,1193894.8,39807.58,1207413.04,9616.19,14157.99,631456.69,239253.21000000002,86354.28,549731.72,11.0,n.d.,305849.199,423254.6,1072628.85,n.d.,n.d.,563922.58,262893.36,563922.58,n.d.,124150.8,84343.22,125814.22,n.d.,93959.39,-1663.42,9616.17,414587.66,1976372.79,1976372.79,472351.2,CONSTRUCCIONS PERE MIQUEL SA_resum
2002,205914.41,n.d.,1288709.07,76928.0,151254.93,n.d.,n.d.,413723.08,52538.92,148091.76,200630.68,265129.90900000004,678852.989,1055597.46,179517.62,0.38000000000000006,14258.47,14258.47,1367367.29,46329.83,1367367.29,12.02,11200.91,382222.53,154474.01,60550.52,800055.14,8.0,n.d.,167198.0,609856.081,978669.46,n.d.,n.d.,409419.73,205914.41,409419.73,n.d.,145034.2,98704.37,148091.76,n.d.,98716.01,-3057.56,11.639,604789.22,1670931.6,1670931.6,391360.849,CONSTRUCCIONS PERE MIQUEL SA_resum
2001,198121.23,n.d.,1234775.319,76928.0,135907.33,n.d.,n.d.,304374.5,48661.89,134486.83,183148.719,602137.53,906512.03,956881.45,161122.74000000002,18.03,8704.41,8704.41,912876.37,42178.27,912876.37,480.81,3178.51,374660.25,115891.69,91570.56,398697.25,8.0,n.d.,167198.0,328263.28900000005,879953.4500000001,n.d.,n.d.,454432.89,198121.23,454432.89,n.d.,128960.93,86782.66,134486.83,n.d.,87245.43999999999,-5525.9,462.78,323379.36,1609435.57,1609435.57,347912.749,CONSTRUCCIONS PERE MIQUEL SA_resum
2000,23679.29,n.d.,971482.8,76929.55,97969.42,n.d.,n.d.,269758.25,37102.59,82640.68000000001,119743.269,511376.09,781134.3400000001,869636.01,142972.4,n.d.,2523.03,2523.03,762092.01,26278.97,762092.01,100.63,6927.52,171934.5,51909,99578.92,356690.83,7.0,n.d.,20446.58,190348.46,792706.4600000001,n.d.,n.d.,250101.99,23679.29,250101.99,n.d.,87045.17000000001,60766.2,82640.68000000001,n.d.,60866.83,4404.49,100.63,188132.32,1143417.29,1143417.29,269743.82,CONSTRUCCIONS PERE MIQUEL SA_resum
1999,5735.48,n.d.,780122.09,76929.55,79946.29,n.d.,n.d.,144588.72,33877.810000000005,45241.72,79119.53,407492.73,552081.4500000001,808769.1699999999,145079.8,n.d.,9485.06,3474.94,488905.42,19743.63,488905.42,n.d.,30055.460000000003,166181.55,69967.13,74659.35,150194.94,9.0,n.d.,21555.069,228040.639,731839.62,n.d.,n.d.,131798.98899999997,5735.48,131798.98899999997,n.d.,65812.11,46068.479,45241.72,n.d.,46068.48,20570.4,n.d.,227191.27,946303.64,946303.64,248244.659,CONSTRUCCIONS PERE MIQUEL SA_resum
