Año,Acreedores a L. P.,Acreedores comerciales,Activo circulante,Capital suscrito,Cash flow,Consumo de mercaderías y de materias,Deudas financieras,Deudores,Dotaciones para amortiz. de inmovil.,EBIT,EBITDA,Existencias,Fondo de maniobra,Fondos propios,Gastos de personal,Gastos extraordinarios,Gastos financieros,Gastos financieros y gastos asimilados,Importe neto Cifra de Ventas,Impuestos sobre sociedades,Ingresos de explotación,Ingresos extraordinarios,Ingresos financieros,Inmovilizado,Inmovilizado inmaterial,Inmovilizado material,Materiales,Número empleados,Otros Conceptos de Explotación,Otros activos fijos,Otros activos líquidos,Otros fondos propios,Otros gastos de explotación,Otros pasivos fijos,Otros pasivos líquidos,Pasivo fijo,Pasivo líquido,Provisiones,Result. ordinarios antes Impuestos,Resultado Actividades Ordinarias,Resultado Explotación,Resultado bruto,Resultado del Ejercicio,Resultado financiero,Resultados actividades extraordinarias,Tesorería,Total activo,Total pasivo y capital propio,Valor agregado,Empresa
2023,17699.67,547401.05,1049531.409,3065.16,238512.87,521599.85,n.d.,453245.57,50466.37,251008.65,301475.02,11132.41,-83023.07,974905.49,586842.2699999999,n.d.,279.98,279.98,1574182.93,62682.17,1574182.93,n.d.,0,956283.07,209.67,951573.4,521599.85,9.0,-164265.79,4500,585153.43,971840.33,801574.43,0,465808.27,17699.67,1013209.32,n.d.,250728.67,188046.5,251008.65,1052583.08,188046.5,-279.98,n.d.,585153.43,2005814.48,2005814.48,888317.2889999999,COREMA CASSA SL_resum
2022,17699.67,432705.73000000004,1243049.3,3065.16,142972.139,555492.3600000001,n.d.,312659.37,7114.31,181414.79,188529.1,11132.41,-108913.95,786858.99,536346.9,n.d.,304.44,304.44,1443312.6700000002,45285.94,1444674.94,n.d.,33.42,507677.56,209.67,502967.89,555492.3600000001,9.0,-164306.58,4500,919257.52,783793.8300000001,707767.7899999999,0,513462.47,17699.67,946168.2,n.d.,181143.77,135857.83,181414.79,889182.58,135857.83,-271.02,n.d.,919257.52,1750726.86,1750726.86,724909.42,COREMA CASSA SL_resum
2021,17699.67,436824.09,1166603.31,3065.16,112988.75,588699.8600000001,n.d.,375309.64,7114.31,142167.97999999998,149282.29,11132.41,-50382.04,651001.16,615660.39,n.d.,1002.06,1002.06,1541495.27,35291.48,1541495.27,n.d.,0,514582.2,n.d.,510082.2,588699.8600000001,9.0,-187852.73,4500,780161.26,647936.0,810627.43,0,575660.59,17699.67,1012484.68,n.d.,141165.91999999998,105874.44,142167.97999999998,952795.41,105874.44,-1002.06,n.d.,780161.26,1681185.51,1681185.51,764942.6799999999,COREMA CASSA SL_resum
2020,17699.67,656102.92,1141584.57,3065.16,109403.98,549195.23,n.d.,387182.66,7114.31,136693.01,143807.31999999998,11132.41,-257787.85,545126.72,553094.15,n.d.,306.78,306.78,1349117.64,34096.56,1349117.64,n.d.,0,504701.42,n.d.,500201.42,549195.23,8.0,-103020.93999999999,4500,743269.5,542061.56,663229.4,0,427356.68,17699.67,1083459.6,n.d.,136386.23,102289.67,136693.01,799922.409,102289.67,-306.78,n.d.,743269.5,1646285.99,1646285.99,696901.47,COREMA CASSA SL_resum
2019,17699.67,459578.97000000003,1016727.74,3065.16,70945.93,242784.44999999998,n.d.,305661.02,7114.31,84820.07,91934.38,11132.41,-142785.539,442837.05,484706.56,n.d.,3001.9300000000003,3001.9300000000003,910838.68,21277.21,910838.68,n.d.,3290.69,511815.73,n.d.,507315.73,242784.45,7.0,-91413.29,4500,699934.31,439771.89,583234.16,0,608427.7799999999,17699.67,1068006.75,n.d.,85108.83,63831.62,84820.07,668054.23,63831.62,288.76,n.d.,699934.31,1528543.47,1528543.47,579931.63,COREMA CASSA SL_resum
2018,17699.67,451322.75,903245.73,3065.16,12747.61,219220.44,n.d.,291158.08,7114.31,8943.52,16057.83,11132.41,-149032.26,379005.43000000005,463553.33,n.d.,1433.89,1433.89,815453.37,1877.77,815453.37,n.d.,1.44,518930.04,n.d.,514430.04,219220.44,9.0,-116621.77,4500,600955.24,375940.269,587289.41,0,574147.919,17699.67,1025470.67,n.d.,7511.07,5633.299,8943.52,596232.929,5633.299,-1432.45,n.d.,600955.24,1422175.77,1422175.77,479612.6,COREMA CASSA SL_resum
2017,17699.67,456455.03,1015114.95,3065.16,82973.06,368075.95,n.d.,225589.74,7114.31,106797.33,113911.64,11132.41,-219732.88,373372.13,531196.1,n.d.,5652.33,5652.33,1128342.48,25286.25,1128342.48,n.d.,0,526044.3500000001,n.d.,521544.35,368075.95,9.0,-115158.79,4500,778392.8,370306.97,653469.2,0,693632.47,17699.67,1150087.5,n.d.,101145.0,75858.75,106797.33,760266.53,75858.75,-5652.33,n.d.,778392.8,1541159.3,1541159.3,645107.74,COREMA CASSA SL_resum
2016,17699.67,453057.41000000003,858188.3500000001,3065.16,88046.76,627372.81,n.d.,321550.68,7114.31,108464.66,115578.97,11132.41,-120374.32,297513.38,470718.94,n.d.,554.73,554.73,1319976.36,26977.480000000003,1319976.36,n.d.,0,519339.22,n.d.,514839.22,627372.81,8.0,-106305.64,4500,525505.26,294448.22000000003,584138.89,0,609257.11,17699.67,1062314.52,n.d.,107909.93,80932.45,108464.66,692603.55,80932.45,-554.73,n.d.,525505.26,1377527.57,1377527.57,586297.91,COREMA CASSA SL_resum
2015,17699.67,386572.21,665044.2,3065.16,34431.96,424809.23000000004,n.d.,177978.34999999998,7114.31,-38510.64,-31396.329,11132.41,-197461.45,216580.93,361934.19,n.d.,198.55,198.55,989299.81,9105.89,989299.81,n.d.,75132.73,511453.53,n.d.,506953.53,424809.23,8.0,-233952.72,4500,475933.44,213515.77,603001.22,0,555644.919,17699.67,942217.13,n.d.,36423.54,27317.65,-38510.64,564490.58,27317.65,74934.18000000001,n.d.,475933.44,1176497.73,1176497.73,405670.589,COREMA CASSA SL_resum
2014,17699.67,342428.59,573894.55,3065.16,45208.598999999995,575552.05,n.d.,341380.98000000004,6157.81,49862.84,56020.649,11132.41,10084.799,189263.28,378431.13,n.d.,1049.35,1049.35,1106772.94,9762.7,1106772.94,n.d.,0,514067.84,n.d.,514067.84,575552.05,6.0,-96769.11,n.d.,221381.16,186198.12,481358.05,0,538570.8500000001,17699.67,880999.4400000001,n.d.,48813.49,39050.789,49862.84,531220.889,39050.789,-1049.35,n.d.,221381.16,1087962.39,1087962.39,434451.779,COREMA CASSA SL_resum
2013,17699.67,173148.47,504996.56,3065.16,12908.9,346828.79000000004,n.d.,168277.22,4818.71,11376.4,16195.11,11132.41,6261.160000000001,150212.49,322932.37,n.d.,589.48,589.48,773350.2899999999,2696.73,773350.2899999999,n.d.,0,306445.65,n.d.,306445.65,346828.79000000004,5.0,-87394.02,n.d.,325586.93000000005,147147.33,415145.1,0,470381.58,17699.67,643530.05,n.d.,10786.92,8090.19,11376.4,426521.5,8090.19,-589.48,n.d.,325586.93000000005,811442.21,811442.21,339127.48000000004,COREMA CASSA SL_resum
2012,17699.67,176670.17,508362.81,3065.16,11850.07,360244.89,n.d.,164751.75,4818.71,9890.58,14709.29,34632.41,22713.989,142122.3,306289.98000000004,n.d.,515.429,515.429,774024.02,2343.79,774024.02,n.d.,0,297388.33,n.d.,297388.33,385244.89,5.0,-92779.86,n.d.,308978.65,139057.139,403888.55,0,469258.99900000007,17699.67,645929.1699999999,n.d.,9375.15,7031.360000000001,9890.58,413779.13,7031.360000000001,-515.429,n.d.,308978.65,805751.14,805751.14,320999.26900000003,COREMA CASSA SL_resum
2011,17699.67,278664.23000000004,561355.16,3065.16,22320.260000000002,485278.73000000004,n.d.,332003.35,4818.71,23496.83,28315.54,9632.41,62971.529,135090.94,350349.51,n.d.,161.43,161.43,951747.33,5833.85,951747.33,n.d.,0,302207.04,n.d.,302207.04,485278.73,5.0,-87803.55,n.d.,219719.4,132025.78,442971.77,0,432107.36,17699.67,710771.59,n.d.,23335.4,17501.55,23496.83,466468.6,17501.55,-161.43,n.d.,219719.4,863562.2,863562.2,378665.05,COREMA CASSA SL_resum
2010,17699.67,199535.91,366880.3,3065.16,15028.32,258489.2,n.d.,122600.16,4818.71,14250.8,19069.51,9632.41,-67303.34,117589.39,306207.15,n.d.,637.98,637.98,658557.8400000001,3403.21,658557.8400000001,n.d.,0,307025.75,n.d.,307025.75,258489.2,4.0,-74791.98,n.d.,234647.73,114524.23,385817.83999999997,0,339081.08,17699.67,538616.99,n.d.,13612.82,10209.61,14250.8,400068.639,10209.61,-637.98,n.d.,234647.73,673906.05,673906.05,325276.66,COREMA CASSA SL_resum
2009,17699.67,244456.5,423924.28,3065.16,n.d.,420303.37,n.d.,204871.26,n.d.,17429.920000000002,17429.920000000002,9632.41,-29952.829,107379.78,318202.89,n.d.,1562.27,1562.27,821168.71,3966.91,821168.71,n.d.,0,253844.46,n.d.,253844.46,420303.37,5.0,-65232.53,n.d.,209420.61,104314.62,383435.42000000004,0,308232.79000000004,17699.67,552689.2899999999,n.d.,15867.65,11900.740000000002,17429.920000000002,400865.33900000004,11900.740000000002,-1562.27,n.d.,209420.61,677768.74,677768.74,335632.81,COREMA CASSA SL_resum
2008,17699.67,290814.79000000004,419513.87,3065.16,n.d.,697603.9500000001,n.d.,310210.94,n.d.,27665.7,27665.7,9632.41,29028.559,95479.04,330092.66,n.d.,2836.8900000000003,2836.8900000000003,1132705.75,6226.55,1132705.75,n.d.,77.39,253844.46,n.d.,253844.46,697603.9500000001,6.0,-77343.43999999999,n.d.,99670.52,92413.88,407436.1,0,269364.83,17699.67,560179.62,n.d.,24906.2,18679.65,27665.7,435101.8,18679.65,-2759.5,n.d.,99670.52,673358.3300000001,673358.3300000001,357835.75,COREMA CASSA SL_resum
2007,44064.350000000006,n.d.,244219.72,3065.16,16664.49,n.d.,n.d.,204049.25,4818.71,19579.73,24398.44,9632.41,213681.66,76799.39,266195.51,n.d.,3785.36,3785.36,708213.5,3948.59,708213.5,n.d.,n.d.,276485.37,21961.69,254523.68,345562.38,10.0,n.d.,0,30538.059,73734.23,n.d.,n.d.,399841.35,44064.350000000006,399841.35,n.d.,15794.37,11845.78,19579.73,n.d.,11845.78,-3785.36,n.d.,22680.66,520705.09,520705.09,290593.95,COREMA CASSA SL_resum
2006,77771.34,n.d.,255627.34,3065.16,17277.99,n.d.,n.d.,189181.97,4818.71,22874.43,27693.14,2132.4100000000003,191314.38,64953.61,299482.74,n.d.,5075.46,5075.46,804451.92,5339.6900000000005,804451.92,n.d.,n.d.,281304.08,21961.69,259342.39,409311.35,10.0,n.d.,0,64312.959,61888.45,n.d.,n.d.,394206.47,77771.34,394206.47,n.d.,17798.97,12459.28,22874.43,n.d.,12459.28,-5075.46,n.d.,56455.56,536931.42,536931.42,327175.88,COREMA CASSA SL_resum
2005,110280.61,n.d.,206836.99,3065.16,15473.48,n.d.,n.d.,185534.99,5212.56,20749.76,25962.32,2132.4100000000003,187667.4,52394.53,354274.94,n.d.,6091.31,6091.31,800433.4600000001,4397.53,800433.4600000001,n.d.,n.d.,286122.79000000004,21961.69,264161.09900000005,354074.57,9.0,n.d.,0,19169.589,49329.369,n.d.,n.d.,330284.64,110280.61,330284.64,n.d.,14658.45,10260.92,20749.76,n.d.,10260.92,-6091.31,n.d.,11312.19,492959.78,492959.78,380237.26,COREMA CASSA SL_resum
2004,141663.03,n.d.,222202.31,3065.16,19005.38,n.d.,n.d.,159337.77000000002,10499.18,12110.740000000002,22609.92,2132.4100000000003,161470.18,42133.61,330067.12,n.d.,8819.449999999999,8819.449999999999,776021.98,3645.52,776021.98,n.d.,8860.43,265335.349,21961.69,243373.66,365035.89,10.0,n.d.,-0.001,60732.13,39068.45,n.d.,n.d.,303741.02,141663.03,303741.02,n.d.,12151.72,8506.199,12110.740000000002,n.d.,8506.2,40.98,n.d.,52874.73,487537.66,487537.66,361537.47,COREMA CASSA SL_resum
2003,171884.34,n.d.,197224.58,3065.16,20168.95,n.d.,n.d.,181875.65,14193.94,18240.2,32434.14,2132.4100000000003,184008.06,33627.41,291768.3,n.d.,9704.47,9704.47,736775.11,2560.72,736775.11,n.d.,n.d.,275834.53,21961.69,253872.84,362559.48,7.0,n.d.,0,13216.519,30562.25,n.d.,n.d.,267547.36,171884.34,267547.36,n.d.,8535.730000000001,5975.01,18240.2,n.d.,5975.01,-9704.47,n.d.,5359.120000000001,473059.11,473059.11,324202.4390000001,COREMA CASSA SL_resum
2002,200614.17,n.d.,198718.24,3065.16,31404.940000000002,n.d.,n.d.,119534.58,28431.440000000002,15834.36,44265.8,34498.96,154033.54,27652.4,335888.28,n.d.,11589.17,11589.17,656173.7699999999,1274.36,656173.7699999999,n.d.,2.67,290028.47000000003,21961.69,268066.78,227815.16,7.0,n.d.,0,44684.7,24587.24,n.d.,n.d.,260480.14,200614.17,260480.14,n.d.,4247.860000000001,2973.5,15834.36,n.d.,2973.5,-11586.5,n.d.,36827.3,488746.71,488746.71,380156.75,COREMA CASSA SL_resum
2001,227490.35,n.d.,174558.84999999998,3065.16,17781.1,n.d.,n.d.,141553.51,14524.5,19654.9,34179.4,20112.39,161665.9,24678.91,260104.34,n.d.,15002.62,15002.62,521331.66,1395.6799999999998,521331.66,n.d.,n.d.,318459.92000000004,21961.69,296498.23000000004,187934.71,6.0,n.d.,0,12892.95,21613.75,n.d.,n.d.,240849.51,227490.35,240849.51,n.d.,4652.28,3256.599,19654.9,n.d.,3256.6,-15002.62,n.d.,5035.55,493018.77,493018.77,294283.74,COREMA CASSA SL_resum
2000,252203.37,n.d.,144034.13,3065.16,9375.11,n.d.,n.d.,108222.36,4603.54,17911.36,22514.9,7671.44,115893.8,21422.31,255547.63,n.d.,11094.83,11094.83,636223.56,2044.96,636223.56,n.d.,n.d.,303945.37,21961.69,281983.68,305663.83,6.0,n.d.,0,28140.33,18357.15,n.d.,n.d.,174353.81999999998,252203.37,174353.81999999998,n.d.,6816.53,4771.57,17911.36,n.d.,4771.57,-11094.83,n.d.,20282.93,447979.5,447979.5,278062.53,COREMA CASSA SL_resum
1999,17699.67,n.d.,181992.13,3065.16,7765.7,n.d.,n.d.,142568.83,4376.7699999999995,8216.849999999999,12593.62,7671.44,150240.27000000002,16650.73,217796.84,n.d.,3375.52,3375.52,630160.07,1452.4,630160.07,n.d.,n.d.,48585.55,21961.69,25947.56,349805.34,6.0,n.d.,676.3,31751.86,13585.57,n.d.,n.d.,196227.27,17699.67,196227.27,n.d.,4841.33,3388.9300000000003,8216.849999999999,n.d.,3388.9300000000003,-3375.52,n.d.,23894.460000000003,230577.67,230577.67,230390.459,COREMA CASSA SL_resum
