Año,Acreedores a L. P.,Acreedores comerciales,Activo circulante,Capital suscrito,Cash flow,Consumo de mercaderías y de materias,Deudas financieras,Deudores,Dotaciones para amortiz. de inmovil.,EBIT,EBITDA,Existencias,Fondo de maniobra,Fondos propios,Gastos de personal,Gastos extraordinarios,Gastos financieros,Gastos financieros y gastos asimilados,Importe neto Cifra de Ventas,Impuestos sobre sociedades,Ingresos de explotación,Ingresos extraordinarios,Ingresos financieros,Inmovilizado,Inmovilizado inmaterial,Inmovilizado material,Materiales,Número empleados,Otros Conceptos de Explotación,Otros activos fijos,Otros activos líquidos,Otros fondos propios,Otros gastos de explotación,Otros pasivos fijos,Otros pasivos líquidos,Pasivo fijo,Pasivo líquido,Provisiones,Result. ordinarios antes Impuestos,Resultado Actividades Ordinarias,Resultado Explotación,Resultado bruto,Resultado del Ejercicio,Resultado financiero,Resultados actividades extraordinarias,Tesorería,Total activo,Total pasivo y capital propio,Valor agregado,Empresa
2023,192442.08,485516.64999999997,3261141.2,138230.0,964599.54,5606414.659999999,123541.75,2025674.65,411989.36,617840.51,1029829.87,713683.22,2253841.22,3573823.11,1879644.78,n.d.,2982.63,2982.63,10028079.7,73976.70999999999,10057841.92,n.d.,11729.01,1580566.77,125928.49,863536.8500000001,5606414.659999999,48.0,-1541952.6090000002,591101.429,521783.329,3435593.11,3833586.75,3561.48,462822.899,196003.56,1071881.3,n.d.,626586.89,552610.1799999999,617840.51,4451427.26,552610.1799999999,8746.38,n.d.,413976.73,4841707.970000001,4841707.970000001,2921203.659,DIBOSCH SL_resum
2022,206184.21000000002,748240.26,3055111.62,138230.0,770088.3500000001,4333818.96,n.d.,1729368.12,332545.28,516459.58,849004.8600000001,669355.7899999999,1650483.65,3021212.93,1746031.37,n.d.,2327.56,2327.56,8130967.7,81725.70999999999,8179379.89,n.d.,5136.76,1230688.55,131819.97999999998,630667.14,4333818.96,46.0,-1250524.7,468201.43000000005,656387.71,2882982.929,3329101.3499999996,10164.55,299998.22000000003,216348.76,1048238.48,n.d.,519268.78,437543.07,516459.58,3845560.9299999997,437543.07,2809.2,n.d.,652628.21,4285800.17,4285800.17,2600172.99,DIBOSCH SL_resum
2021,160006.87,44947.6,1939906.26,138230.0,793538.49,3881971.77,n.d.,930770.24,448105.4900000001,412229.74,860335.23,382569.96,1268392.5990000002,2583669.86,1635569.46,n.d.,3954.4,3954.4,7463430.06,67404.08,7483425.01,n.d.,4561.74,908913.68,105064.38,642147.87,3881971.77,47.0,-1105548.55,161701.43,626566.06,2445439.859,3189223.499,12979.849999999999,47215.76,172986.72,92163.36,n.d.,412837.08,345433.0,412229.74,3601453.239,345433.0,607.3389999999999,n.d.,624666.06,2848819.94,2848819.94,2500466.43,DIBOSCH SL_resum
2020,429994.57,351641.35,2345615.51,138230.0,677040.8500000001,3673287.52,n.d.,1308022.16,445079.4900000001,300065.95,745145.4400000001,202701.26,1159082.069,2238236.86,1543358.33,n.d.,5226.83,5226.83,6958330.04,67893.51,6982110.92,n.d.,5015.75,957883.83,58876.5,762305.9,3673287.52,47.0,-1020319.629,136701.43,834892.09,2100006.859,3008757.4499999997,21459.260000000002,262167.3,451453.83,613808.65,n.d.,299854.87,231961.36,300065.95,3308823.4,231961.36,-211.079,n.d.,638280.09,3303499.34,3303499.34,2293519.52,DIBOSCH SL_resum
2019,485762.17,80690.54,1706832.0,138230.0,630567.4400000001,3559068.44,n.d.,1212703.79,384419.12,315111.65,699530.7699999999,192294.98,1324308.23,2006275.5,1528604.33,n.d.,4777.150000000001,4777.150000000001,6785136.2700000005,70244.68000000001,6808174.989,n.d.,6058.5,1100517.35,50974.92,912841.0,3559068.44,47.0,-1020971.4500000001,136701.43,301833.23000000004,1868045.5,2933994.9,0,234621.14,485762.17,315311.68,n.d.,316393.0,246148.32,315111.65,3249106.549,246148.32,1281.35,n.d.,279933.23000000004,2807349.35,2807349.35,2234193.6,DIBOSCH SL_resum
2018,449541.51,530428.339,2212407.74,138230.0,591854.47,3283323.02,n.d.,1463693.39,234398.64,317182.37,551581.01,143469.84999999998,1076734.9009999998,1760127.1800000002,1539393.75,n.d.,2885.25,2885.25,6249823.03,75739.34,6264148.859999999,n.d.,118898.05,939636.94,56643.43,746292.08,3283323.02,43.0,-889851.08,136701.43,605244.5,1621897.1800000002,2663643.469,0,411947.649,449541.51,942375.99,n.d.,433195.17,357455.829,317182.37,2980825.84,357455.829,116012.8,n.d.,427047.23,3152044.68,3152044.68,2209872.81,DIBOSCH SL_resum
2017,77898.77,552852.8600000001,1848441.58,138230.0,314338.06,3079111.7,n.d.,1194390.72,144863.41,207297.95,352161.36,220405.08,861942.9400000001,1402671.35,1229286.41,n.d.,2653.51,2653.51,5689895.39,52263.2,5699353.489,n.d.,17093.41,534548.7699999999,58990.5,295966.67,3079111.7,36.0,-1038794.02,179591.6,433645.78,1264441.3490000002,2412943.84,0,349567.37,77898.77,902420.23,n.d.,221737.85,169474.65,207297.95,2620241.7890000003,169474.65,14439.9,n.d.,241124.28,2382990.35,2382990.35,1598541.1800000002,DIBOSCH SL_resum
2016,145892.57,514948.38,1876580.97,138230.0,310071.649,2639121.2800000003,n.d.,1085616.86,181197.83,162216.67,343414.5,218264.85,788933.3300000001,1233196.7,1154221.0,n.d.,4514.02,4514.02,4969437.75,38133.23,4977695.75,n.d.,9304.4,358008.56,66365.5,227318.12,2639121.2800000003,34.0,-840938.97,64324.94,572699.26,1094966.7,2176357.8,0,340551.88,145892.57,855500.26,n.d.,167007.05,128873.819,162216.67,2338574.4699999997,128873.819,4790.379,n.d.,349581.34,2234589.53,2234589.53,1506939.9,DIBOSCH SL_resum
2015,164367.67,504652.16,1599381.39,138230.0,268409.83,2541543.8,n.d.,1039555.83,182175.76,107517.71,289693.47000000003,207610.88,742514.55,1104322.88,890955.59,n.d.,6395.25,6395.25,4476310.430000001,22745.9,4499615.87,n.d.,7857.51,444155.97,57127.92,312436.45,2541543.8,31.0,-777423.01,74591.6,352214.68,966092.88,1850554.3590000002,0,270194.65,164367.67,774846.81,n.d.,108979.97,86234.07,107517.71,1958072.07,86234.07,1462.26,n.d.,128374.78,2043537.36,2043537.36,1188506.569,DIBOSCH SL_resum
2014,185786.14,411650.37,1417764.5,138230.0,281981.07,2206589.27,n.d.,912884.7,176259.34,133253.78,309513.12,234103.14,735337.469,1018088.81,776105.8300000001,n.d.,7403.79,7403.79,4016555.87,22207.53,4034128.2,n.d.,2079.27,437574.51,35127.74,340688.49000000005,2206589.27,27.0,-741919.9789999999,61758.28,270776.66,879858.809,1694285.1500000001,0,239813.69,185786.14,651464.06,n.d.,127929.26,105721.73,133253.78,1827538.93,105721.73,-5324.52,n.d.,86907.32,1855339.01,1855339.01,1087698.22,DIBOSCH SL_resum
2013,120251.17000000001,180979.05,1106207.1700000002,138230.0,254007.59,2041785.6400000001,84621.62000000001,810358.73,175086.57,103154.03,278240.6,272618.84,901998.52,912367.08,664719.74,n.d.,9750.82,9750.82,3650228.76,15503.32,3682138.949,n.d.,1021.13,450460.14,30968.4,357733.46,2041785.64,22.0,-697392.97,61758.28,23229.6,774137.08,1537199.28,0,258448.39,120251.17000000001,524049.06,n.d.,94424.34,78921.019,103154.03,1640353.3090000001,78921.019,-8729.69,n.d.,572.26,1556667.31,1556667.31,943981.469,DIBOSCH SL_resum
2012,166597.47,439858.28,1387725.21,138230.0,186937.82,2071910.6400000001,99297.33,893440.58,162722.38999999998,57671.15,220393.54,473813.96,927396.26,833446.06,810371.06,n.d.,27994.15,15160.83,3673715.22,6708.95,3692445.52,n.d.,1247.38,521419.97,47551.58,412110.11,2071910.64,26.0,-589770.2789999999,61758.28,20470.67,695216.06,1562863.73,0,369946.04,166597.47,909101.65,n.d.,30924.38,24215.43,57671.15,1620534.8800000001,24215.43,-26746.77,n.d.,470.67,1909145.18,1909145.18,1019178.66,DIBOSCH SL_resum
2011,224062.44999999998,416236.45,1574938.1,138230.0,172780.21000000002,1951636.6800000002,353687.53,894796.98,139892.7,61088.99,200981.69,659576.73,1138137.26,809230.63,698886.3600000001,n.d.,16675.687,16675.687,3604957.56,13225.240000000002,3613509.83,n.d.,1699.45,548710.81,46496.77,464622.44,1951636.68,22.0,-762005.1,37591.6,20564.39,671000.63,1600784.1600000001,0,320431.85,224062.44999999998,1090355.83,n.d.,46112.75,32887.51,61088.99,1661873.1500000001,32887.51,-14976.237,n.d.,564.39,2123648.91,2123648.91,901567.498,DIBOSCH SL_resum
2010,246574.73,398940.52,1351278.47,138230.0,148749.76,1773569.75,179601.79,661514.02,117433.85,48549.43,165983.28,667499.2699999999,930072.77,776343.12,550678.74,n.d.,12364.11,12364.11,3192928.91,8398.349999999999,3216397.17,n.d.,3528.9390000000003,549135.58,57473.75,454070.23,1773569.75,19.0,-726165.4,37591.6,22265.18,638113.12,1394277.99,0,298953.89,246574.73,877496.2,n.d.,39714.26,31315.91,48549.43,1442827.42,31315.91,-8835.17,n.d.,2008.88,1900414.05,1900414.05,720190.9600000001,DIBOSCH SL_resum
2009,270138.68,301688.42000000004,1408656.14,138230.0,149278.19,1668380.45,268571.98000000004,650708.48,120317.79,62133.49,182451.28,736936.37,1085956.43,745027.21,735818.15,n.d.,25337.31,25337.31,3281224.24,9186.8,3290114.24,n.d.,1351.02,558855.9,6102.31,510985.15,1668380.45,22.0,-703464.3600000001,41768.44,21011.29,606797.21,1559600.3,3918.57,378167.18,274057.25,948427.58,n.d.,38147.2,28960.399,62133.49,1621733.79,28960.399,-23986.29,n.d.,1011.29,1967512.04,1967512.04,919620.45,DIBOSCH SL_resum
2008,381154.25,424412.64999999997,1639373.13,48080.0,159424.07,1633481.48,498445.29000000004,800507.47,127159.69,79320.15000000001,206479.84,816917.2799999999,1193012.1,625916.81,862614.21,n.d.,41864.62,41864.62,3566305.2,7630.88,3568962.2,n.d.,2439.73,645838.3600000001,9918.36,594151.56,1633481.48,28.0,-866386.6699999999,41768.44,21948.379,577836.81,1856160.5690000001,5481.81,349800.68,386636.06,1272658.62,n.d.,39895.26,32264.38,79320.15000000001,1935480.72,32264.38,-39424.89,n.d.,559.03,2285211.49,2285211.49,1071533.78,DIBOSCH SL_resum
2007,501690.09,n.d.,1693118.66,48080.0,237565.72,n.d.,n.d.,1005711.69,130399.45,32817.14,163216.59,669718.11,1675429.799,593652.4400000001,1007542.55,501.63,35603.27,35603.27,3549697.39,9023.04,3551765.569,117987.13900000001,1489.93,768611.08,28867.39,697975.25,1614672.14,31.0,n.d.,41768.439,17688.858999999997,545572.4400000001,n.d.,n.d.,1366387.21,501690.09,1366387.21,n.d.,-1296.2,-10319.240000000002,32817.14,n.d.,107166.27,-34113.340000000004,117485.509,17420.920000000002,2461729.74,2461729.74,1289734.58,DIBOSCH SL_resum
2006,269750.66,n.d.,1273598.61,48080.0,149863.36,n.d.,n.d.,799845.51,98647.89,51977.26,150625.15,422603.91,1222449.42,486486.17,1167509.28,1.1500000000000001,10955.37,10955.37,3518435.83,18752.8,3519331.83,27172.280000000002,1775.25,563827.98,32207.04,531620.939,1444592.46,47.0,n.d.,0.0,51149.19,438406.17,n.d.,n.d.,1081189.76,269750.66,1081189.76,n.d.,42797.14,24044.34,51977.26,n.d.,51215.47,-9180.12,27171.128999999997,49957.34,1837426.59,1837426.59,1347080.81,DIBOSCH SL_resum
2005,113633.13,n.d.,1136387.5990000002,48080.0,192341.37,n.d.,n.d.,833463.7899999999,111424.24,119921.88,231346.12,292613.94,1126077.73,435270.7,1767262.88,34508.259999999995,7558.22,7558.22,4317809.78,33451.11,4322186.81,35379.28,1133.56,304835.18,17181.440000000002,287653.74,1784941.79,82.0,n.d.,0.0,10309.869,387190.7,n.d.,n.d.,892318.9500000001,113633.13,892318.9500000001,n.d.,113497.22,80046.11,119921.88,n.d.,80917.13,-6424.660000000001,871.019,10006.93,1441222.78,1441222.78,2000613.579,DIBOSCH SL_resum
2004,92740.64,n.d.,1115777.05,48080.0,203063.09,n.d.,n.d.,792876.87,104111.85,141736.38999999998,245848.24,282384.04,1075260.91,354353.57,1428733.0,0.6400000000000001,8011.469999999999,8011.469999999999,3791497.79,42008.78999999999,3798642.72,6132.259,1103.49,389698.41,26418.21,363280.2,1449924.79,91.0,n.d.,0.0,40516.14,306273.57,n.d.,n.d.,1058381.25,92740.64,1058381.25,n.d.,134828.41,92819.62,141736.38999999998,n.d.,98951.24,-6907.98,6131.619000000001,39606.64,1505475.46,1505475.46,1681816.35,DIBOSCH SL_resum
2003,79305.93,n.d.,956633.309,48080.0,108229.04,n.d.,n.d.,799352.37,84688.07,21313.19,106001.26,132693.63,932046.0,255402.33,1464801.41,990.15,6845.55,6845.55,3146794.9,4739.5,3146794.9,13652.29,1150.6899999999998,334357.38,33177.18,301180.2,1202338.61,70.0,n.d.,0.0,24587.309,207322.33,n.d.,n.d.,956282.43,79305.93,956282.43,n.d.,15618.33,10878.83,21313.19,n.d.,23540.97,-5694.860000000001,12662.140000000001,22804.62,1290990.6900000002,1290990.6900000002,1584615.5,DIBOSCH SL_resum
2002,52618.119999999995,n.d.,706264.08,48080.0,119608.74,n.d.,n.d.,511386.29,72082.88,67209.11,139291.99,183021.93,694408.22,231861.36,951882.52,455.66,8412.98,8412.98,2511395.82,12002.44,2518603.079,89.98,1097.85,289997.69,5876.55,284121.14,875082.91,71.0,n.d.,0.0,11855.859,183781.36,n.d.,n.d.,711782.2899999999,52618.119999999995,711782.2899999999,n.d.,59893.98,47891.54,67209.11,n.d.,47525.86,-7315.13,-365.68,11855.86,996261.77,996261.77,1091906.6800000002,DIBOSCH SL_resum
2001,59774.87,n.d.,647999.21,48080.0,90604.04,n.d.,n.d.,450567.8,61679.2,43661.7,105340.9,195347.58,645915.38,184335.5,1076762.84,2214.62,9443.75,9443.75,2281239.23,10442.87,2281609.98,6182.3,1182.08,301504.98000000004,3852.84,297652.14,719289.56,68.0,n.d.,0.0,2083.8300000000004,136255.5,n.d.,n.d.,705393.8200000001,59774.87,705393.8200000001,n.d.,35400.03,24957.159,43661.7,n.d.,28924.84,-8261.67,3967.68,2083.8300000000004,949504.19,949504.19,1187253.5,DIBOSCH SL_resum
2000,7550.58,n.d.,431876.62,48080.97,70549.59,n.d.,n.d.,348531.99000000005,47441.23,37644.45,85085.68000000001,78707.76,427239.75,155410.65,519573.87,2510.56,11667.99,11667.99,1319009.96,9702.29,1319009.96,8799.730000000001,545.03,263887.28900000005,5274.96,258612.33,525649.64,26.0,n.d.,0.0,4636.869000000001,107329.68,n.d.,n.d.,532802.6799999999,7550.58,532802.6799999999,n.d.,26521.49,16819.2,37644.45,n.d.,23108.36,-11122.96,6289.17,4636.860000000001,695763.91,695763.91,611493.74,DIBOSCH SL_resum
1999,n.d.,n.d.,236144.29,48080.97,54849.58,n.d.,n.d.,167599.88999999998,25236.82,47543.26,72780.08,34586.2,202186.09,132302.29,161164.28,3289.15,2490.7,2490.7,914636.62,12691.19,914636.62,162,378.53,281420.13,5519.45,275900.68,450732.39,13.0,n.d.,0.0,33958.2,84221.32,n.d.,n.d.,385262.13,n.d.,385262.13,n.d.,45431.09,32739.899,47543.26,n.d.,29612.76,-2112.17,-3127.15,33958.2,517564.42,517564.42,231195.75,DIBOSCH SL_resum
