Año,Acreedores a L. P.,Acreedores comerciales,Activo circulante,Capital suscrito,Cash flow,Consumo de mercaderías y de materias,Deudas financieras,Deudores,Dotaciones para amortiz. de inmovil.,EBIT,EBITDA,Existencias,Fondo de maniobra,Fondos propios,Gastos de personal,Gastos extraordinarios,Gastos financieros,Gastos financieros y gastos asimilados,Importe neto Cifra de Ventas,Impuestos sobre sociedades,Ingresos de explotación,Ingresos extraordinarios,Ingresos financieros,Inmovilizado,Inmovilizado inmaterial,Inmovilizado material,Materiales,Número empleados,Otros Conceptos de Explotación,Otros activos fijos,Otros activos líquidos,Otros fondos propios,Otros gastos de explotación,Otros pasivos fijos,Otros pasivos líquidos,Pasivo fijo,Pasivo líquido,Provisiones,Result. ordinarios antes Impuestos,Resultado Actividades Ordinarias,Resultado Explotación,Resultado bruto,Resultado del Ejercicio,Resultado financiero,Resultados actividades extraordinarias,Tesorería,Total activo,Total pasivo y capital propio,Valor agregado,Empresa
2023,118700,40460.44,324444.42000000004,120000.0,28731.9,322043.28,n.d.,43020.97,20537.59,13343.33,33880.92,161208.14,163768.67,564204.93,225492.54,n.d.,3150.29,3150.29,616493.65,2012.0,656046.16,n.d.,13.27,486562.14,n.d.,78389.7,324169.26,5.0,-74629.42,408172.44,120215.31,444204.928,320659.55,0,87641.19,118700,128101.63,n.d.,10206.31,8194.309,13343.33,334002.88,8194.309,-3137.02,n.d.,120215.31,811006.56,811006.56,259386.73,FERRETERIA SOLER SL_resum
2022,122894.75,34450.08,286452.65,120000.0,33228.91,321677.06,n.d.,38971.51,18643.95,22123.92,40767.869,156295.06,160816.49,556010.62,208144.3,n.d.,3384.7,3384.7,584229.21,4154.26,647312.409,n.d.,0,478283.9900000001,n.d.,71761.54,323242.91000000003,5.0,-76723.18000000001,406522.45,91186.08,436010.62,303511.43000000005,0,51381.19,122894.75,85831.27,n.d.,18739.22,14584.96,22123.92,325635.349,14584.96,-3384.7,n.d.,25276.37,764736.64,764736.64,248912.17,FERRETERIA SOLER SL_resum
2021,118700,33426.719999999994,315246.16,120000.0,33933.719999999994,383901.81,n.d.,29029.38,12711.93,30951.09,43663.02,150195.37,145798.03,541425.66,190788.16,n.d.,2700.0,2700.0,630049.14,7073.929999999999,689376.8300000001,n.d.,44.63,444204.38,n.d.,53493.28,372651.69,8.0,-71023.84,390711.1,136021.41,421425.66,274523.93000000005,0,65898.16,118700,99324.88,n.d.,28295.72,21221.79,30951.09,305475.02,21221.79,-2655.3700000000003,n.d.,49214.72,759450.54,759450.54,234495.81,FERRETERIA SOLER SL_resum
2020,118700,19951.01,277045.88,120000.0,32858.13,213313.54,n.d.,45575.23,31415.4,4623.6,36039.0,191315.38,216939.6,520203.87,174445.44,n.d.,2707.4,2707.4,448408.2,480.81,505343.9,n.d.,7.34,435419.39,n.d.,46457.57,217922.78,8.0,-81545.92,388961.82,40155.27,400203.87,287406.76,0,53610.39,118700,73561.4,n.d.,1923.54,1442.73,4623.6,292030.36,1442.73,-2700.06,n.d.,11479.09,712465.2699999999,712465.2699999999,210491.78,FERRETERIA SOLER SL_resum
2019,118700,17124.41,264936.65,120000.0,36365.7,268096.16799999995,n.d.,60124.76,31216.28,9487.75,40704.03,186178.93,229179.28,518761.14,175618.05,n.d.,2700.0,2700.0,501371.34,1716.48,556871.63,n.d.,78.14999999999999,440905.76,n.d.,46089.350000000006,263652.218,8.0,-72453.38,394816.41,18632.959,398761.139,279287.70900000003,4561.75,46695.11,123261.75,63819.52,n.d.,6865.9,5149.42,9487.75,288775.462,5149.42,-2621.8500000000004,n.d.,16528.418999999998,705842.41,705842.41,216400.229,FERRETERIA SOLER SL_resum
2018,121200,23310.6,278305.92000000004,120000.0,31581.2,257301.51,47852.08,74789.35,26868.25,10653.58,37521.83,196125.25,247603.999,513611.72,143108.8,n.d.,4557.98,4557.98,459271.31,1570.99,514796.91,n.d.,188.34,475700.13,n.d.,70940.20999999999,247899.85,7.0,-76864.77,404759.92,7391.320000000001,393611.72,246841.819,9538.06,38493.59,130738.06,109656.27,n.d.,6283.94,4712.95,10653.58,257495.4,4712.95,-4369.639,n.d.,7391.320000000001,754006.05,754006.05,180818.97,FERRETERIA SOLER SL_resum
2017,125700,24384.29,263014.36,120000.0,28602.27,177346.949,83513.36,35585.57,26930.73,5984.660000000001,32915.39,210777.16,221978.44,508898.77,143424.1,n.d.,3755.928,3690.47,382996.97,557.19,429850.0,n.d.,0,496810.57,n.d.,287357.87,217748.61,8.0,-76163.56,209452.699,16651.629999999997,388898.77,246518.38999999998,8760.1,8568.41,134460.1,116466.06,n.d.,2228.73,1671.54,5984.660000000001,252503.05,1671.54,-3755.928,n.d.,16651.629999999997,759824.93,759824.93,176274.03,FERRETERIA SOLER SL_resum
2016,66476.55,33626.119999999995,217671.0,120000.0,33738.63,306649.08,99914.9,47095.76,26923.4,16885.62,43809.02,155125.4,168595.04,507227.23,150198.37999999998,n.d.,7798.639,7793.69,530497.73,2271.75,560232.3200000001,n.d.,0,518852.06,n.d.,309584.52,304065.88,6.0,-59575.840000000004,209267.54,15449.84,387227.23,236697.62,6392.39,22885.87,72868.93999999999,156426.88999999998,n.d.,9086.98,6815.23,16885.62,253583.24000000002,6815.23,-7798.639,n.d.,15449.84,736523.06,736523.06,194002.45,FERRETERIA SOLER SL_resum
2015,93798.23,25285.460000000003,259516.67,120000.0,30169.079,309925.94,152904.27000000002,49397.69,26768.92,15680.7,42449.619,190909.07,215021.3,500412.0,159890.81999999998,n.d.,11147.15,11044.23,540230.31,1133.39,572651.1,n.d.,0,545287.8600000001,n.d.,536739.319,307449.19,7.0,-60384.719999999994,8548.54,19209.91,380412.0,247044.46,4377.99,28026.58,98176.22,206216.31,n.d.,4533.55,3400.16,15680.7,262725.16,3400.16,-11147.15,n.d.,19209.91,804804.53,804804.53,202237.52,FERRETERIA SOLER SL_resum
2014,74706.66,21816.149999999998,301756.24,120000.0,32840.61,319269.59,178005.87,79943.75,25617.04,21637.9,47254.94,210695.0,268822.6,497011.84,169123.16,n.d.,12006.46,12001.59,591459.9,2407.8700000000003,613005.3500000001,n.d.,0,559003.03,n.d.,551000.47,294339.59,7.0,-77357.66,8002.56,11117.49,377011.84,272097.86,2698.62,86520.13,77405.28,286342.15,n.d.,9631.44,7223.57,21637.9,293735.759,7223.57,-12006.46,n.d.,11117.49,860759.2699999999,860759.2699999999,216373.23,FERRETERIA SOLER SL_resum
2013,99274.97,17395.75,306184.2,120000.0,14114.05,269005.64999999997,203352.84999999998,65494.810000000005,25777.13,-3687.28,22089.85,233750.0,281849.06,489788.27,224400.24,n.d.,11836.82,11836.82,551590.3400000001,-3861.02,578408.429,n.d.,0,585536.2799999999,15.16,576472.3500000001,310795.65,8.0,-62912.689,9048.77,6939.39,369788.27,313090.06,1336.96,80571.68000000001,100611.93,301320.28,n.d.,-15524.1,-11663.08,-3687.28,309402.77900000004,-11663.08,-11836.82,n.d.,6939.39,891720.48,891720.48,246490.09,FERRETERIA SOLER SL_resum
2012,122572.4,33422.659999999996,314105.54,120000.0,14449.009,252453.84,188348.81,124820.47,23035.94,1030.81,24066.75,174520.4,265918.20900000003,501451.35,247302.7,n.d.,12630.05,12630.05,538657.56,-3012.3100000000004,566452.42,n.d.,0,602197.3200000001,386.68,597683.2799999999,252453.84,10.0,-42629.13,4127.360000000001,14764.67,381451.35,312967.77,276.57,70231.07,122848.97,292002.54,n.d.,-11599.240000000002,-8586.93,1030.81,313998.58,-8586.93,-12630.05,n.d.,13554.67,916302.86,916302.86,271369.45,FERRETERIA SOLER SL_resum
2011,144664.79,62839.61,198024.65,120000.0,48065.77,331118.51,60351.68,65329.86,25878.83,41075.99,66954.82,124034.22,126524.47,510038.28,265966.61,n.d.,13216.36,13216.36,720193.26,5672.6900000000005,747762.22,n.d.,0,603046.06,758.2,192604.78,331118.51,11.0,-83722.28,409683.08,8660.57,390038.28,375567.72000000003,0,23176.35,144664.79,146367.64,n.d.,27859.63,22186.94,41075.99,416643.70900000003,22186.94,-13216.36,n.d.,8660.57,801070.71,801070.71,332921.43000000005,FERRETERIA SOLER SL_resum
2010,165614.49,74470.28,267390.9,120000.0,64276.77,383245.99000000005,134573.53,153219.73,32422.28,54952.33,87374.61,100550.2,179299.65,487851.34,260946.21,n.d.,15072.49,15072.49,784269.6799999999,8025.35,813419.25,n.d.,0,624704.51,1494.1,211214.42,383245.9900000001,11.0,-81852.43999999999,411995.9900000001,13620.97,367851.339,375220.93000000005,0,29585.769,165614.49,238629.58,n.d.,39879.84,31854.489,54952.33,430173.26,31854.489,-15072.49,n.d.,13620.97,892095.41,892095.41,348320.819,FERRETERIA SOLER SL_resum
2009,189924.61000000002,85426.22,386858.31,120000.0,101247.88,520429.4,249604.62,338747.74,47175.77,86165.56,133341.32899999997,28950.3,282271.819,455996.85,231696.42,n.d.,18574.6,18574.6,919819.12,13518.85,947923.21,n.d.,0,657958.07,2234.01,240758.71,520429.4,11.0,-62456.06,414965.35,19160.27,335996.85,341328.25,0,63864.08,189924.61000000002,398894.92,n.d.,67590.95999999999,54072.11,86165.56,427493.809,54072.11,-18574.6,n.d.,19160.27,1044816.38,1044816.38,365037.75,FERRETERIA SOLER SL_resum
2008,215978.36,71885.57,213533.06,120000.0,123500.739,611737.2,165206.27000000002,170652.7,45903.52,96361.14,142264.66,30257.0,129024.13,401924.74,238882.39,n.d.,15729.95,15729.95,1036069.36,3059.36,1055813.6190000002,n.d.,25.39,695667.3300000001,136.34,275831.9,611737.2,11.0,-62929.37,419699.089,12623.36,281924.74,347715.28,0,54205.45,215978.36,291297.29000000004,n.d.,80656.58,77597.22,96361.14,444076.41900000005,77597.22,-15704.56,n.d.,12623.36,909200.39,909200.39,381172.44,FERRETERIA SOLER SL_resum
2007,18343.7,n.d.,218707.64,120000.0,69487.45,n.d.,n.d.,163488.56,32947.17,53285.01,86232.18000000001,37197.25,200685.81,324327.52,244661.42,82.88,4902.53,4902.53,1141926.26,12172.09,1141926.26,412.77,n.d.,410654.19,268.67,410385.52,743431.92,11.0,n.d.,0.0,18021.83,204327.52,n.d.,n.d.,286690.61,18343.7,286690.61,n.d.,48382.48,36210.39,53285.01,n.d.,36540.28,-4902.53,329.89,18021.83,629361.8300000001,629361.8300000001,331223.49000000005,FERRETERIA SOLER SL_resum
2006,26591.86,n.d.,215502.099,120000.0,68843.15000000001,n.d.,n.d.,164238.79,26313.08,62570.37,88883.45,41206.12,205444.91,287787.24,220899.66,105.79,4241.44,4241.44,1107077.39,17678.940000000002,1107077.39,1985.87,n.d.,270496.85,875.6700000000001,269621.18,727676.62,10.0,n.d.,0.0,10057.189,167787.24000000002,n.d.,n.d.,171619.84999999998,26591.86,171619.84999999998,n.d.,58328.93,40649.99,62570.37,n.d.,42530.07,-4241.44,1880.08,7003.42,485998.95,485998.95,311663.19,FERRETERIA SOLER SL_resum
2005,n.d.,n.d.,178673.79,120000.0,35424.06,n.d.,n.d.,69875.25,15420.35,34107.86,49528.21,85296.29,155171.539,245257.17,163783.43,0.22,5532.31,5532.31,784699.21,8573.02,784699.21,1.4,n.d.,220189.37,949.3599999999999,219240.01,521746.5,8.0,n.d.,0.0,23502.25,125257.17,n.d.,n.d.,153605.99,n.d.,153605.99,n.d.,28575.55,20002.53,34107.86,n.d.,20003.71,-5532.31,1.1800000000000002,23502.25,398863.16,398863.16,213312.82,FERRETERIA SOLER SL_resum
2004,n.d.,n.d.,140239.52,120000.0,31426.82,n.d.,n.d.,37338.380000000005,17075.8,24967.980000000003,42043.78,93794.47,131132.84999999998,225253.46,161573.5,n.d.,6235.68,6235.68,709992.87,6150.429999999999,709992.87,1720.56,48.59,224240.3,9594.07,214646.23,463637.36,8.0,n.d.,0.0,9106.669,105253.459,n.d.,n.d.,139226.36,n.d.,139226.36,n.d.,18780.89,12630.46,24967.980000000003,n.d.,14351.02,-6187.09,1720.56,9062.27,364479.82,364479.82,205386.43,FERRETERIA SOLER SL_resum
2003,3261.73,n.d.,133983.18,120000.0,29360.86,n.d.,n.d.,59109.47,18754.67,18223.91,36978.58,58436.1,117545.57,210902.44,127306.05,177.70999999999998,3204.54,3204.54,599517.1699999999,4409.79,599517.1699999999,174.29,0.03,223336.35,13449.46,209886.89,390778.9900000001,7.0,n.d.,0.0,16437.608999999997,90902.44,n.d.,n.d.,143155.36,3261.73,143155.36,n.d.,15019.4,10609.61,18223.91,n.d.,10606.19,-3204.51,-3.42,16212.28,357319.53,357319.53,164281.24000000002,FERRETERIA SOLER SL_resum
2002,7221.1900000000005,n.d.,191994.98,54090.0,22251.480000000003,n.d.,n.d.,48508.42,13529.43,14941.57,28471.0,92732.02,141240.44,134386.25,96311.44,827.6890000000001,2810.25,2810.25,580852.48,3738.02,580852.48,1156.1799999999998,0.26,37589.03,14931.39,22657.64,421256.98,7.0,n.d.,0.0,50754.54,80296.25,n.d.,n.d.,87976.57,7221.1900000000005,87976.57,n.d.,12131.58,8393.56,14941.57,n.d.,8722.05,-2809.99,328.48999999999995,50095.78999999999,229584.01,229584.01,125111.19,FERRETERIA SOLER SL_resum
2001,11161.6,n.d.,169671.53,54090.0,24630.86,n.d.,n.d.,32792.33,14041.02,18884.44,32925.46,125952.26,158744.59,125664.2,84037.84,676.02,3080.16,3080.16,533244.04,4538.49,533244.04,0.07,n.d.,44464.37,26117.62,17592.22,390938.44,6.0,n.d.,754.53,10926.94,71574.2,n.d.,n.d.,77310.1,11161.6,77310.1,n.d.,15804.28,11265.79,18884.44,n.d.,10589.84,-3080.16,-675.949,9691.47,214135.9,214135.9,116287.35,FERRETERIA SOLER SL_resum
2000,16876.54,n.d.,150987.59,54091.09,23991.79,n.d.,n.d.,32035.06,12768.3,17734.09,30502.39,110710.82,142745.87999999998,115074.36,58557.32,96.16,2986.71,2986.71,462643.54,4810.06,462643.54,1382.33,n.d.,47834.97,31931.74,15903.23,348155.77,5.0,n.d.,0.0,8241.710000000001,60983.27,n.d.,n.d.,66871.649,16876.54,66871.649,n.d.,14747.38,9937.32,17734.09,n.d.,11223.49,-2986.71,1286.1689999999999,5308.53,198822.56,198822.56,90345.88,FERRETERIA SOLER SL_resum
1999,6250.7699999999995,n.d.,133724.209,54091.09,22606.629,n.d.,n.d.,20459.460000000003,8552.47,22279.63,30832.1,105696.51,126155.97,103850.88,48649.01,n.d.,2202.26,2202.26,415097.64,6023.21,415347.89,n.d.,n.d.,44040.86,12310.02,31730.84,312646.29000000004,7.0,n.d.,0.0,7568.239,49759.78999999999,n.d.,n.d.,67663.43,6250.7699999999995,67663.43,n.d.,20077.37,14054.16,22279.63,n.d.,14054.16,-2202.26,n.d.,6857.9,177765.07,177765.07,79481.11,FERRETERIA SOLER SL_resum
