Año,Acreedores a L. P.,Acreedores comerciales,Activo circulante,Capital suscrito,Cash flow,Consumo de mercaderías y de materias,Deudas financieras,Deudores,Dotaciones para amortiz. de inmovil.,EBIT,EBITDA,Existencias,Fondo de maniobra,Fondos propios,Gastos de personal,Gastos extraordinarios,Gastos financieros,Gastos financieros y gastos asimilados,Importe neto Cifra de Ventas,Impuestos sobre sociedades,Ingresos de explotación,Ingresos extraordinarios,Ingresos financieros,Inmovilizado,Inmovilizado inmaterial,Inmovilizado material,Materiales,Número empleados,Otros Conceptos de Explotación,Otros activos fijos,Otros activos líquidos,Otros fondos propios,Otros gastos de explotación,Otros pasivos fijos,Otros pasivos líquidos,Pasivo fijo,Pasivo líquido,Provisiones,Result. ordinarios antes Impuestos,Resultado Actividades Ordinarias,Resultado Explotación,Resultado bruto,Resultado del Ejercicio,Resultado financiero,Resultados actividades extraordinarias,Tesorería,Total activo,Total pasivo y capital propio,Valor agregado,Empresa
2023,n.d.,81235.14,1369125.98,3006.0,157553.37999999998,480178.88,n.d.,285919.05,51110.63,143194.54,194305.17,9876.64,214560.55,1547951.71,400731.91,n.d.,1302.87,1302.87,1163273.08,35480.92,1178010.1800000002,n.d.,32.0,335749.28,n.d.,335749.28,465349.74,14.0,-102794.22,n.d.,1073330.29,1544945.71,554636.76,0,75688.40999999999,n.d.,156923.55,n.d.,141923.67,106442.75,143194.54,697831.3,106442.75,-1270.87,n.d.,1013134.59,1704875.26,1704875.26,595069.08,GIRPLAS SL_resum
2022,n.d.,75206.65000000001,1191576.2,3006.0,154948.66,579142.53,n.d.,186607.57,50554.0,136572.54,187126.54,31226.53,142627.44999999998,1441508.96,401873.84,n.d.,1595.25,1595.25,1325256.36,30582.629999999997,1325722.74,n.d.,0.0,386859.91,n.d.,386859.91,571617.53,14.0,-157579.83,n.d.,973742.1,1438502.96,610007.6699999999,0,61720.5,n.d.,136927.15,n.d.,134977.29,104394.66,136572.54,746580.21,104394.66,-1595.25,n.d.,906655.79,1578436.11,1578436.11,589000.38,GIRPLAS SL_resum
2021,n.d.,112335.02,1184399.09,3006.0,165895.75,457506.13,2339.8100000000004,313161.8,38928.0,168081.67,207009.67,37167.53,237994.309,1337114.3,342197.93000000005,n.d.,1350.11,1350.11,1123582.94,39763.810000000005,1123582.94,n.d.,0.0,335613.91000000003,n.d.,335613.91000000003,460086.5,11.0,-116869.209,n.d.,834069.76,1334108.3,497995.139,0,68223.87000000001,n.d.,182898.7,n.d.,166731.56,126967.75,168081.67,666076.81,126967.75,-1350.11,n.d.,759823.75,1520013.0,1520013.0,549207.6,GIRPLAS SL_resum
2020,3211.04,116970.84,1128575.74,3006.0,111167.849,264915.03,12521.42,212395.28,31405.0,102583.36,133988.35899999997,34062.01,129486.45,1210146.55,337948.08,n.d.,1368.1,1368.1,839967.37,21452.41,839967.37,n.d.,0.0,273075.92000000004,n.d.,271754.9,287420.03,12.0,-103115.9,1321.02,882118.4500000001,1207140.55,472468.98000000004,0,58801.810000000005,3211.04,188294.07,n.d.,101215.26,79762.849,102583.36,575052.3400000001,79762.849,-1368.1,n.d.,805205.74,1401651.66,1401651.66,471936.44,GIRPLAS SL_resum
2019,25975.649999999998,109867.67000000001,1054209.1790000002,3006.0,183276.53,245005.46,21946.79,123319.0,29220.0,201724.77,230944.77,12090.21,25541.539,1130383.7,271590.51,n.d.,2518.56,2518.56,841875.4500000001,45149.68,841875.4500000001,n.d.,0.0,287160.47000000003,n.d.,287160.47000000003,248495.46,11.0,-94334.70999999999,n.d.,918799.97,1127377.7,395145.22000000003,0,53195.84,25975.649999999998,185010.3,n.d.,199206.21,154056.53,201724.77,596869.99,154056.53,-2518.56,n.d.,830589.1699999999,1341369.65,1341369.65,502535.279,GIRPLAS SL_resum
2018,57101.17,94137.06,911783.52,3006.0,213896.07,242885.41999999998,21450.88,194747.22,27821.17,246573.84,274395.01,3441.26,104051.42,976327.17,264955.09,n.d.,4434.81,4434.81,881290.04,56064.13,881290.04,n.d.,0.0,305211.87,n.d.,305211.87,243935.42,5.0,-99054.52,n.d.,713595.04,973321.17,391830.78,0,67979.11,57101.17,183567.05,n.d.,242139.03,186074.9,246573.84,638404.62,186074.9,-4434.81,n.d.,628840.3600000001,1216995.39,1216995.39,539350.1,GIRPLAS SL_resum
2017,59645.86,185780.73,850595.3400000001,3006.0,203154.84,356075.06,12506.29,289504.77,23129.67,243067.26,266196.93000000005,2391.26,106115.3,790252.2699999999,243293.6,n.d.,3020.3700000000003,3020.3700000000003,972628.08,60021.719999999994,972628.08,n.d.,0.0,289321.04,n.d.,289321.04,352165.06,5.0,-107062.48999999999,n.d.,558699.31,787246.2699999999,373485.76,0,91731.23,59645.86,290018.25,n.d.,240046.89,180025.17,243067.26,616553.02,180025.17,-3020.3700000000003,n.d.,483366.12,1139916.38,1139916.38,509490.529,GIRPLAS SL_resum
2016,55816.65,123002.42,595007.87,3006.0,114786.97,312050.66,n.d.,177601.25,17164.9,133290.97999999998,150455.87999999998,9376.26,63975.09,610227.1,216289.58,n.d.,3128.21,3128.21,750850.3600000001,32540.7,750850.3600000001,n.d.,0.0,259742.08,n.d.,259742.08,282035.12,3.0,-72054.239,n.d.,408030.36,607221.1,305508.72000000003,0,65703.78,55816.65,188706.2,n.d.,130162.77,97622.07,133290.97999999998,438799.699,97622.07,-3128.21,n.d.,338213.29000000004,854749.9500000001,854749.9500000001,366745.46,GIRPLAS SL_resum
2015,77951.98,85911.16,454399.77,3006.0,24817.6,170778.73,4024.46,170518.83,9866.0,19522.15,29388.15,60917.28,145524.949,512605.03,196632.62,n.d.,3455.82,3455.82,528294.49,1114.73,528294.49,n.d.,0.0,257988.09,n.d.,244506.98,170778.73,3.0,-131494.98899999997,13481.11,222963.66,509599.029,337993.61,0,31895.23,77951.98,121830.85,n.d.,16066.33,14951.6,19522.15,357515.76,14951.6,-3455.82,n.d.,152172.07,712387.8600000001,712387.8600000001,226020.77,GIRPLAS SL_resum
2014,47919.28999999999,72739.95999999999,448594.41,3006.0,40426.95,294390.13,17619.04,215704.87,16561.0,27422.0,43983.0,50667.28,193632.19,497653.43000000005,191502.19,n.d.,3556.05,3556.05,576326.93,n.d.,576326.93,n.d.,0.0,217854.09,n.d.,204372.98,294390.13,3.0,-46451.61,13481.11,182222.26,494647.43000000005,254514.8,0,30516.78,47919.28999999999,120875.78,n.d.,23865.95,23865.95,27422.0,281936.8,23865.95,-3556.05,n.d.,123147.88,666448.5,666448.5,235485.19,GIRPLAS SL_resum
2013,27602.17,118145.34,455708.76,3006.0,-16868.3,192465.77000000002,14669.39,212001.03,19121.99,-34426.73,-15304.740000000002,136318.03,230173.72,473787.48,193798.1,n.d.,5756.59,5756.59,438310.5,n.d.,438310.5,n.d.,4193.029,234415.09,n.d.,220933.98,193965.77,2.0,-67351.37000000001,13481.11,107389.7,470781.48,280271.46,0,55919.47,27602.17,188734.2,n.d.,-35990.28999999999,-35990.28999999999,-34426.73,245844.73,-35990.28999999999,-1563.56,n.d.,32698.84,690123.8500000001,690123.8500000001,182686.389,GIRPLAS SL_resum
2012,28605.57,57960.810000000005,389080.4,3006.0,22587.52,219540.56,4070.04,187341.43,19913.59,8345.84,28259.43,134818.03,264198.649,509777.77,182773.42,n.d.,4783.58,4783.58,500407.58,891.31,500407.58,n.d.,2.98,253537.08,n.d.,240055.97,244618.47,2.0,-69834.17000000001,13481.11,66920.93999999999,506771.77,272521.18,0,42203.28999999999,28605.57,104234.14,n.d.,3565.24,2673.9300000000003,8345.84,280867.02,2673.9300000000003,-4780.6,n.d.,15573.64,642617.48,642617.48,211035.83,GIRPLAS SL_resum
2011,52598.57,60554.56,396697.92,3006.0,24121.07,155316.34,15350.119,140096.51,22974.37,6035.72,29010.09,111240.12,190782.07,507103.84,195923.73,n.d.,4571.52,4571.52,441970.64,382.24,441970.64,n.d.,64.739,273450.67,n.d.,259969.56,187516.34,3.0,-61720.48,13481.11,145361.29,504097.84,280618.58,0,34541.5,52598.57,110446.18,n.d.,1528.94,1146.7,6035.72,286654.3,1146.7,-4506.781,n.d.,70335.98999999999,670148.59,670148.59,224998.56,GIRPLAS SL_resum
2010,25525.52,48527.950000000004,324173.76,3006.0,27575.05,128620.93,21965.17,151397.17,25644.22,5927.26,31571.480000000003,79040.12000000001,181909.34,505957.14,239695.87,n.d.,3632.81,3632.81,476585.84,643.61,476585.84,n.d.,279.98999999999995,296425.04,n.d.,282943.93000000005,147120.93,5.0,-76697.56,13481.11,93736.47,502951.14,342037.649,0,18623.019,25525.52,89116.14,n.d.,2574.44,1930.83,5927.26,347964.91000000003,1930.83,-3352.8190000000004,n.d.,78711.17000000001,620598.8,620598.8,271547.34,GIRPLAS SL_resum
2009,24196.629999999997,98587.32,385097.36,3006.0,70109.9,33911.380000000005,39251.159999999996,232458.03,29285.0,59999.53,89284.53,55040.12,188910.83,504026.31,232603.22,n.d.,5884.7,5884.7,410534.09,13608.3,410534.09,n.d.,318.37,301379.59,n.d.,287898.48000000004,64411.380000000005,8.0,-54734.96,13481.11,97599.21,501020.31,316623.18,0,20415.53,24196.629999999997,158254.01,n.d.,54433.2,40824.899,59999.53,376622.71,40824.899,-5566.33,n.d.,82573.90999999999,686476.9500000001,686476.9500000001,322206.12,GIRPLAS SL_resum
2008,94321.40999999999,298235.01,573173.2699999999,3006.0,101936.85,170099.67,25000,277366.99000000005,37665.77,95354.88,133020.65,9540.12,-11327.9,463201.41,248543.55,n.d.,10273.83,10273.83,635437.09,21468.69,635437.09,n.d.,658.72,326770.22000000003,n.d.,313289.11,174599.67,8.0,-83773.22,13481.11,286266.16,460195.41,369982.54,0,19185.66,94321.40999999999,342420.67,n.d.,85739.77,64271.08,95354.88,465337.41900000005,64271.08,-9615.11,n.d.,271240.86,899943.49,899943.49,382222.92,GIRPLAS SL_resum
2007,143639.7,n.d.,672077.66,3006.0,121393.43,n.d.,n.d.,291027.65,30504.1,131939.31,162443.41,5040.120000000001,296067.77,398930.33,242945.15,149.95000000000002,11450.08,11450.08,780084.76,30366.69,780084.76,141.08,775.66,367106.81,20539.780000000002,333085.92000000004,291135.82,8.0,n.d.,13481.11,376009.89,395924.33,n.d.,n.d.,496614.44,143639.7,496614.44,n.d.,121264.89,90898.2,131939.31,n.d.,90889.33,-10674.42,-8.869000000000002,373594.97,1039184.47,1039184.47,406155.35,GIRPLAS SL_resum
2006,126064.17000000001,n.d.,665988.38,3006.0,124915.47,n.d.,n.d.,269887.08,28233.1,147323.2,175556.3,4490.120000000001,274377.2,308041.0,272044.71,130.59,9186.64,9186.64,913087.82,42813.41,913087.82,1471.34,18.47,329416.81,34663.49,281272.21,508210.24,9.0,n.d.,13481.109,391611.18,305035.0,n.d.,n.d.,561300.02,126064.17000000001,561300.02,n.d.,138155.03,95341.62,147323.2,n.d.,96682.37,-9168.17,1340.75,387697.16,995405.19,995405.19,448960.23,GIRPLAS SL_resum
2005,139287.91,n.d.,472679.07,3006.0,110896.54,n.d.,n.d.,220769.66,51242.0,100541.07,151783.07,5140.120000000001,225909.78,211358.63,211317.44,4406.04,11447.71,11447.71,1103463.02,25566.23,1103463.02,518.71,14.739999999999998,332772.03,14845.710000000001,304445.21,535378.1,8.0,n.d.,13481.109,246769.29,208352.63,n.d.,n.d.,454804.56,139287.91,454804.56,n.d.,89108.1,63541.87,100541.07,n.d.,59654.54,-11432.97,-3887.3300000000004,246259.77,805451.1,805451.1,359227.92000000004,GIRPLAS SL_resum
2004,136792.05,n.d.,464156.98,3006.0,72314.59,n.d.,n.d.,301208.25,37665.67,69715.72,107381.39,5690.120000000001,306898.37,181704.09,226776.95,5486.219,18524.27,18524.27,1066452.06,14849.54,1066452.06,3791.94,1.29,389663.33,35807.01,338973.17,630222.61,8.0,n.d.,14883.15,157258.61000000002,178698.09,n.d.,n.d.,535324.1699999999,136792.05,535324.1699999999,n.d.,51192.74,36343.2,69715.72,n.d.,34648.92,-18522.980000000003,-1694.279,155896.759,853820.31,853820.31,332465.35,GIRPLAS SL_resum
2003,182494.77000000002,n.d.,241712.99,3006.0,70834.17000000001,n.d.,n.d.,156631.76,51187.06,55892.87,107079.93,40716.27,197348.03,147055.17,199799.65,39.13,30042.06,30042.06,872771.89,8436.96,872771.89,1958.6799999999998,313.71,371879.48,58969.54,298026.79000000004,489494.89,8.0,n.d.,14883.15,44364.959,144049.17,n.d.,n.d.,284042.53,182494.77000000002,284042.53,n.d.,26164.52,17727.56,55892.87,n.d.,19647.11,-29728.35,1919.55,39435.96,613592.47,613592.47,309112.84,GIRPLAS SL_resum
2002,262946.11,n.d.,218175.27,3006.0,98247.17,n.d.,n.d.,104931.94,63345.62,80232.18000000001,143577.8,22457.91,127389.85,127408.06,195949.86,3.8099999999999996,32631.57,32631.57,692291.51,14959.44,692291.51,2247.029,17.16,423033.26,82696.06,321295.2,273307.16,8.0,n.d.,19042,90785.42,124402.06,n.d.,n.d.,250854.36,262946.11,250854.36,n.d.,47617.77,32658.329,80232.18000000001,n.d.,34901.55,-32614.41,2243.22,80000.28,641208.53,641208.53,341788.04,GIRPLAS SL_resum
2001,294661.68,n.d.,197821.38,3006.0,81756.90999999999,n.d.,n.d.,91085.25,55500.55,74349.62000000001,129850.17,6010.120000000001,97095.37,92506.51,167288.68,7565.269,29312.87,29312.87,547232.41,11509.5,547232.41,223.48000000000002,70.9,396869.84,60640.48,336229.36,172439.23,6.0,n.d.,0,100726.01,89500.51,n.d.,n.d.,207523.03,294661.68,207523.03,n.d.,45107.65,33598.15,74349.62000000001,n.d.,26256.36,-29241.97,-7341.789,88662.16,594691.22,594691.22,289867.95900000003,GIRPLAS SL_resum
2000,323738.33,n.d.,236228.778,3005.06,86158.019,n.d.,n.d.,144627.73,57252.99,61352.72,118605.709,15336.8,159964.53,66250.149,129095.44,800.829,27542.63,27542.63,592721.2899999999,12725.11,592721.2899999999,8610.1,10.78,403486.5,69627.26,333859.24,257247.71,7.0,n.d.,0,76264.24699999999,63245.089,n.d.,n.d.,249726.79,323738.33,249726.79,n.d.,33820.87,21095.76,61352.72,n.d.,28905.03,-27531.85,7809.2699999999995,59683.49,639715.2699999999,639715.2699999999,255521.2,GIRPLAS SL_resum
1999,146479.16,n.d.,227336.729,3005.06,101789.48,n.d.,n.d.,140468.54,79197.28,37345.13,116542.41,7212.150000000001,147680.69,37346.33,61167.73,1440.12,9872.36,17099.06,497189.93000000005,9703.05,497189.93000000005,6246.650000000001,15.94,181707.11,97856.05,83851.06,220406.73,5.0,n.d.,0,79656.039,34341.27,n.d.,n.d.,225218.36,146479.16,225218.36,n.d.,27488.71,17785.66,37345.13,n.d.,22592.2,-9856.41,4806.53,57456.13,409043.85,409043.85,189759.32,GIRPLAS SL_resum
