Año,Acreedores a L. P.,Acreedores comerciales,Activo circulante,Capital suscrito,Cash flow,Consumo de mercaderías y de materias,Deudas financieras,Deudores,Dotaciones para amortiz. de inmovil.,EBIT,EBITDA,Existencias,Fondo de maniobra,Fondos propios,Gastos de personal,Gastos extraordinarios,Gastos financieros,Gastos financieros y gastos asimilados,Importe neto Cifra de Ventas,Impuestos sobre sociedades,Ingresos de explotación,Ingresos extraordinarios,Ingresos financieros,Inmovilizado,Inmovilizado inmaterial,Inmovilizado material,Materiales,Número empleados,Otros Conceptos de Explotación,Otros activos fijos,Otros activos líquidos,Otros fondos propios,Otros gastos de explotación,Otros pasivos fijos,Otros pasivos líquidos,Pasivo fijo,Pasivo líquido,Provisiones,Result. ordinarios antes Impuestos,Resultado Actividades Ordinarias,Resultado Explotación,Resultado bruto,Resultado del Ejercicio,Resultado financiero,Resultados actividades extraordinarias,Tesorería,Total activo,Total pasivo y capital propio,Valor agregado,Empresa
2023,27328.88,45884.55,356742.82,3006.0,46906.95,202868.61000000002,2970.42,178216.75,18619.63,40576.28999999999,59195.92,67186.35,199518.55,417376.93000000005,359317.52,n.d.,3105.57,3105.57,840950.97,9213.4,841690.97,n.d.,30,197320.87999999998,n.d.,52320.880000000005,202459.12,8.0,-220308.91999999998,145000,111339.72,414370.93000000005,598246.07,0,60502.92,27328.88,109357.89,n.d.,37500.72,28287.32,40576.28999999999,638822.3600000001,28287.32,-3075.57,n.d.,103223.72,554063.7,554063.7,418543.44,INMOLMAT-GIRONA SOCIEDAD LIMITADA_resum
2022,30299.3,34072.03,287961.83,3006.0,36839.52,183834.55,8875.9,146599.51,35676.47,1950.2,37626.67,65761.0,178288.47999999998,389089.61,351652.69,n.d.,399.46,399.46,786227.7799999999,387.69,787392.38,n.d.,0,222673.97,n.d.,71318.19,186390.19,7.0,-214278.47,151355.78,75601.32,386083.61,601607.63,0,48298.96,30299.3,91246.89,n.d.,1550.74,1163.05,1950.2,603557.8300000001,1163.05,-399.46,n.d.,71179.83,510635.8,510635.8,389279.36,INMOLMAT-GIRONA SOCIEDAD LIMITADA_resum
2021,6173.68,48745.65,309924.86,3006.0,50274.25,205209.46,28343.21,204086.84,39950.04,14254.53,54204.57,39161.34,194502.53,387926.56,349215.07,n.d.,932.97,932.97,785513.2699999999,2997.3500000000004,786773.73,n.d.,0,219488.96,n.d.,67745.48999999999,205793.61,7.0,-178144.629,151743.47,66676.67900000002,384920.56,567309.74,0,58224.72,6173.68,135313.58,n.d.,13321.56,10324.21,14254.53,581564.2699999999,10324.21,-932.97,n.d.,48777.28,529413.819,529413.819,403419.639,INMOLMAT-GIRONA SOCIEDAD LIMITADA_resum
2020,32384.69,27033.52,274906.73000000004,3006.0,35333.96,122401.66,33878.21,144881.38999999998,65156.4,-38078.72,27077.68,24387.25,142235.12,377602.35,346164.64,n.d.,1484.55,1484.55,676373.8200000001,-9740.82,677586.639,n.d.,0.01,249031.77000000002,n.d.,109290.95,121791.86,5.0,-181942.66,139740.81999999998,105638.09,374596.35,593263.7,0,53039.73,32384.69,113951.46,n.d.,-39563.26,-29822.44,-38078.72,555184.9789999999,-29822.44,-1484.54,n.d.,92180.62,523938.5,523938.5,373242.33,INMOLMAT-GIRONA SOCIEDAD LIMITADA_resum
2019,57622.05,32425.45,391788.23,3006.0,81150.03,177938.449,35989.94,64477.44,73048.43,12959.94,86008.37000000001,6834.75,38886.74,407424.79,373634.14,n.d.,2683.7,2683.7,859475.0,2352.08,859895.0,n.d.,177.44,193705.61000000002,n.d.,133705.609,175957.55,5.0,-222314.04,60000,320476.04,404418.79,668996.61,0,52031.61,57622.05,120447.0,n.d.,10453.68,8101.6,12959.94,681956.55,8101.6,-2506.259,n.d.,320476.04,585493.8400000001,585493.8400000001,459819.95,INMOLMAT-GIRONA SOCIEDAD LIMITADA_resum
2018,103561.07,85109.63,441899.65,3006.0,74633.68000000001,246184.18,41439.25,168493.59,39693.74,47952.67,87646.40999999999,3031.2,86415.16,399448.19,341051.5,n.d.,1931.97,1931.97,913330.02,11141.65,913882.02,n.d.,60.89,249804.04,n.d.,189804.04,247200.08,5.0,-238999.93,60000,270374.86,396442.19,619745.1699999999,0,62145.55,103561.07,188694.43,n.d.,46081.59,34939.939,47952.67,667697.8400000001,34939.939,-1871.08,n.d.,270374.86,691703.69,691703.69,428758.79900000006,INMOLMAT-GIRONA SOCIEDAD LIMITADA_resum
2017,16514.95,87197.87000000001,475950.26,3006.0,49658.1,241225,21263.14,228202.47,16882.32,44916.42,61798.74,2015.3,143019.9,364508.25,383690.25,n.d.,2382.26,2382.26,915671.27,10049.99,916203.14,n.d.,291.61,84595.03,n.d.,84595.03,238559.14,8.0,-229489.15,n.d.,245732.49,361502.25,630061.72,0,71061.07900000001,16514.95,179522.09,n.d.,42825.77,32775.78,44916.42,674978.14,32775.78,-2090.65,n.d.,245732.49,560545.2899999999,560545.2899999999,445780.6,INMOLMAT-GIRONA SOCIEDAD LIMITADA_resum
2016,37778.1,63391.63,423780.85,3006.0,56732.429,193632.94,23064.1,249612.87,27855.16,40609.91,68465.07,4681.160000000001,190902.4,331732.47000000003,371029.56,n.d.,3052.8900000000003,3052.8900000000003,820380.41,8752.65,820841.93,n.d.,72.9,99683.95,n.d.,99683.95,196348.24,8.0,-187714.36,n.d.,169486.81999999998,328726.47000000003,586599.08,0,67498.5,37778.1,153954.23,n.d.,37629.92,28877.269,40609.91,627208.99,28877.269,-2979.99,n.d.,169486.81999999998,523464.8,523464.8,439567.529,INMOLMAT-GIRONA SOCIEDAD LIMITADA_resum
2015,64873.840000000004,53940.99,383724.82,3006.0,57551.34,158483.11000000002,25047.73,230993.77,28663.33,42381.95,71045.28,1965.86,179018.639,302855.2,324212.27,n.d.,4763.0,4763.0,779877.98,8731.07,779908.0,n.d.,0.13,127319.11,n.d.,127319.11,159423.67,7.0,-226167.34,n.d.,150765.19,299849.2,579042.9400000001,0,64326.17,64873.840000000004,143314.88999999998,n.d.,37619.08,28888.01,42381.95,621424.89,28888.01,-4762.87,n.d.,150765.19,511043.93000000005,511043.93000000005,395257.68,INMOLMAT-GIRONA SOCIEDAD LIMITADA_resum
2014,76180.26,48203.25,361264.78,3006.0,45138.5,168453.74000000002,34035.09,216966.92,18190.38,33877.350000000006,52067.72899999999,1025.3,169788.97,273967.19,305118.73000000004,n.d.,2173.67,2173.67,667377.3200000001,4755.56,667377.3200000001,n.d.,0,123558.95,n.d.,123558.95,161136.54,6.0,-141737.12,n.d.,143272.56,270961.19,465046.23000000004,0,52437.94,76180.26,134676.28,n.d.,31703.68,26948.12,33877.350000000006,498923.579,26948.12,-2173.67,n.d.,143272.56,484823.73,484823.73,357186.45900000003,INMOLMAT-GIRONA SOCIEDAD LIMITADA_resum
2013,16741.91,65483.25,368554.42,3006.0,26200.37,166704.31,12668.02,171506.37999999998,10669.51,22116.55,32786.059,8342.5,114365.63,247019.07,300251.47000000003,n.d.,1445.37,1445.37,606656.09,5176.95,607156.11,n.d.,36.63,31911.89,n.d.,31911.89,166704.31,6.0,-107414.27,n.d.,188705.54,244013.07,418335.249,0,58554.06,16741.91,136705.33,n.d.,20707.81,15530.86,22116.55,440451.8,15530.86,-1408.739,n.d.,188705.54,400466.31,400466.31,333074.16,INMOLMAT-GIRONA SOCIEDAD LIMITADA_resum
2012,n.d.,30145.32,309712.84,3006.0,13926.06,170667.83,n.d.,170516.36,438.2,19754.64,20192.84,2940.3,143311.33899999998,231488.21,252125.02,n.d.,1950.54,1950.54,529360.8,4495.96,529360.8,n.d.,179.72,n.d.,n.d.,n.d.,120470.28,5.0,-86375.11,n.d.,136256.18,228482.21,338938.33,0,48079.310000000005,n.d.,78224.63,n.d.,17983.82,13487.86,19754.64,358692.97000000003,13487.86,-1770.82,n.d.,136256.18,309712.84,309712.84,272497.579,INMOLMAT-GIRONA SOCIEDAD LIMITADA_resum
2011,n.d.,28695.49,376794.11,3006.0,3399.27,106760.48,94824.52,228604.37,2197.16,5484.89,7682.05,53137.850000000006,253046.729,218000.35,256293.24,n.d.,3982.25,3982.25,446860.93000000005,300.53,446860.93000000005,n.d.,0,189,n.d.,189,107606.78,6.0,-76125.16,n.d.,95051.89,214994.349,334615.56,0,35462.75,n.d.,158982.76,n.d.,1502.64,1202.11,5484.89,340100.449,1202.11,-3982.25,n.d.,95051.89,376983.11,376983.11,263975.29000000004,INMOLMAT-GIRONA SOCIEDAD LIMITADA_resum
2010,n.d.,30514.72,359075.31,3006.0,6139.71,112993.97,82101.02,204012.09,4909.08,6136.25,11045.33,52291.55,225788.92,216798.24,246058.77,n.d.,4597.96,4597.96,451677.01,307.66,451677.01,n.d.,0,2386.16,n.d.,2386.16,93963.57,6.0,-81578.93999999999,n.d.,102771.67,213792.24,332546.79000000004,0,32047.49,n.d.,144663.23,n.d.,1538.29,1230.629,6136.25,338683.04,1230.629,-4597.96,n.d.,102771.67,361461.47,361461.47,257104.099,INMOLMAT-GIRONA SOCIEDAD LIMITADA_resum
2009,n.d.,26879.24,301754.09,3006.0,9852.18,42427.539,34538.03,155279.37,8979.59,5072.1900000000005,14051.779,71321.95,199722.08,215567.61,245655.01,n.d.,3981.45,3960.31,380421.37,218.15,380421.37,n.d.,0,7295.24,n.d.,7295.24,89228.84,6.0,-78287.04,n.d.,75152.77,212561.61,332921.63999999996,0,32064.45,n.d.,93481.72,n.d.,1090.74,872.59,5072.1900000000005,337993.829,872.59,-3981.45,n.d.,75152.77,309049.33,309049.33,259685.65,INMOLMAT-GIRONA SOCIEDAD LIMITADA_resum
2008,n.d.,27924.49,283796.07,3006.0,34529.63,130906.18000000001,18553.35,155466.14,21296.84,22304.33,43601.17,24520.65,152062.3,214695.02,256143.24,n.d.,4660.610000000001,4660.610000000001,525277.11,4410.929999999999,525277.11,n.d.,0,16274.83,n.d.,16274.83,138008.37999999998,6.0,-94626.52,n.d.,103809.28,211689.02,372066.6,0,38898.04,n.d.,85375.88,n.d.,17643.72,13232.79,22304.33,394370.92900000006,13232.79,-4660.610000000001,n.d.,103809.28,300070.9,300070.9,299744.41000000003,INMOLMAT-GIRONA SOCIEDAD LIMITADA_resum
2007,5030.820000000001,n.d.,357676.85,3006.0,43845.869,n.d.,n.d.,228173.39,25407.77,30658.03,56065.8,17418.45,245591.84,201462.23,258449.55,n.d.,6073.89,6073.89,551940.8500000001,6146.04,559043.25,n.d.,n.d.,33035.67,20647.27,12388.4,130573.08,6.0,n.d.,0,112085.009,198456.23,n.d.,n.d.,184219.47,5030.820000000001,184219.47,n.d.,24584.14,18438.1,30658.03,n.d.,18438.1,-6073.89,n.d.,111782.38,390712.52,390712.52,314515.35,INMOLMAT-GIRONA SOCIEDAD LIMITADA_resum
2006,24457.22,n.d.,483368.51,3006.0,61883.8,n.d.,n.d.,365730.56,35574.73,44407.46,79982.19,10316.05,376046.61,183024.13,255336.87,n.d.,6823.08,6823.08,620162.59,11275.31,621402.7889999999,n.d.,n.d.,58443.44,42279.96,16163.48,161648.56,4.0,n.d.,0,107321.9,180018.13,n.d.,n.d.,334330.6,24457.22,334330.6,n.d.,37584.380000000005,26309.07,44407.46,n.d.,26309.07,-6823.08,n.d.,105672.88,541811.9500000001,541811.9500000001,335319.06,INMOLMAT-GIRONA SOCIEDAD LIMITADA_resum
2005,14360.6,n.d.,473556.35,3006.0,50687.6,n.d.,n.d.,306187.19,29011.28,32951.119999999995,61962.4,9075.85,315263.04,156715.06,212929.13,n.d.,6183.02,6183.02,559039.22,9289.85,567016.47,4198.07,n.d.,44547.17,24608.609999999997,19938.56,154688.03,6.0,n.d.,0,158293.31,153709.06,n.d.,n.d.,347027.86,14360.6,347027.86,n.d.,26768.1,17478.25,32951.119999999995,n.d.,21676.32,-6183.02,4198.07,157680.5,518103.52,518103.52,279089.6,INMOLMAT-GIRONA SOCIEDAD LIMITADA_resum
2004,25068.8,n.d.,318659.0,3006.0,44731.06,n.d.,n.d.,180213.23,23145.34,38160.36,61305.7,1098.6,181311.83,135038.74000000002,199762.53,277.78999999999996,7045.83,7045.83,559057.19,9251.02,563057.19,n.d.,n.d.,50901,50901,n.d.,204622.36,6.0,n.d.,0,137347.17,132032.739,n.d.,n.d.,209452.46,25068.8,209452.46,n.d.,31114.53,21863.51,38160.36,n.d.,21585.72,-7045.83,-277.78999999999996,135557.6,369560.0,369560.0,260790.439,INMOLMAT-GIRONA SOCIEDAD LIMITADA_resum
2003,19588.25,n.d.,493537.87,3006.0,26593.83,n.d.,n.d.,350049.5,11990.98,26438.42,38429.399,37119.75,387169.25,113453.02,183629.05,n.d.,5577.2,5577.2,498615.73,6258.37,498615.73,n.d.,n.d.,34026.340000000004,32290.49,1735.85,173456.59,6.0,n.d.,0,106368.62,110447.02,n.d.,n.d.,394522.94,19588.25,394522.94,n.d.,20861.22,14602.85,26438.42,n.d.,14602.85,-5577.2,n.d.,105243.86,527564.2089999999,527564.2089999999,222058.45,INMOLMAT-GIRONA SOCIEDAD LIMITADA_resum
2002,n.d.,n.d.,319458.93000000005,3006.0,20150.66,n.d.,n.d.,236482.47,7041.07,21976.54,29017.61,48751.15,285233.62,98850.17,187107.44,n.d.,3653.49,3653.49,459134.39,5618.4,459134.39,404.94,n.d.,5217.320000000001,n.d.,5217.320000000001,163992.72,7.0,n.d.,0,34225.309,95844.17,n.d.,n.d.,225826.08,n.d.,225826.08,n.d.,18323.05,12704.65,21976.54,n.d.,13109.59,-3653.49,404.94,34225.310000000005,324676.25,324676.25,216529.99,INMOLMAT-GIRONA SOCIEDAD LIMITADA_resum
2001,n.d.,n.d.,234515.37,3006.0,35609.6,n.d.,n.d.,144284.3,24846.81,18534.01,43380.82,66072.36,210356.659,85740.58,192040.76,n.d.,5806.85,5806.85,447745.81,4612.620000000001,468194.36,2648.25,n.d.,12258.39,2070.7599999999998,10187.630000000001,122810.55,7.0,n.d.,0,24158.71,82734.58,n.d.,n.d.,161033.18,n.d.,161033.18,n.d.,12727.16,8114.54,18534.01,n.d.,10762.79,-5806.85,2648.25,24125.79,246773.76,246773.76,238069.83,INMOLMAT-GIRONA SOCIEDAD LIMITADA_resum
2000,1682.91,n.d.,213249.33,3005.06,41293.12,n.d.,n.d.,132591.16,24447.15,30651.35,55098.5,45623.810000000005,178214.97,74977.79,191435.38,n.d.,7770.89,7770.89,515858.47,7219.7,515858.47,1185.21,n.d.,37105.21,24924.95,12180.26,188078.55,7.0,n.d.,0,35034.36,71972.73,n.d.,n.d.,173693.84,1682.91,173693.84,n.d.,22880.460000000003,15660.759,30651.35,n.d.,16845.97,-7770.89,1185.21,34345.92,250354.54,250354.54,247719.09,INMOLMAT-GIRONA SOCIEDAD LIMITADA_resum
1999,25674.59,n.d.,218519.13,3005.06,36237.259,n.d.,n.d.,167655.81999999998,23445.19,27785.69,51230.880000000005,46407.55,214063.37,58131.82,177132.78,2044.1299999999999,7467.17,7467.17,468811.26,5482.320000000001,468811.26,n.d.,n.d.,51815.96,47965.63,3850.34,130133.89,7.0,n.d.,-0.009000000000000001,4455.76,55126.76,n.d.,n.d.,186528.68,25674.59,186528.68,n.d.,20318.52,14836.2,27785.69,n.d.,12792.07,-7467.17,-2044.1299999999999,1328.63,270335.09,270335.09,226319.53,INMOLMAT-GIRONA SOCIEDAD LIMITADA_resum
