Año,Acreedores a L. P.,Acreedores comerciales,Activo circulante,Capital suscrito,Cash flow,Consumo de mercaderías y de materias,Deudas financieras,Deudores,Dotaciones para amortiz. de inmovil.,EBIT,EBITDA,Existencias,Fondo de maniobra,Fondos propios,Gastos de personal,Gastos extraordinarios,Gastos financieros,Gastos financieros y gastos asimilados,Importe neto Cifra de Ventas,Impuestos sobre sociedades,Ingresos de explotación,Ingresos extraordinarios,Ingresos financieros,Inmovilizado,Inmovilizado inmaterial,Inmovilizado material,Materiales,Número empleados,Otros Conceptos de Explotación,Otros activos fijos,Otros activos líquidos,Otros fondos propios,Otros gastos de explotación,Otros pasivos fijos,Otros pasivos líquidos,Pasivo fijo,Pasivo líquido,Provisiones,Result. ordinarios antes Impuestos,Resultado Actividades Ordinarias,Resultado Explotación,Resultado bruto,Resultado del Ejercicio,Resultado financiero,Resultados actividades extraordinarias,Tesorería,Total activo,Total pasivo y capital propio,Valor agregado,Empresa
2023,n.d.,2996.9300000000003,334266.28,12020.0,173276.51,3488.75,n.d.,3315.44,41431.94,175792.76,217224.7,111050.4,111368.91,323218.29000000004,1068540.3790000002,n.d.,0,n.d.,1552085.07,43948.189999999995,1552085.07,n.d.,0.0,168974.22,55924.189999999995,110069.41,10340.0,21.0,-262831.24,2980.62,219900.44,311198.29000000004,1372803.5590000001,0,177025.28,n.d.,180022.21000000002,n.d.,175792.76,131844.57,175792.76,1548596.32,131844.57,0.0,n.d.,487.05,503240.5,503240.5,1285765.079,OCINE VIA SABA SL._resum
2022,n.d.,983.81,206062.67,12020.0,150618.86,-95675.90999999999,n.d.,3212.63,36049.16,152759.61000000002,188808.77,104199.15000000001,106427.97,191373.72,748324.76,n.d.,0,n.d.,1063376.62,38189.91,1063917.61,n.d.,0.0,112482.3,48642.91,60522.93,7659.84,16.0,-222459.99,3316.46,98650.89,179353.72,1006833.91,0,126187.44,n.d.,127171.25,n.d.,152759.61000000002,114569.699,152759.61000000002,1159593.52,114569.699,0.0,n.d.,139.9,318544.97000000003,318544.97000000003,937133.53,OCINE VIA SABA SL._resum
2021,n.d.,2325.86,58596.23,12020.0,57602.82,8325.75,n.d.,3345.0,26080.11,42057.13,68137.239,863.4,1882.539,76804.02,609372.39,n.d.,14.97,14.97,778711.07,10519.449999999999,837033.7989999999,n.d.,0.0,104621.34,29754.4,71214.64,8325.75,15.0,-151198.419,3652.3,54387.83,64784.019,786650.919,0,84087.69,n.d.,86413.55,n.d.,42042.16,31522.71,42057.13,828708.049,31522.71,-14.97,n.d.,178.86,163217.57,163217.57,677509.63,OCINE VIA SABA SL._resum
2020,n.d.,1360.1699999999998,13619.64,12020.0,51401.18,663.8,n.d.,10659.86,20879.76,40695.23,61574.99,2717.4,12017.09,45281.310000000005,585414.7899999999,n.d.,0,n.d.,721548.72,10173.81,806167.8500000001,n.d.,0.0,95154.53,30377.86,60888.53,663.8,15.0,-158514.27000000002,3888.14,242.38,33261.309,764808.8200000001,0,62132.69,n.d.,63492.86,n.d.,40695.23,30521.42,40695.23,805504.049,30521.42,0.0,n.d.,242.38,108774.17,108774.17,646989.7799999999,OCINE VIA SABA SL._resum
2019,n.d.,8621.12,311370.28,12020.0,58944.14,9069.55,n.d.,311290.09,13088.45,61140.92,74229.37000000001,n.d.,302668.97000000003,103759.89,702419.49,n.d.,0,n.d.,1001540.0,15285.230000000001,1002991.99,n.d.,0.0,85175.98999999999,2228.77,78723.23999999999,9069.55,14.0,-217273.58,4223.98,80.19,91739.89,932781.52,0,284165.26,n.d.,292786.38,n.d.,61140.92,45855.69,61140.92,993922.4400000001,45855.69,0.0,n.d.,80.19,396546.27,396546.27,776648.8600000001,OCINE VIA SABA SL._resum
2018,n.d.,1017.14,68659.69,12020.0,-14734.739,8782.91,n.d.,63613.55,10646.48,-33841.63,-23195.149,4822.4,67418.81,57904.2,598606.91,n.d.,0,n.d.,746618.63,-8460.41,772907.63,n.d.,0.0,67991.08,3192.77,60238.49,8782.91,12.0,-188712.96,4559.820000000001,223.74,45884.2,797966.3500000001,0,77729.43,n.d.,78746.57,n.d.,-33841.63,-25381.219,-33841.63,764124.72,-25381.219,0.0,n.d.,223.74,136650.77000000002,136650.77000000002,575411.76,OCINE VIA SABA SL._resum
2017,n.d.,1029.5,136644.41,12020.0,-11783.56,7635.610000000001,n.d.,58838.46,11130.52,-30552.11,-19421.59,6303.6,64112.56,83285.42,493402.7,n.d.,0,n.d.,633521.25,-7638.03,634631.91,n.d.,0.0,51908.26,3603.4100000000003,43409.19,7635.610000000001,9.0,-153015.19,4895.660000000001,71502.35,71265.42,657548.41,0,104237.75,n.d.,105267.25,n.d.,-30552.11,-22914.08,-30552.11,626996.3,-22914.08,0.0,n.d.,117.35,188552.67,188552.67,473981.11,OCINE VIA SABA SL._resum
2016,n.d.,1726.27,126235.97,12020.0,31808.6,6844.03,n.d.,50716.09,12840.13,22816.56,35656.689999999995,n.d.,48989.82,106199.5,411422.09,n.d.,212.87,212.87,610579.3200000001,6322.83,611380.399,n.d.,2687.61,53632.43,3170.27,45230.66,6844.03,9.0,-157457.59,5231.5,75519.88,94179.5,581719.809,0,71942.63,n.d.,73668.9,n.d.,25291.3,18968.47,22816.56,604536.3690000001,18968.47,2474.74,n.d.,229.94,179868.4,179868.4,449766.39,OCINE VIA SABA SL._resum
2015,n.d.,232.62,701594.4,12020.0,131280.23,5629.17,n.d.,76071.39,16106.01,159730.54,175836.55,n.d.,75838.77,657231.03,293239.74,n.d.,1310.91,1310.91,602018.64,45299.77,618288.48,n.d.,2054.36,62253.76,10207.79,47241.37,5629.17,8.0,-143583.02,4804.6,625523.01,645211.03,452928.77,0,106384.51,n.d.,106617.13,n.d.,160473.99,115174.22,159730.54,612659.309,115174.22,743.4499999999999,n.d.,217.16,763848.16,763848.16,471130.649,OCINE VIA SABA SL._resum
2014,n.d.,2062.8,577490.3500000001,12020.0,126906.689,3730.9300000000003,n.d.,56206.03,13034.06,159078.76,172112.81999999998,n.d.,54143.22899999999,542056.81,288639.33,n.d.,0,n.d.,584473.69,48802.55,597571.47,n.d.,3596.42,75864.58,15793.640000000001,54930.5,3730.93,8.0,-133088.38999999998,5140.44,521284.32,530036.81,434761.78,0,109235.32,n.d.,111298.12,n.d.,162675.18,113872.62900000002,159078.76,593840.539,113872.62900000002,3596.42,n.d.,247.39,653354.93,653354.93,464348.57,OCINE VIA SABA SL._resum
2013,n.d.,350.96,467098.17,12020.0,103405.34,1953.01,n.d.,45087.54,24281.69,110197.89,134479.58,n.d.,44736.58,428184.18,292299.15,n.d.,0,n.d.,554867.39,33910.14,558653.65,n.d.,2835.9,47126.82,n.d.,43171.57,1953.01,8.0,-129921.90999999999,3955.25,422010.63,416164.18,446502.75,0,85689.85,n.d.,86040.81,n.d.,113033.79,79123.65000000001,110197.89,556700.64,79123.65000000001,2835.9,n.d.,109.89,514224.9900000001,514224.9900000001,429614.63,OCINE VIA SABA SL._resum
2012,n.d.,1.48,389346.13,12020.0,128088.33,689.8499999999999,n.d.,59426.27,25639.73,144349.8,169989.53,n.d.,59424.789,349060.53,260848.72,n.d.,0,n.d.,564825.91,43906.54,572025.75,n.d.,2005.34,62773.1,n.d.,61028.5,689.8499999999999,7.0,-140497.65,1744.6,329919.86,337040.53,426986.1,0,103057.22,n.d.,103058.7,n.d.,146355.14,102448.6,144349.8,571335.9,102448.6,2005.34,n.d.,161.2,452119.23,452119.23,432843.589,OCINE VIA SABA SL._resum
2011,n.d.,2603.4500000000003,253146.11,12020.0,64914.119,433.25,18658.480000000003,9064.17,28019.33,49460.32,77479.65000000001,n.d.,6460.72,246611.93,226236.88,n.d.,0,n.d.,453003.69,15812.05,457948.8,n.d.,3246.52,82635.12000000001,n.d.,80930.36,433.25,7.0,-153799.02,1704.76,244081.94,234591.93,408055.23000000004,0,67907.37000000001,n.d.,89169.3,n.d.,52706.84,36894.789,49460.32,457515.55,36894.789,3246.52,n.d.,417.35,335781.23000000004,335781.23000000004,306963.05,OCINE VIA SABA SL._resum
2010,18658.480000000003,161.6,197072.44,12020.0,77272.54,5165.110000000001,20354.88,10914.36,27155.53,68815.38,95970.91,n.d.,10752.76,209717.14,176330.8,n.d.,0,n.d.,369539.15,21478.72,376326.31,n.d.,2780.3500000000004,101729.39,0.02,101729.37,5165.110000000001,6.0,-98859.48999999999,n.d.,186158.08,197697.14,302345.819,0,49909.72899999999,18658.480000000003,70426.20999999999,n.d.,71595.73,50117.009,68815.38,371161.2,50117.009,2780.3500000000004,n.d.,2234.0,298801.83,298801.83,275082.059,OCINE VIA SABA SL._resum
2009,39013.36,66.9,192712.67,12020.0,68201.70999999999,6121.07,18658.64,7545.81,12595.85,74159.38,86755.23,n.d.,7478.91,159600.13,144404.11000000002,n.d.,0,n.d.,331880.09,23831.08,340936.99000000005,n.d.,5277.56,115402.64,0.02,115402.62,6121.07,6.0,-103656.58,n.d.,185166.86,147580.13,260656.539,0,90776.28,39013.36,109501.82,n.d.,79436.93999999999,55605.86,74159.38,334815.92000000004,55605.86,5277.56,n.d.,1460.46,308115.31,308115.31,236436.9,OCINE VIA SABA SL._resum
2008,n.d.,847.74,84956.26,12020.0,31767.089,7654.91,n.d.,20202.84,11240.63,25577.76,36818.39,n.d.,19355.1,103994.27,123374.34,n.d.,145.07,145.07,278328.61,8797.06,285113.68,n.d.,3890.83,58762.17,1714.54,57047.63,7654.91,4.0,-117266.04,n.d.,64753.42,91974.269,251881.009,0,38876.42,n.d.,39724.16,n.d.,29323.52,20526.460000000003,25577.76,277458.77,20526.460000000003,3745.759,n.d.,348.9,143718.43,143718.43,164083.56,OCINE VIA SABA SL._resum
2007,n.d.,n.d.,87881.14,12020.0,42995.07,n.d.,n.d.,12745.01,12194.61,40083.08,52277.69,n.d.,12745.01,83467.81,116637.83,1149.98,1329.47,1329.47,260229.9,14767.28,270016.98000000004,3596.61,4367.5,55723.56,3772.3,51951.26,233.45,4.0,n.d.,0,75136.13,71447.81,n.d.,n.d.,60136.89,n.d.,60136.89,n.d.,43121.11,28353.83,40083.08,n.d.,30800.460000000003,3038.03,2446.63,75136.13,143604.7,143604.7,175729.65,OCINE VIA SABA SL._resum
2006,n.d.,n.d.,110638.77,12020.0,48482.14,n.d.,n.d.,29274.08,10239.08,61763.25,72002.33,n.d.,29274.08,52667.350000000006,132432.76,4852.41,376.65000000000003,376.65000000000003,298186.34,20592.41,298188.23000000004,696.88,1604.4,60754.49,6478.96,54275.53,71.67999999999999,5.0,n.d.,0,81364.69,40647.350000000006,n.d.,n.d.,118725.91,n.d.,118725.91,n.d.,62991.0,42398.59,61763.25,n.d.,38243.06,1227.75,-4155.529,81364.69,171393.26,171393.26,201883.96,OCINE VIA SABA SL._resum
2005,n.d.,n.d.,156090.69,12020.0,41030.86,n.d.,n.d.,17765.4,11133.0,37804.44,48937.44,n.d.,17765.4,184242.32,144387.84999999998,2655.27,n.d.,n.d.,310372.39,16098.849999999999,310374.17,8142,2705.54,61863.89,1531.1,60332.78999999999,132.22,5.0,n.d.,0,138325.29,172222.31999999998,n.d.,n.d.,33712.259999999995,n.d.,33712.259999999995,n.d.,40509.98,24411.13,37804.44,n.d.,29897.86,2705.54,5486.73,138325.29,217954.58,217954.58,201517.56,OCINE VIA SABA SL._resum
2004,n.d.,n.d.,172363.99,12020.0,60474.8,n.d.,n.d.,6061.0,8955.9,74928.65000000001,83884.549,n.d.,6061.0,154344.46,129535.47,880.3399999999999,n.d.,n.d.,324980.33,27740.95,324980.33,5087,124.54,58785.880000000005,2612.7,56173.18,6987.3,5.0,n.d.,0,166302.99,142324.46,n.d.,n.d.,76805.40999999999,n.d.,76805.40999999999,n.d.,75053.19,47312.24,74928.65000000001,n.d.,51518.9,124.54,4206.660000000001,166302.99,231149.87,231149.87,217751.22,OCINE VIA SABA SL._resum
2003,n.d.,n.d.,103902.02,12020.0,51835.54,n.d.,n.d.,8123.2,5201.88,72468.2,77670.08,n.d.,8123.2,102825.56,162954.61000000002,705.3599999999999,62.27,62.27,314478.0,25110.43,314511.91000000003,n.d.,43.52,41110.52,978.3,39426.83,1663.25,6.0,n.d.,705.389,95778.82,90805.56,n.d.,n.d.,42186.98,n.d.,42186.98,n.d.,72449.45,47339.02,72468.2,n.d.,46633.66,-18.75,-705.3599999999999,95778.82,145012.54,145012.54,239962.849,OCINE VIA SABA SL._resum
2002,n.d.,n.d.,60837.94,12020.0,22188.1,n.d.,n.d.,60001.73,3871.87,28323.57,32195.44,n.d.,60001.73,56191.9,144798.67,2097.07,1166.45,1166.45,238452.05,7190.05,238628.879,441.57,4.659999999999999,26664.24,1743.9,24214.95,527.04,6.0,n.d.,705.389,836.2090000000001,44171.9,n.d.,n.d.,31310.28,n.d.,31310.28,n.d.,27161.78,19971.73,28323.57,n.d.,18316.23,-1161.79,-1655.5,836.21,87502.18000000001,87502.18000000001,175343.27000000002,OCINE VIA SABA SL._resum
2001,n.d.,n.d.,39107.74,12020.0,-3280.469,n.d.,n.d.,34350.46,2043.43,-9278.02,-7234.59,n.d.,34350.46,37875.67,127258.28,144.86,8.709999999999999,8.709999999999999,179822.81999999998,n.d.,179822.81999999998,3139.72,967.97,9873.95,19.53,9149.03,337.98,5.0,n.d.,705.389,4757.279,25855.67,n.d.,n.d.,11106.02,n.d.,11106.02,n.d.,-8318.76,-8318.76,-9278.02,n.d.,-5323.9,959.26,2994.8590000000004,4757.28,48981.69,48981.69,123986.52,OCINE VIA SABA SL._resum
2000,n.d.,n.d.,71734.17000000001,12020.240000000002,31587.99,n.d.,n.d.,38880.84,2243.25,44943.19,47186.44,n.d.,38880.84,43199.57,142479.11000000002,n.d.,n.d.,n.d.,246692.66,15625.849999999999,246692.66,n.d.,27.41,6410.5,86.16,6324.35,289.85,5.0,n.d.,-0.01,32853.33,31179.33,n.d.,n.d.,34945.1,n.d.,34945.1,n.d.,44970.59,29344.739,44943.19,n.d.,29344.74,27.41,n.d.,32853.33,78144.67000000001,78144.67000000001,189692.949,OCINE VIA SABA SL._resum
1999,n.d.,n.d.,21922.42,12020.240000000002,11348.539,n.d.,n.d.,697.1700000000001,1130.07,11203.01,12333.08,n.d.,697.1700000000001,13854.83,65005.69,n.d.,n.d.,n.d.,114012.26,987.8499999999999,114012.26,n.d.,3.32,5145.51,152.78,4992.73,51.09,4.0,n.d.,0,21225.25,1834.59,n.d.,n.d.,13213.09,n.d.,13213.09,n.d.,11206.33,10218.48,11203.01,n.d.,10218.47,3.32,n.d.,21225.24,27067.92,27067.92,77342.08,OCINE VIA SABA SL._resum
