Año,Acreedores a L. P.,Acreedores comerciales,Activo circulante,Capital suscrito,Cash flow,Consumo de mercaderías y de materias,Deudas financieras,Deudores,Dotaciones para amortiz. de inmovil.,EBIT,EBITDA,Existencias,Fondo de maniobra,Fondos propios,Gastos de personal,Gastos extraordinarios,Gastos financieros,Gastos financieros y gastos asimilados,Importe neto Cifra de Ventas,Impuestos sobre sociedades,Ingresos de explotación,Ingresos extraordinarios,Ingresos financieros,Inmovilizado,Inmovilizado inmaterial,Inmovilizado material,Materiales,Número empleados,Otros Conceptos de Explotación,Otros activos fijos,Otros activos líquidos,Otros fondos propios,Otros gastos de explotación,Otros pasivos fijos,Otros pasivos líquidos,Pasivo fijo,Pasivo líquido,Provisiones,Result. ordinarios antes Impuestos,Resultado Actividades Ordinarias,Resultado Explotación,Resultado bruto,Resultado del Ejercicio,Resultado financiero,Resultados actividades extraordinarias,Tesorería,Total activo,Total pasivo y capital propio,Valor agregado,Empresa
2023,536527.319,927235.98,4902700.88,447125.0,119594.53,4516714.38,1963621.8900000001,1382095.58,58590.0,177293.91,235883.91,3353687.25,3808546.85,1139339.75,718737.6699999999,n.d.,103057.92,103057.92,6182151.68,14217.8,6185692.728999999,n.d.,986.34,66947.82,34798.8,28433.59,4595441.02,22.0,-714356.7699999999,3715.43,166918.05,692214.75,1491684.44,3178.8300000000004,399744.93000000005,539706.15,3290602.8,n.d.,75222.33,61004.53,177293.91,1668978.3490000002,61004.53,-102071.58,n.d.,166918.05,4969648.7,4969648.7,955607.92,P T POLIMER TECNIC SL_resum
2022,756050.99,858735.03,5321335.470000001,447125.0,134085.1,5762323.76,2524926.34,1950999.09,92532.72,83377.78,175910.5,3338183.61,4430447.67,824678.43,697130.87,n.d.,47147.67,47147.67,7558367.859999999,9612.09,7575147.33,n.d.,14934.36,102860.5,46227.04,52918.03,5525399.159999999,20.0,-939782.2,3715.43,32152.77,377553.43000000005,1729445.79,3178.8300000000004,456626.35,759229.8200000001,3840287.72,n.d.,51164.47,41552.380000000005,83377.78,1812823.57,41552.380000000005,-32213.309,n.d.,32152.77,5424195.970000001,5424195.970000001,887975.73,P T POLIMER TECNIC SL_resum
2021,887848.3400000001,1859801.6700000002,5792709.13,447125.0,108015.45,5051676.03,1719897.87,1875048.89,64834.14,94489.58,159323.72,3255829.71,3271076.929,788821.2899999999,580956.93,n.d.,41844.61,41844.61,6480523.859999999,10526.96,6480523.859999999,n.d.,1063.3,130949.59,6269.17,120964.99,5499107.5,16.0,-688567.1799999999,3715.43,661830.53,341696.29000000004,1334358.25,3178.8300000000004,664110.72,891027.1699999999,4243810.26,n.d.,53708.27,43181.310000000005,94489.58,1428847.83,43181.310000000005,-40781.310000000005,n.d.,661830.53,5923658.72,5923658.72,741343.9500000001,P T POLIMER TECNIC SL_resum
2020,1335852.62,986558.09,5664246.83,447125.0,285360.829,7950931.58,1646762.96,2966656.51,123931.25,242808.75,366740.0,2587431.11,4567529.528999999,1002342.2,594389.4,n.d.,44126.19,30708.41,9736244.49,37252.98,9736244.49,n.d.,0.0,180654.89,21122.14,156383.71000000002,8880498.38,17.0,-824183.51,3149.04,110159.21,555217.2,1542504.1600000001,0,873385.8500000001,1335852.62,3506706.9,n.d.,198682.56,161429.58,242808.75,1785312.91,161429.58,-44126.19,n.d.,110159.21,5844901.72,5844901.72,947711.62,P T POLIMER TECNIC SL_resum
2019,545155.56,1098242.6900000002,3854078.8,447125.0,192713.83,4317324.659999999,769207.8500000001,2081928.49,99387.0,126342.85,225729.85,1657864.31,2641550.11,840912.62,605065.08,n.d.,19657.78,19621.63,5699933.01,13358.240000000002,5699933.01,n.d.,0.0,153771.87,22495.420000000002,128127.41,4310396.92,22.0,-551813.419,3149.04,114286.0,393787.62,1256265.5,0,754331.9500000001,545155.56,2621782.49,n.d.,106685.07,93326.83,126342.85,1382608.3490000002,93326.83,-19657.78,n.d.,103168.6,4007850.67,4007850.67,830758.7789999999,P T POLIMER TECNIC SL_resum
2018,601063.63,1071844.05,3754753.78,447125.0,154089.88999999998,4436479.21,731446.4500000001,1970709.17,93305.64,46895.47,140201.11000000002,1664792.05,2563657.17,747585.7899999999,632257.89,n.d.,15113.29,15113.29,5699427.819999999,-28375.86,5699427.819999999,n.d.,626.21,208043.08,23868.7,181025.34,4711341.88,18.0,-490489.61,3149.04,119252.56,300460.79000000004,1216053.1400000001,0,810856.9400000001,601063.63,2614147.44,n.d.,32408.39,60784.25,46895.47,1262948.61,60784.25,-14487.08,n.d.,119252.56,3962796.86,3962796.86,773085.21,P T POLIMER TECNIC SL_resum
2017,539656.37,974500.37,3458183.07,447125.0,193721.267,4440674.7,737001.39,1881871.99,92498.91,97809.89,190308.8,1389929.38,2297301.0,687176.54,618042.8600000001,n.d.,13170.97,13170.97,5784410.03,-16583.437,5791178.03,n.d.,0.0,288373.61,24569.74,260654.83,4851358.649999999,22.0,-542151.6699999999,3149.04,186381.7,240051.539,1252693.44,0,808222.01,539656.37,2519723.77,n.d.,84638.92,101222.358,97809.89,1350503.33,101222.358,-13170.97,n.d.,186381.7,3746556.68,3746556.68,808351.66,P T POLIMER TECNIC SL_resum
2016,540276.3,1008960.25,2696699.05,447125.0,168853.68,3645775.88,130514.68000000001,1566597.54,96019.53,82370.34,178389.87,979245.43,1536882.72,585954.1799999999,501651.2,n.d.,10147.19,10147.19,4948007.03,n.d.,4954775.03,n.d.,611.0,209292.26,25219.08,180924.14,3638686.73,15.0,-628958.08,3149.04,150856.08,138829.18,1226628.81,0,640285.9,540276.3,1779760.83,n.d.,72834.15000000001,72834.15000000001,82370.34,1308999.1500000001,72834.15000000001,-9536.19,n.d.,150856.08,2905991.31,2905991.31,680652.07,P T POLIMER TECNIC SL_resum
2015,581599.1,759153.8,2754222.11,447125.0,150537.43,3479336.8099999996,168920.789,1564907.74,93682.56,70893.42,164575.979,986334.58,1792088.519,513120.03,419145.15,n.d.,22372.960000000003,22372.960000000003,4468992.8,n.d.,4476195.930000001,n.d.,8334.41,241373.81,21865.760000000002,217800.01,3564391.68,13.0,-413137.99000000005,1708.04,202979.79,65995.02900000001,925965.7,0,972802.2,581599.1,1900876.79,n.d.,56854.87,56854.87,70893.42,996859.119,56854.87,-14038.55,n.d.,202979.79,2995595.92,2995595.92,592055.54,P T POLIMER TECNIC SL_resum
2014,495852.4,1133753.09,2727098.67,447125.0,152647.229,3722578.8499999996,167394.96,1684534.08,93682.56,86702.22,180384.78,901279.71,1452060.7,456265.16,360961.29,n.d.,33557.09,33557.09,4718875.970000001,n.d.,4756354.04,n.d.,5819.54,317093.31,22242.440000000002,293142.83,3763393.14,12.0,-492429.12,1708.04,141284.87999999998,9140.159,947072.97,0,790926.37,495852.4,2092074.42,n.d.,58964.67,58964.67,86702.22,1033775.19,58964.67,-27737.549,n.d.,141284.87999999998,3044191.98,3044191.98,547165.61,P T POLIMER TECNIC SL_resum
2013,673611.53,764197.49,2240033.86,447125.0,218677.93,2740246.14,76294.48,1176548.85,93682.56,151682.91,245365.47,860465.42,1272816.78,397300.4900000001,312090.17,n.d.,26747.47,26747.47,3611921.76,n.d.,3616233.76,n.d.,59.93,408245.61,22619.12,383918.45,2789764.33,12.0,-318531.98000000004,1708.04,203019.59,-49824.51,724304.71,0,736875.48,673611.53,1577367.45,n.d.,124995.37,124995.37,151682.91,875987.619,124995.37,-26687.54,n.d.,173019.59,2648279.47,2648279.47,557515.57,P T POLIMER TECNIC SL_resum
2012,643687.53,798568.93,1820011.3,447125.0,98024.83,2951170.96,83498.67000000001,842781.19,93682.56,44953.32,138635.87999999998,811847.23,856059.489,272305.11,339707.35,n.d.,41179.23,41179.23,3990060.62,n.d.,3992676.97,n.d.,568.1800000000001,467986.1,22995.8,443282.26,2574142.49,12.0,-563162.7789999999,1708.04,165382.87999999998,-174819.88999999998,996552.6889999999,0,489937.16,643687.53,1372004.76,n.d.,4342.27,4342.27,44953.32,1041506.009,4342.27,-40611.05,n.d.,135282.87999999998,2287997.4,2287997.4,478911.41,P T POLIMER TECNIC SL_resum
2011,177211.46,1314095.95,2132926.14,447125.0,-243922.52,5528089.92,481975.44,820139.9,93682.48,-270756.66,-177074.18,1188275.7,694319.65,267962.84,622669.75,n.d.,66906.88,66906.88,6808794.34,n.d.,6823895.479,n.d.,58.54,571910.25,20492.480000000003,549709.73,5505187.37,27.0,-850209.989,1708.04,124510.54,-179162.16,1566562.22,0,463590.699,177211.46,2259662.09,n.d.,-337605.0,-337605.0,-270756.66,1295805.5590000001,-337605.0,-66848.34,n.d.,94510.54,2704836.39,2704836.39,445654.11,P T POLIMER TECNIC SL_resum
2010,39361.12,2106646.63,3191869.66,52500.0,102241.17,5328777.37,944822.52,1958460.82,93682.49,101946.48,195628.97,1210878.25,1062692.44,605567.8400000001,701541.4600000001,n.d.,89750.43,78708.1,6767471.02,3668,6784369.739,n.d.,30.630000000000003,609216.2699999999,20501.920000000002,587006.31,5173686.54,22.0,-558421.9400000001,1708.04,22530.59,553067.8400000001,1353645.8900000001,0,104687.819,39361.12,3156156.97,n.d.,12226.68,8558.68,101946.48,1455592.3690000002,8558.68,-89719.8,n.d.,22530.59,3801085.93,3801085.93,886158.73,P T POLIMER TECNIC SL_resum
2009,387919.5,1856544.24,2877708.34,52500.0,96518.79,4229051.649999999,488611.82,1847522.39,79067.93,91591.47,170659.4,969863.62,960841.769,541004.1,735444.43,n.d.,67793.65000000001,67793.65000000001,5753021.2,7367.64,5785665.2,n.d.,1020.68,483429.7,20878.59,460843.07,4229051.649999999,28.0,-650509.72,1708.04,60322.33,488504.1,1465022.08,0,87058.38,387919.5,2432214.44,n.d.,24818.5,17450.86,91591.47,1556613.549,17450.86,-66772.97,n.d.,60322.33,3361138.04,3361138.04,907124.51,P T POLIMER TECNIC SL_resum
2008,269271.47000000003,1484042.49,2628695.13,52500.0,98415.699,5284326.430000001,631033.6,1484675.6700000002,75245.93,107951.45,183197.38,1100299.6,1100932.78,523553.24,878694.98,n.d.,75416.52,74028.08,6924770.39,9668.9,6963482.898999999,n.d.,303.74,471775.78,21205.35,448862.39,5454561.57,29.0,-617264.11,1708.04,43719.86,471053.24,1571205.019,0,192570.11,269271.47000000003,2307646.2,n.d.,32838.67,23169.769,107951.45,1679156.469,23169.769,-75112.78,n.d.,43719.86,3100470.91,3100470.91,1060807.66,P T POLIMER TECNIC SL_resum
2007,389394.68,n.d.,3362311.429,52500.0,88058.92,n.d.,n.d.,2284800.84,60121.54,108511.37,168632.91,930064.46,3214865.3,500383.47,769947.1699999999,3350.3,75314.55,66992.14,7809500.84,12895.740000000002,7876291.430000001,n.d.,10986.6,537303.92,451354.76,84241.12000000001,6193562.55,28.0,n.d.,1708.04,147446.129,447883.47,n.d.,n.d.,3009837.2,389394.68,3009837.2,n.d.,44183.42,31287.68,108511.37,n.d.,27937.38,-64327.95,-3350.3,117181.87,3899615.35,3899615.35,937893.97,P T POLIMER TECNIC SL_resum
2006,467380.12,n.d.,3156582.83,52500.36,49504.310000000005,n.d.,n.d.,1415245.64,43042.15,70871.83,113913.98,1244673.79,2659919.429,472446.09,763806.04,92.96000000000001,68842.17000000001,55151.68,6316834.24,3372.86,6349369.659999999,n.d.,7898.320000000001,568907.26,490367.13999999996,76832.08,4845255.69,30.0,n.d.,1708.039,496663.4,419945.73,n.d.,n.d.,2785663.88,467380.12,2785663.88,n.d.,9927.98,6555.119000000001,70871.83,n.d.,6462.160000000001,-60943.850000000006,-92.96000000000001,470873.19,3725490.09,3725490.09,871834.89,P T POLIMER TECNIC SL_resum
2005,299932.48000000004,n.d.,3126933.94,52500.36,46893.128,n.d.,n.d.,2109320.6,16482.848,92718.5,109201.348,904688.68,3014009.2800000003,465983.93000000005,699545.53,n.d.,51721.619,36882.71,6398418.05,12961.88,6423725.54,n.d.,2375.28,341136.89,284640.37,54788.48,4912798.72,28.0,n.d.,1708.04,112924.659,413483.57,n.d.,n.d.,2702154.42,299932.48000000004,2702154.42,n.d.,43372.16,30410.28,92718.5,n.d.,30410.28,-49346.34,n.d.,97466.52,3468070.83,3468070.83,796283.248,P T POLIMER TECNIC SL_resum
2004,335116.65,n.d.,2214295.98,52500.36,59684.1,n.d.,n.d.,1669411.41,1651.77,122863.1,124514.87,477543.48,2146954.889,435573.65,346199.12,n.d.,39618.89,33843.91,5183421.649999999,29234.99,5183421.649999999,1171.6799999999998,2851.4300000000003,310924.46,267942.09,41274.33,4171123.81,23.0,n.d.,1708.039,67341.09,383073.29,n.d.,n.d.,1754530.14,335116.65,1754530.14,n.d.,86095.64,56860.649,122863.1,n.d.,58032.33,-36767.46,1171.6799999999998,46116.39,2525220.44,2525220.44,468962.12,P T POLIMER TECNIC SL_resum
2003,143774.81999999998,n.d.,2138149.459,52500.36,52387.74,n.d.,n.d.,1368742.01,2553.7,105987.31,108541.01,589718.6699999999,1958460.68,377541.32,303666.03,1.7100000000000002,40308.749,31927.79,3989416.01,21587.960000000003,3989416.01,n.d.,5745.150000000001,252625.16,45203.119999999995,205714.0,3222642.1,14.0,n.d.,1708.04,179688.779,325040.96,n.d.,n.d.,1869458.48,143774.81999999998,1869458.48,n.d.,71423.70999999999,49835.75,105987.31,n.d.,49834.04,-34563.6,-1.7100000000000002,178519.6,2390774.62,2390774.62,409569.52,P T POLIMER TECNIC SL_resum
2002,183494.63,n.d.,1785495.24,52500.36,93446.85,n.d.,n.d.,951138.93,10614.75,157774.24000000002,168388.99,641911.72,1593050.65,327707.28,224578.32,n.d.,40414.6,40414.6,2853337.55,37667.15,2853761.27,n.d.,3139.61,61346.54,49354.5,10284.0,2164794.69,11.0,n.d.,1708.04,192444.589,275206.92000000004,n.d.,n.d.,1335639.87,183494.63,1335639.87,n.d.,120499.25,82832.1,157774.24000000002,n.d.,82832.1,-37274.99,n.d.,187737.2,1846841.78,1846841.78,396106.92,P T POLIMER TECNIC SL_resum
2001,25491.66,n.d.,1260716.96,52500.36,72742.67000000001,n.d.,n.d.,791648.7,3200.11,129382.53,132582.639,349889.28,1141537.98,244875.18,136030.22,n.d.,22576.15,22576.15,2150665.56,37446,2151089.27,n.d.,182.18,11530.29,n.d.,10087.86,1709268.95,7.0,n.d.,1442.43,119178.979,192374.82,n.d.,n.d.,1001880.41,25491.66,1001880.41,n.d.,106988.56,69542.56,129382.53,n.d.,69542.56,-22393.97,n.d.,119178.98,1272247.25,1272247.25,268795.04,P T POLIMER TECNIC SL_resum
2000,97640.08,n.d.,1001077.86,18030.36,57545.7,n.d.,n.d.,674885.49,3860.34,94925.71,98786.05,291083.73000000004,965969.22,140862.64,78044.29,n.d.,18992.37,18992.37,1537542.32,28907.5,1537542.32,n.d.,6659.52,14730.39,n.d.,13287.96,1253925.6700000002,3.0,n.d.,1442.43,35108.64,122832.28,n.d.,n.d.,777305.54,97640.08,777305.54,n.d.,82592.87000000001,53685.369,94925.71,n.d.,53685.36,-12332.85,n.d.,35108.63,1015808.25,1015808.25,183489.86,P T POLIMER TECNIC SL_resum
1999,37538.87,n.d.,636779.93,18030.36,52150.11,n.d.,n.d.,361635.46,3214.62,83367.77,86582.39,162488.05,524123.51,87177.27,51499.4,n.d.,8522.178,8246.057999999999,903556.16,26349.88,903999.68,n.d.,439.789,18590.73,660.24,16488.07,672894.15,2.0,n.d.,1442.419,112656.42,69146.90999999999,n.d.,n.d.,530654.53,37538.87,530654.53,n.d.,75285.37000000001,48935.489,83367.77,n.d.,48935.49,-8082.39,n.d.,112656.43,655370.6699999999,655370.6699999999,138245.447,P T POLIMER TECNIC SL_resum
